# first_value: 1635
# Instance: eil51.tsp
# Method: random-search
# output: time cost
0 1635
1 0.000000 1635
2 0.000000 1635
3 0.000000 1570
4 0.000000 1570
5 0.000000 1570
6 0.000000 1570
7 0.000000 1529
8 0.000000 1529
9 0.000000 1529
10 0.000000 1529
11 0.000000 1529
12 0.000000 1529
13 0.000000 1529
14 0.000000 1529
15 0.000000 1529
16 0.000000 1529
17 0.000000 1529
18 0.000000 1529
19 0.000000 1529
20 0.000000 1529
21 0.000000 1529
22 0.000000 1529
23 0.000000 1529
24 0.000000 1529
25 0.000000 1529
26 0.000000 1529
27 0.000000 1529
28 0.000000 1435
29 0.000000 1435
30 0.000000 1435
31 0.000000 1435
32 0.000000 1435
33 0.000000 1435
34 0.000000 1435
35 0.000000 1435
36 0.000000 1435
37 0.000000 1435
38 0.000000 1435
39 0.000000 1435
40 0.000000 1435
41 0.000000 1435
42 0.000000 1435
43 0.000000 1435
44 0.000000 1435
45 0.000000 1435
46 0.000000 1435
47 0.000000 1435
48 0.000000 1435
49 0.000000 1435
50 0.000000 1435
51 0.000000 1435
52 0.000000 1435
53 0.000000 1435
54 0.000000 1435
55 0.000000 1435
56 0.000000 1435
57 0.000000 1435
58 0.000000 1435
59 0.000000 1421
60 0.000000 1421
61 0.000000 1421
62 0.000000 1421
63 0.000000 1421
64 0.000000 1421
65 0.000000 1421
66 0.000000 1421
67 0.000000 1421
68 0.000000 1421
69 0.000000 1421
70 0.000000 1421
71 0.000000 1421
72 0.000000 1421
73 0.000000 1421
74 0.000000 1421
75 0.000000 1421
76 0.000000 1421
77 0.000000 1421
78 0.000000 1421
79 0.000000 1421
80 0.000000 1421
81 0.000000 1421
82 0.000000 1421
83 0.000000 1421
84 0.000000 1421
85 0.000000 1421
86 0.000000 1421
87 0.000000 1421
88 0.000000 1421
89 0.000000 1421
90 0.000000 1421
91 0.000000 1421
92 0.000000 1421
93 0.000000 1421
94 0.000000 1421
95 0.000000 1421
96 0.000000 1421
97 0.000000 1421
98 0.000000 1421
99 0.000000 1421
100 0.000000 1421
101 0.000000 1421
102 0.000000 1421
103 0.000000 1421
104 0.000000 1421
105 0.000000 1421
106 0.000000 1421
107 0.000000 1421
108 0.000000 1421
109 0.000000 1421
110 0.000000 1421
111 0.000000 1421
112 0.000000 1421
113 0.000000 1421
114 0.000000 1421
115 0.000000 1421
116 0.000000 1421
117 0.000000 1421
118 0.000000 1421
119 0.000000 1421
120 0.000000 1421
121 0.000000 1421
122 0.000000 1421
123 0.000000 1421
124 0.000000 1421
125 0.000000 1421
126 0.000000 1421
127 0.000000 1421
128 0.000000 1421
129 0.000000 1421
130 0.000000 1421
131 0.000000 1421
132 0.000000 1421
133 0.000000 1421
134 0.000000 1421
135 0.000000 1421
136 0.000000 1421
137 0.000000 1421
138 0.000000 1421
139 0.000000 1421
140 0.000000 1421
141 0.000000 1421
142 0.000000 1421
143 0.000000 1421
144 0.000000 1421
145 0.000000 1421
146 0.000000 1421
147 0.000000 1421
148 0.000000 1421
149 0.000000 1421
150 0.000000 1421
151 0.000000 1421
152 0.000000 1421
153 0.000000 1421
154 0.000000 1421
155 0.000000 1421
156 0.000000 1421
157 0.000000 1421
158 0.000000 1421
159 0.000000 1421
160 0.000000 1421
161 0.000000 1421
162 0.000000 1421
163 0.000000 1421
164 0.000000 1421
165 0.000000 1421
166 0.000000 1421
167 0.000000 1421
168 0.000000 1421
169 0.000000 1421
170 0.000000 1421
171 0.000000 1421
172 0.000000 1421
173 0.000000 1421
174 0.000000 1421
175 0.000000 1421
176 0.000000 1421
177 0.000000 1421
178 0.000000 1421
179 0.000000 1421
180 0.000000 1421
181 0.000000 1421
182 0.000000 1421
183 0.000000 1421
184 0.000000 1421
185 0.000000 1421
186 0.000000 1421
187 0.000000 1421
188 0.000000 1421
189 0.000000 1421
190 0.000000 1421
191 0.000000 1421
192 0.000000 1421
193 0.000000 1421
194 0.000000 1421
195 0.000000 1421
196 0.000000 1421
197 0.000000 1421
198 0.000000 1421
199 0.000000 1421
200 0.000000 1421
201 0.000000 1421
202 0.000000 1421
203 0.000000 1421
204 0.000000 1421
205 0.000000 1421
206 0.000000 1421
207 0.000000 1421
208 0.000000 1421
209 0.000000 1421
210 0.000000 1421
211 0.000000 1421
212 0.000000 1421
213 0.000000 1421
214 0.000000 1421
215 0.000000 1421
216 0.000000 1421
217 0.000000 1421
218 0.000000 1421
219 0.000000 1421
220 0.000000 1421
221 0.000000 1421
222 0.000000 1421
223 0.000000 1421
224 0.000000 1421
225 0.000000 1421
226 0.000000 1421
227 0.000000 1421
228 0.000000 1421
229 0.000000 1421
230 0.000000 1421
231 0.000000 1421
232 0.000000 1421
233 0.000000 1421
234 0.000000 1421
235 0.000000 1421
236 0.000000 1421
237 0.000000 1421
238 0.000000 1421
239 0.000000 1421
240 0.000000 1421
241 0.000000 1421
242 0.000000 1421
243 0.000000 1421
244 0.000000 1421
245 0.000000 1421
246 0.000000 1421
247 0.000000 1421
248 0.000000 1421
249 0.000000 1421
250 0.000000 1421
251 0.000000 1421
252 0.000000 1421
253 0.000000 1421
254 0.000000 1421
255 0.000000 1421
256 0.000000 1421
257 0.000000 1421
258 0.000000 1421
259 0.000000 1421
260 0.000000 1421
261 0.000000 1421
262 0.000000 1421
263 0.000000 1421
264 0.000000 1421
265 0.000000 1421
266 0.000000 1421
267 0.000000 1421
268 0.000000 1421
269 0.000000 1421
270 0.000000 1421
271 0.000000 1421
272 0.000000 1421
273 0.000000 1421
274 0.000000 1421
275 0.000000 1421
276 0.000000 1421
277 0.000000 1421
278 0.000000 1421
279 0.000000 1421
280 0.000000 1421
281 0.000000 1421
282 0.000000 1421
283 0.000000 1421
284 0.000000 1421
285 0.000000 1421
286 0.000000 1421
287 0.000000 1421
288 0.000000 1421
289 0.000000 1421
290 0.000000 1421
291 0.000000 1421
292 0.000000 1421
293 0.000000 1421
294 0.000000 1421
295 0.000000 1421
296 0.000000 1421
297 0.000000 1421
298 0.000000 1421
299 0.000000 1421
300 0.000000 1421
301 0.000000 1421
302 0.000000 1421
303 0.000000 1421
304 0.000000 1421
305 0.000000 1421
306 0.000000 1421
307 0.000000 1421
308 0.000000 1421
309 0.000000 1421
310 0.000000 1421
311 0.000000 1421
312 0.000000 1421
313 0.000000 1421
314 0.000000 1421
315 0.000000 1421
316 0.000000 1421
317 0.000000 1421
318 0.000000 1421
319 0.000000 1421
320 0.000000 1421
321 0.000000 1421
322 0.000000 1421
323 0.000000 1421
324 0.000000 1421
325 0.000000 1421
326 0.000000 1421
327 0.000000 1390
328 0.000000 1390
329 0.000000 1390
330 0.000000 1390
331 0.000000 1390
332 0.000000 1390
333 0.000000 1390
334 0.000000 1390
335 0.000000 1390
336 0.000000 1390
337 0.000000 1390
338 0.000000 1390
339 0.000000 1390
340 0.000000 1390
341 0.000000 1390
342 0.000000 1390
343 0.000000 1390
344 0.000000 1390
345 0.000000 1390
346 0.000000 1390
347 0.000000 1390
348 0.000000 1390
349 0.000000 1390
350 0.000000 1390
351 0.000000 1390
352 0.000000 1390
353 0.000000 1390
354 0.000000 1390
355 0.000000 1390
356 0.000000 1390
357 0.000000 1390
358 0.000000 1390
359 0.000000 1390
360 0.000000 1390
361 0.000000 1390
362 0.000000 1390
363 0.000000 1390
364 0.000000 1390
365 0.000000 1390
366 0.000000 1390
367 0.000000 1390
368 0.000000 1390
369 0.000000 1390
370 0.000000 1390
371 0.000000 1390
372 0.000000 1390
373 0.000000 1390
374 0.000000 1390
375 0.000000 1390
376 0.000000 1390
377 0.000000 1371
378 0.000000 1371
379 0.000000 1371
380 0.000000 1371
381 0.000000 1371
382 0.000000 1371
383 0.000000 1371
384 0.000000 1371
385 0.000000 1371
386 0.000000 1371
387 0.000000 1371
388 0.000000 1371
389 0.000000 1371
390 0.000000 1371
391 0.000000 1371
392 0.000000 1371
393 0.000000 1371
394 0.000000 1371
395 0.000000 1371
396 0.000000 1371
397 0.000000 1371
398 0.000000 1371
399 0.000000 1371
400 0.000000 1371
401 0.000000 1371
402 0.000000 1371
403 0.000000 1371
404 0.000000 1371
405 0.000000 1371
406 0.000000 1371
407 0.000000 1371
408 0.000000 1371
409 0.000000 1371
410 0.000000 1371
411 0.000000 1371
412 0.000000 1371
413 0.000000 1371
414 0.000000 1371
415 0.000000 1371
416 0.000000 1371
417 0.000000 1371
418 0.000000 1371
419 0.000000 1371
420 0.000000 1371
421 0.000000 1371
422 0.000000 1371
423 0.000000 1371
424 0.000000 1371
425 0.000000 1371
426 0.000000 1371
427 0.000000 1371
428 0.000000 1371
429 0.000000 1371
430 0.000000 1371
431 0.000000 1371
432 0.000000 1371
433 0.000000 1371
434 0.000000 1371
435 0.000000 1371
436 0.000000 1371
437 0.000000 1371
438 0.000000 1371
439 0.000000 1371
440 0.000000 1371
441 0.000000 1371
442 0.000000 1371
443 0.000000 1371
444 0.000000 1371
445 0.000000 1371
446 0.000000 1371
447 0.000000 1371
448 0.000000 1371
449 0.000000 1371
450 0.000000 1371
451 0.000000 1371
452 0.000000 1371
453 0.000000 1371
454 0.000000 1371
455 0.000000 1371
456 0.000000 1371
457 0.000000 1371
458 0.000000 1371
459 0.000000 1371
460 0.000000 1371
461 0.000000 1371
462 0.000000 1371
463 0.000000 1371
464 0.000000 1371
465 0.000000 1371
466 0.000000 1371
467 0.000000 1371
468 0.000000 1371
469 0.000000 1371
470 0.000000 1371
471 0.000000 1371
472 0.000000 1371
473 0.000000 1371
474 0.000000 1371
475 0.000000 1371
476 0.000000 1371
477 0.000000 1371
478 0.000000 1371
479 0.000000 1371
480 0.000000 1371
481 0.000000 1371
482 0.000000 1371
483 0.000000 1371
484 0.000000 1371
485 0.000000 1371
486 0.000000 1371
487 0.000000 1371
488 0.000000 1371
489 0.000000 1371
490 0.000000 1371
491 0.000000 1371
492 0.000000 1371
493 0.000000 1371
494 0.000000 1371
495 0.000000 1371
496 0.000000 1371
497 0.000000 1371
498 0.000000 1371
499 0.000000 1371
500 0.000000 1371
501 0.000000 1371
502 0.000000 1371
503 0.000000 1371
504 0.000000 1371
505 0.000000 1371
506 0.000000 1371
507 0.000000 1371
508 0.000000 1371
509 0.000000 1371
510 0.000000 1371
511 0.000000 1371
512 0.000000 1371
513 0.000000 1371
514 0.000000 1371
515 0.000000 1371
516 0.000000 1371
517 0.000000 1371
518 0.000000 1371
519 0.000000 1371
520 0.000000 1371
521 0.000000 1371
522 0.000000 1371
523 0.000000 1371
524 0.000000 1371
525 0.000000 1371
526 0.000000 1371
527 0.000000 1371
528 0.000000 1371
529 0.000000 1371
530 0.000000 1371
531 0.000000 1371
532 0.000000 1371
533 0.000000 1371
534 0.000000 1371
535 0.000000 1371
536 0.000000 1371
537 0.000000 1371
538 0.000000 1371
539 0.000000 1371
540 0.000000 1371
541 0.000000 1371
542 0.000000 1371
543 0.000000 1371
544 0.000000 1371
545 0.000000 1371
546 0.000000 1371
547 0.000000 1371
548 0.000000 1371
549 0.000000 1371
550 0.000000 1371
551 0.000000 1371
552 0.000000 1371
553 0.000000 1371
554 0.000000 1371
555 0.000000 1371
556 0.000000 1371
557 0.000000 1371
558 0.000000 1371
559 0.000000 1371
560 0.000000 1371
561 0.000000 1371
562 0.000000 1371
563 0.000000 1371
564 0.000000 1371
565 0.000000 1371
566 0.000000 1371
567 0.000000 1371
568 0.000000 1371
569 0.000000 1371
570 0.000000 1371
571 0.000000 1371
572 0.000000 1371
573 0.000000 1371
574 0.000000 1371
575 0.000000 1371
576 0.000000 1371
577 0.000000 1371
578 0.000000 1371
579 0.000000 1371
580 0.000000 1371
581 0.000000 1371
582 0.000000 1371
583 0.000000 1371
584 0.000000 1371
585 0.000000 1371
586 0.000000 1371
587 0.000000 1371
588 0.000000 1371
589 0.000000 1371
590 0.000000 1371
591 0.000000 1371
592 0.000000 1371
593 0.000000 1371
594 0.000000 1371
595 0.000000 1371
596 0.000000 1371
597 0.000000 1371
598 0.000000 1371
599 0.000000 1371
600 0.000000 1371
601 0.000000 1371
602 0.000000 1371
603 0.000000 1371
604 0.000000 1371
605 0.000000 1371
606 0.000000 1371
607 0.000000 1371
608 0.000000 1371
609 0.000000 1371
610 0.000000 1371
611 0.000000 1371
612 0.000000 1371
613 0.000000 1371
614 0.000000 1371
615 0.000000 1371
616 0.000000 1371
617 0.000000 1371
618 0.000000 1371
619 0.000000 1371
620 0.000000 1371
621 0.000000 1371
622 0.000000 1371
623 0.000000 1371
624 0.000000 1371
625 0.000000 1371
626 0.000000 1371
627 0.000000 1371
628 0.000000 1371
629 0.000000 1371
630 0.000000 1371
631 0.000000 1371
632 0.000000 1371
633 0.000000 1371
634 0.000000 1371
635 0.000000 1371
636 0.000000 1371
637 0.000000 1371
638 0.000000 1371
639 0.000000 1371
640 0.000000 1371
641 0.000000 1371
642 0.000000 1371
643 0.000000 1371
644 0.000000 1371
645 0.000000 1371
646 0.000000 1371
647 0.000000 1371
648 0.000000 1371
649 0.000000 1371
650 0.000000 1371
651 0.000000 1371
652 0.000000 1371
653 0.000000 1371
654 0.000000 1371
655 0.000000 1371
656 0.000000 1371
657 0.000000 1371
658 0.000000 1371
659 0.000000 1371
660 0.000000 1371
661 0.000000 1371
662 0.000000 1371
663 0.000000 1371
664 0.000000 1371
665 0.000000 1371
666 0.000000 1371
667 0.000000 1371
668 0.000000 1371
669 0.000000 1371
670 0.000000 1371
671 0.000000 1371
672 0.000000 1371
673 0.000000 1371
674 0.000000 1371
675 0.000000 1371
676 0.000000 1371
677 0.000000 1371
678 0.000000 1371
679 0.000000 1371
680 0.000000 1371
681 0.000000 1371
682 0.000000 1371
683 0.000000 1371
684 0.000000 1371
685 0.000000 1371
686 0.000000 1371
687 0.000000 1371
688 0.000000 1371
689 0.000000 1371
690 0.000000 1371
691 0.000000 1371
692 0.000000 1371
693 0.000000 1371
694 0.000000 1371
695 0.000000 1371
696 0.000000 1371
697 0.000000 1371
698 0.000000 1371
699 0.000000 1371
700 0.000000 1371
701 0.000000 1371
702 0.000000 1371
703 0.000000 1371
704 0.000000 1371
705 0.000000 1371
706 0.000000 1371
707 0.000000 1371
708 0.000000 1371
709 0.000000 1371
710 0.000000 1371
711 0.000000 1371
712 0.000000 1371
713 0.000000 1371
714 0.000000 1371
715 0.000000 1371
716 0.000000 1371
717 0.000000 1371
718 0.000000 1371
719 0.000000 1371
720 0.000000 1371
721 0.000000 1371
722 0.000000 1371
723 0.000000 1371
724 0.000000 1371
725 0.000000 1371
726 0.000000 1371
727 0.000000 1371
728 0.000000 1371
729 0.000000 1371
730 0.000000 1371
731 0.000000 1371
732 0.000000 1371
733 0.000000 1371
734 0.000000 1371
735 0.000000 1371
736 0.000000 1371
737 0.000000 1371
738 0.000000 1371
739 0.000000 1371
740 0.000000 1371
741 0.000000 1371
742 0.000000 1371
743 0.000000 1371
744 0.000000 1371
745 0.000000 1371
746 0.000000 1371
747 0.000000 1371
748 0.000000 1371
749 0.000000 1371
750 0.000000 1371
751 0.000000 1371
752 0.000000 1371
753 0.000000 1371
754 0.000000 1371
755 0.000000 1371
756 0.000000 1371
757 0.000000 1371
758 0.000000 1371
759 0.000000 1371
760 0.000000 1371
761 0.000000 1371
762 0.000000 1371
763 0.000000 1371
764 0.000000 1371
765 0.000000 1371
766 0.000000 1371
767 0.000000 1371
768 0.000000 1371
769 0.000000 1371
770 0.000000 1371
771 0.000000 1371
772 0.000000 1371
773 0.000000 1371
774 0.000000 1371
775 0.000000 1371
776 0.000000 1371
777 0.000000 1371
778 0.000000 1371
779 0.000000 1371
780 0.000000 1371
781 0.000000 1371
782 0.000000 1371
783 0.000000 1371
784 0.000000 1371
785 0.000000 1371
786 0.000000 1371
787 0.000000 1371
788 0.000000 1371
789 0.000000 1371
790 0.000000 1371
791 0.000000 1371
792 0.000000 1371
793 0.000000 1371
794 0.000000 1371
795 0.000000 1371
796 0.000000 1371
797 0.000000 1371
798 0.000000 1371
799 0.000000 1371
800 0.000000 1371
801 0.000000 1371
802 0.000000 1371
803 0.000000 1371
804 0.000000 1371
805 0.000000 1371
806 0.000000 1371
807 0.000000 1371
808 0.000000 1371
809 0.000000 1371
810 0.000000 1371
811 0.000000 1371
812 0.000000 1371
813 0.000000 1371
814 0.000000 1371
815 0.000000 1371
816 0.000000 1371
817 0.000000 1371
818 0.000000 1371
819 0.000000 1371
820 0.000000 1371
821 0.000000 1371
822 0.000000 1371
823 0.000000 1371
824 0.000000 1371
825 0.000000 1371
826 0.000000 1371
827 0.000000 1371
828 0.000000 1371
829 0.000000 1371
830 0.000000 1371
831 0.000000 1371
832 0.000000 1371
833 0.000000 1371
834 0.000000 1371
835 0.000000 1371
836 0.000000 1371
837 0.000000 1371
838 0.000000 1371
839 0.000000 1371
840 0.000000 1371
841 0.000000 1371
842 0.000000 1371
843 0.000000 1371
844 0.000000 1371
845 0.000000 1371
846 0.000000 1371
847 0.000000 1371
848 0.000000 1371
849 0.000000 1371
850 0.000000 1371
851 0.000000 1371
852 0.000000 1371
853 0.000000 1371
854 0.000000 1371
855 0.000000 1371
856 0.000000 1371
857 0.000000 1371
858 0.000000 1371
859 0.000000 1371
860 0.000000 1371
861 0.000000 1371
862 0.000000 1371
863 0.000000 1371
864 0.000000 1371
865 0.000000 1371
866 0.000000 1371
867 0.000000 1371
868 0.000000 1371
869 0.000000 1371
870 0.000000 1371
871 0.000000 1371
872 0.000000 1371
873 0.000000 1371
874 0.000000 1371
875 0.000000 1371
876 0.000000 1371
877 0.000000 1371
878 0.000000 1371
879 0.000000 1371
880 0.000000 1371
881 0.000000 1371
882 0.000000 1371
883 0.000000 1371
884 0.000000 1371
885 0.000000 1371
886 0.000000 1371
887 0.000000 1371
888 0.000000 1371
889 0.000000 1371
890 0.000000 1371
891 0.000000 1371
892 0.000000 1371
893 0.000000 1371
894 0.000000 1371
895 0.000000 1371
896 0.000000 1371
897 0.000000 1371
898 0.000000 1371
899 0.000000 1371
900 0.000000 1371
901 0.000000 1371
902 0.000000 1371
903 0.000000 1371
904 0.000000 1371
905 0.000000 1371
906 0.000000 1371
907 0.000000 1371
908 0.000000 1371
909 0.000000 1371
910 0.000000 1371
911 0.000000 1371
912 0.000000 1371
913 0.000000 1371
914 0.000000 1371
915 0.000000 1371
916 0.000000 1371
917 0.000000 1371
918 0.000000 1371
919 0.000000 1371
920 0.000000 1371
921 0.000000 1371
922 0.000000 1371
923 0.000000 1371
924 0.000000 1371
925 0.000000 1371
926 0.000000 1371
927 0.000000 1371
928 0.000000 1371
929 0.000000 1371
930 0.000000 1371
931 0.000000 1371
932 0.000000 1371
933 0.000000 1371
934 0.000000 1371
935 0.000000 1371
936 0.000000 1371
937 0.000000 1371
938 0.000000 1371
939 0.000000 1371
940 0.000000 1371
941 0.000000 1371
942 0.000000 1371
943 0.000000 1371
944 0.000000 1371
945 0.000000 1371
946 0.000000 1371
947 0.000000 1371
948 0.000000 1371
949 0.000000 1371
950 0.000000 1371
951 0.000000 1371
952 0.000000 1371
953 0.000000 1371
954 0.000000 1371
955 0.000000 1371
956 0.000000 1371
957 0.000000 1371
958 0.000000 1371
959 0.000000 1371
960 0.000000 1371
961 0.000000 1371
962 0.000000 1371
963 0.000000 1371
964 0.000000 1371
965 0.000000 1371
966 0.000000 1371
967 0.000000 1371
968 0.000000 1371
969 0.000000 1371
970 0.000000 1371
971 0.000000 1371
972 0.000000 1371
973 0.000000 1371
974 0.000000 1371
975 0.000000 1371
976 0.000000 1371
977 0.000000 1371
978 0.000000 1371
979 0.000000 1371
980 0.000000 1371
981 0.000000 1371
982 0.000000 1371
983 0.000000 1371
984 0.000000 1371
985 0.000000 1371
986 0.000000 1371
987 0.000000 1371
988 0.000000 1371
989 0.000000 1371
990 0.000000 1371
991 0.000000 1371
992 0.000000 1371
993 0.000000 1371
994 0.000000 1371
995 0.000000 1371
996 0.000000 1371
997 0.000000 1371
998 0.000000 1371
999 0.000000 1371
1000 0.000000 1371
# Final Best Cost: 1371
