# first_value: 2320
# Instance: eil76.tsp
# Method: random-search
# output: time cost
0 2320
1 0.000000 2320
2 0.000000 2320
3 0.000000 2320
4 0.000000 2320
5 0.000000 2305
6 0.000000 2305
7 0.000000 2305
8 0.000000 2305
9 0.000000 2305
10 0.000000 2305
11 0.000000 2305
12 0.000000 2305
13 0.000000 2305
14 0.000000 2305
15 0.000000 2305
16 0.000000 2305
17 0.000000 2305
18 0.000000 2266
19 0.000000 2266
20 0.000000 2266
21 0.000000 2266
22 0.000000 2266
23 0.000000 2266
24 0.000000 2266
25 0.000000 2266
26 0.000000 2266
27 0.000000 2266
28 0.000000 2266
29 0.000000 2266
30 0.000000 2266
31 0.000000 2266
32 0.000000 2266
33 0.000000 2266
34 0.000000 2266
35 0.000000 2266
36 0.000000 2266
37 0.000000 2266
38 0.000000 2266
39 0.000000 2266
40 0.000000 2266
41 0.000000 2266
42 0.000000 2266
43 0.000000 2266
44 0.000000 2266
45 0.000000 2266
46 0.000000 2266
47 0.000000 2266
48 0.000000 2266
49 0.000000 2266
50 0.000000 2266
51 0.000000 2266
52 0.000000 2266
53 0.000000 2266
54 0.000000 2266
55 0.000000 2266
56 0.000000 2266
57 0.000000 2266
58 0.000000 2266
59 0.000000 2266
60 0.000000 2266
61 0.000000 2266
62 0.000000 2266
63 0.000000 2266
64 0.000000 2266
65 0.000000 2266
66 0.000000 2266
67 0.000000 2266
68 0.000000 2266
69 0.000000 2266
70 0.000000 2266
71 0.000000 2266
72 0.000000 2266
73 0.000000 2266
74 0.000000 2266
75 0.000000 2266
76 0.000000 2266
77 0.000000 2266
78 0.000000 2266
79 0.000000 2266
80 0.000000 2266
81 0.000000 2266
82 0.000000 2266
83 0.000000 2266
84 0.000000 2266
85 0.000000 2266
86 0.000000 2266
87 0.000000 2266
88 0.000000 2266
89 0.000000 2266
90 0.000000 2266
91 0.000000 2266
92 0.000000 2266
93 0.000000 2266
94 0.000000 2266
95 0.000000 2266
96 0.000000 2266
97 0.000000 2266
98 0.000000 2266
99 0.000000 2266
100 0.000000 2266
101 0.000000 2266
102 0.000000 2266
103 0.000000 2266
104 0.000000 2266
105 0.000000 2266
106 0.000000 2266
107 0.000000 2266
108 0.000000 2266
109 0.000000 2266
110 0.000000 2266
111 0.000000 2266
112 0.000000 2266
113 0.000000 2266
114 0.000000 2266
115 0.000000 2266
116 0.000000 2266
117 0.000000 2266
118 0.000000 2266
119 0.000000 2266
120 0.000000 2266
121 0.000000 2266
122 0.000000 2266
123 0.000000 2266
124 0.000000 2266
125 0.000000 2266
126 0.000000 2266
127 0.000000 2266
128 0.000000 2266
129 0.000000 2266
130 0.000000 2266
131 0.000000 2266
132 0.000000 2266
133 0.000000 2266
134 0.000000 2266
135 0.000000 2266
136 0.000000 2266
137 0.000000 2266
138 0.000000 2266
139 0.000000 2266
140 0.000000 2266
141 0.000000 2266
142 0.000000 2266
143 0.000000 2266
144 0.000000 2266
145 0.000000 2266
146 0.000000 2266
147 0.000000 2266
148 0.000000 2266
149 0.000000 2252
150 0.000000 2252
151 0.000000 2252
152 0.000000 2252
153 0.000000 2252
154 0.000000 2252
155 0.000000 2252
156 0.000000 2252
157 0.000000 2252
158 0.000000 2252
159 0.000000 2252
160 0.000000 2252
161 0.000000 2252
162 0.000000 2252
163 0.000000 2252
164 0.000000 2252
165 0.000000 2252
166 0.000000 2252
167 0.000000 2252
168 0.000000 2252
169 0.000000 2252
170 0.000000 2241
171 0.000000 2241
172 0.000000 2241
173 0.000000 2241
174 0.000000 2241
175 0.000000 2241
176 0.000000 2241
177 0.000000 2241
178 0.000000 2241
179 0.000000 2241
180 0.000000 2241
181 0.000000 2241
182 0.000000 2241
183 0.000000 2241
184 0.000000 2241
185 0.000000 2241
186 0.000000 2241
187 0.000000 2241
188 0.000000 2241
189 0.000000 2241
190 0.000000 2241
191 0.000000 2241
192 0.000000 2241
193 0.000000 2241
194 0.000000 2241
195 0.000000 2241
196 0.000000 2241
197 0.000000 2241
198 0.000000 2241
199 0.000000 2241
200 0.000000 2241
201 0.000000 2241
202 0.000000 2241
203 0.000000 2241
204 0.000000 2241
205 0.000000 2241
206 0.000000 2241
207 0.000000 2241
208 0.000000 2241
209 0.000000 2241
210 0.000000 2241
211 0.000000 2241
212 0.000000 2241
213 0.000000 2241
214 0.000000 2241
215 0.000000 2241
216 0.000000 2241
217 0.000000 2241
218 0.000000 2241
219 0.000000 2241
220 0.000000 2241
221 0.000000 2241
222 0.000000 2241
223 0.000000 2241
224 0.000000 2241
225 0.000000 2241
226 0.000000 2241
227 0.000000 2241
228 0.000000 2241
229 0.000000 2241
230 0.000000 2241
231 0.000000 2241
232 0.000000 2241
233 0.000000 2241
234 0.000000 2241
235 0.000000 2241
236 0.000000 2241
237 0.000000 2241
238 0.000000 2241
239 0.000000 2241
240 0.000000 2241
241 0.000000 2241
242 0.000000 2241
243 0.000000 2241
244 0.000000 2241
245 0.000000 2241
246 0.000000 2241
247 0.000000 2241
248 0.000000 2241
249 0.000000 2241
250 0.000000 2241
251 0.000000 2241
252 0.000000 2241
253 0.000000 2241
254 0.000000 2241
255 0.000000 2241
256 0.000000 2241
257 0.000000 2241
258 0.000000 2241
259 0.000000 2241
260 0.000000 2241
261 0.000000 2241
262 0.000000 2241
263 0.000000 2241
264 0.000000 2241
265 0.000000 2241
266 0.000000 2241
267 0.000000 2241
268 0.000000 2241
269 0.000000 2241
270 0.000000 2241
271 0.000000 2241
272 0.000000 2241
273 0.000000 2241
274 0.000000 2241
275 0.000000 2241
276 0.000000 2241
277 0.000000 2241
278 0.000000 2241
279 0.000000 2241
280 0.000000 2241
281 0.000000 2241
282 0.000000 2241
283 0.000000 2241
284 0.000000 2241
285 0.000000 2241
286 0.000000 2241
287 0.000000 2241
288 0.000000 2241
289 0.000000 2241
290 0.000000 2241
291 0.000000 2241
292 0.000000 2241
293 0.000000 2241
294 0.000000 2241
295 0.000000 2241
296 0.000000 2241
297 0.000000 2241
298 0.000000 2241
299 0.000000 2241
300 0.000000 2241
301 0.000000 2241
302 0.000000 2241
303 0.000000 2241
304 0.000000 2241
305 0.000000 2241
306 0.000000 2241
307 0.000000 2241
308 0.000000 2241
309 0.000000 2241
310 0.000000 2241
311 0.000000 2241
312 0.000000 2241
313 0.000000 2241
314 0.000000 2241
315 0.000000 2241
316 0.000000 2241
317 0.000000 2241
318 0.000000 2241
319 0.000000 2241
320 0.000000 2241
321 0.000000 2241
322 0.000000 2241
323 0.000000 2241
324 0.000000 2241
325 0.000000 2241
326 0.000000 2241
327 0.000000 2241
328 0.000000 2241
329 0.000000 2241
330 0.000000 2241
331 0.000000 2241
332 0.000000 2241
333 0.000000 2241
334 0.000000 2241
335 0.000000 2241
336 0.000000 2241
337 0.000000 2241
338 0.000000 2241
339 0.000000 2241
340 0.000000 2241
341 0.000000 2241
342 0.000000 2241
343 0.000000 2241
344 0.000000 2241
345 0.000000 2241
346 0.000000 2241
347 0.000000 2241
348 0.000000 2241
349 0.000000 2241
350 0.000000 2241
351 0.000000 2241
352 0.000000 2241
353 0.000000 2241
354 0.000000 2241
355 0.000000 2241
356 0.000000 2241
357 0.000000 2241
358 0.000000 2241
359 0.000000 2241
360 0.000000 2241
361 0.000000 2241
362 0.000000 2241
363 0.000000 2241
364 0.000000 2241
365 0.000000 2241
366 0.000000 2241
367 0.000000 2241
368 0.000000 2241
369 0.000000 2241
370 0.000000 2241
371 0.000000 2241
372 0.000000 2241
373 0.000000 2241
374 0.000000 2241
375 0.000000 2241
376 0.000000 2241
377 0.000000 2241
378 0.000000 2241
379 0.000000 2241
380 0.000000 2241
381 0.000000 2241
382 0.000000 2241
383 0.000000 2241
384 0.000000 2241
385 0.000000 2241
386 0.000000 2241
387 0.000000 2241
388 0.000000 2241
389 0.000000 2241
390 0.000000 2241
391 0.000000 2241
392 0.000000 2241
393 0.000000 2241
394 0.000000 2241
395 0.000000 2241
396 0.000000 2241
397 0.000000 2241
398 0.000000 2241
399 0.000000 2241
400 0.000000 2241
401 0.000000 2241
402 0.000000 2241
403 0.000000 2241
404 0.000000 2241
405 0.000000 2241
406 0.000000 2241
407 0.000000 2241
408 0.000000 2241
409 0.000000 2241
410 0.000000 2241
411 0.000000 2241
412 0.000000 2241
413 0.000000 2241
414 0.000000 2241
415 0.000000 2241
416 0.000000 2241
417 0.000000 2241
418 0.000000 2241
419 0.000000 2241
420 0.000000 2241
421 0.000000 2241
422 0.000000 2241
423 0.000000 2241
424 0.000000 2241
425 0.000000 2241
426 0.000000 2241
427 0.000000 2241
428 0.000000 2241
429 0.000000 2241
430 0.000000 2241
431 0.000000 2241
432 0.000000 2241
433 0.000000 2241
434 0.000000 2241
435 0.000000 2241
436 0.000000 2241
437 0.000000 2241
438 0.000000 2241
439 0.000000 2241
440 0.000000 2241
441 0.000000 2241
442 0.000000 2241
443 0.000000 2241
444 0.000000 2241
445 0.000000 2241
446 0.000000 2241
447 0.000000 2241
448 0.000000 2241
449 0.000000 2241
450 0.000000 2241
451 0.000000 2241
452 0.000000 2241
453 0.000000 2241
454 0.000000 2241
455 0.000000 2241
456 0.000000 2241
457 0.000000 2241
458 0.000000 2241
459 0.000000 2241
460 0.000000 2241
461 0.000000 2241
462 0.000000 2241
463 0.000000 2241
464 0.000000 2241
465 0.000000 2241
466 0.000000 2241
467 0.000000 2241
468 0.000000 2241
469 0.000000 2241
470 0.000000 2241
471 0.000000 2241
472 0.000000 2241
473 0.000000 2241
474 0.000000 2241
475 0.000000 2241
476 0.000000 2241
477 0.000000 2241
478 0.000000 2241
479 0.000000 2241
480 0.000000 2241
481 0.000000 2241
482 0.000000 2241
483 0.000000 2241
484 0.000000 2241
485 0.000000 2241
486 0.000000 2241
487 0.000000 2241
488 0.000000 2241
489 0.000000 2241
490 0.000000 2241
491 0.000000 2241
492 0.000000 2241
493 0.000000 2241
494 0.000000 2241
495 0.000000 2241
496 0.000000 2241
497 0.000000 2241
498 0.000000 2241
499 0.000000 2241
500 0.000000 2241
501 0.000000 2241
502 0.000000 2241
503 0.000000 2241
504 0.000000 2241
505 0.000000 2241
506 0.000000 2241
507 0.000000 2241
508 0.000000 2241
509 0.000000 2241
510 0.000000 2241
511 0.000000 2241
512 0.000000 2241
513 0.000000 2241
514 0.000000 2241
515 0.000000 2241
516 0.000000 2241
517 0.000000 2241
518 0.000000 2241
519 0.000000 2241
520 0.000000 2241
521 0.000000 2241
522 0.000000 2241
523 0.000000 2241
524 0.000000 2241
525 0.000000 2241
526 0.000000 2241
527 0.000000 2241
528 0.000000 2241
529 0.000000 2241
530 0.000000 2241
531 0.000000 2241
532 0.000000 2241
533 0.000000 2241
534 0.000000 2241
535 0.000000 2241
536 0.000000 2241
537 0.000000 2241
538 0.000000 2241
539 0.000000 2241
540 0.000000 2241
541 0.000000 2241
542 0.000000 2241
543 0.000000 2241
544 0.000000 2241
545 0.000000 2241
546 0.000000 2241
547 0.000000 2241
548 0.000000 2241
549 0.000000 2241
550 0.000000 2241
551 0.000000 2241
552 0.000000 2241
553 0.000000 2241
554 0.000000 2241
555 0.000000 2241
556 0.000000 2241
557 0.000000 2241
558 0.000000 2241
559 0.000000 2241
560 0.000000 2241
561 0.000000 2241
562 0.000000 2241
563 0.000000 2241
564 0.000000 2241
565 0.000000 2241
566 0.000000 2241
567 0.000000 2241
568 0.000000 2241
569 0.000000 2241
570 0.000000 2241
571 0.000000 2241
572 0.000000 2241
573 0.000000 2241
574 0.000000 2241
575 0.000000 2241
576 0.000000 2241
577 0.000000 2241
578 0.000000 2241
579 0.000000 2241
580 0.000000 2241
581 0.000000 2241
582 0.000000 2241
583 0.000000 2241
584 0.000000 2241
585 0.000000 2241
586 0.000000 2241
587 0.000000 2241
588 0.000000 2241
589 0.000000 2241
590 0.000000 2241
591 0.000000 2241
592 0.000000 2241
593 0.000000 2241
594 0.000000 2241
595 0.000000 2241
596 0.000000 2241
597 0.000000 2241
598 0.000000 2241
599 0.001000 2241
600 0.001000 2241
601 0.001000 2241
602 0.001000 2241
603 0.001000 2241
604 0.001000 2241
605 0.001000 2241
606 0.001000 2241
607 0.001000 2241
608 0.001000 2241
609 0.001000 2241
610 0.001000 2241
611 0.001000 2239
612 0.001000 2239
613 0.001000 2239
614 0.001000 2239
615 0.001000 2239
616 0.001000 2239
617 0.001000 2239
618 0.001000 2239
619 0.001000 2239
620 0.001000 2239
621 0.001000 2239
622 0.001000 2239
623 0.001000 2239
624 0.001000 2239
625 0.001000 2239
626 0.001000 2239
627 0.001000 2239
628 0.001000 2239
629 0.001000 2239
630 0.001000 2239
631 0.001000 2239
632 0.001000 2239
633 0.001000 2239
634 0.001000 2239
635 0.001000 2239
636 0.001000 2239
637 0.001000 2239
638 0.001000 2239
639 0.001000 2239
640 0.001000 2239
641 0.001000 2239
642 0.001000 2239
643 0.001000 2239
644 0.001000 2239
645 0.001000 2239
646 0.001000 2239
647 0.001000 2239
648 0.001000 2239
649 0.001000 2239
650 0.001000 2239
651 0.001000 2239
652 0.001000 2239
653 0.001000 2239
654 0.001000 2239
655 0.001000 2239
656 0.001000 2158
657 0.001000 2158
658 0.001000 2158
659 0.001000 2158
660 0.001000 2158
661 0.001000 2158
662 0.001000 2158
663 0.001000 2158
664 0.001000 2158
665 0.001000 2158
666 0.001000 2158
667 0.001000 2158
668 0.001000 2158
669 0.001000 2158
670 0.001000 2158
671 0.001000 2158
672 0.001000 2158
673 0.001000 2158
674 0.001000 2158
675 0.001000 2158
676 0.001000 2158
677 0.001000 2158
678 0.001000 2158
679 0.001000 2158
680 0.001000 2158
681 0.001000 2158
682 0.001000 2158
683 0.001000 2158
684 0.001000 2158
685 0.001000 2158
686 0.001000 2158
687 0.001000 2158
688 0.001000 2158
689 0.001000 2158
690 0.001000 2158
691 0.001000 2158
692 0.001000 2158
693 0.001000 2158
694 0.001000 2158
695 0.001000 2158
696 0.001000 2158
697 0.001000 2158
698 0.001000 2158
699 0.001000 2158
700 0.001000 2158
701 0.001000 2158
702 0.001000 2158
703 0.001000 2158
704 0.001000 2158
705 0.001000 2158
706 0.001000 2158
707 0.001000 2158
708 0.001000 2158
709 0.001000 2158
710 0.001000 2158
711 0.001000 2158
712 0.001000 2158
713 0.001000 2158
714 0.001000 2158
715 0.001000 2158
716 0.001000 2158
717 0.001000 2158
718 0.001000 2158
719 0.001000 2158
720 0.001000 2158
721 0.001000 2158
722 0.001000 2158
723 0.001000 2158
724 0.001000 2158
725 0.001000 2158
726 0.001000 2158
727 0.001000 2158
728 0.001000 2158
729 0.001000 2158
730 0.001000 2158
731 0.001000 2158
732 0.001000 2158
733 0.001000 2158
734 0.001000 2158
735 0.001000 2158
736 0.001000 2158
737 0.001000 2158
738 0.001000 2158
739 0.001000 2158
740 0.001000 2158
741 0.001000 2158
742 0.001000 2158
743 0.001000 2158
744 0.001000 2158
745 0.001000 2158
746 0.001000 2158
747 0.001000 2158
748 0.001000 2158
749 0.001000 2158
750 0.001000 2158
751 0.001000 2158
752 0.001000 2158
753 0.001000 2158
754 0.001000 2158
755 0.001000 2158
756 0.001000 2158
757 0.001000 2158
758 0.001000 2158
759 0.001000 2158
760 0.001000 2158
761 0.001000 2158
762 0.001000 2158
763 0.001000 2158
764 0.001000 2158
765 0.001000 2158
766 0.001000 2158
767 0.001000 2158
768 0.001000 2158
769 0.001000 2158
770 0.001000 2158
771 0.001000 2158
772 0.001000 2158
773 0.001000 2158
774 0.001000 2158
775 0.001000 2158
776 0.001000 2158
777 0.001000 2158
778 0.001000 2158
779 0.001000 2158
780 0.001000 2158
781 0.001000 2158
782 0.001000 2158
783 0.001000 2158
784 0.001000 2158
785 0.001000 2158
786 0.001000 2158
787 0.001000 2158
788 0.001000 2158
789 0.001000 2158
790 0.001000 2158
791 0.001000 2158
792 0.001000 2158
793 0.001000 2158
794 0.001000 2158
795 0.001000 2158
796 0.001000 2158
797 0.001000 2158
798 0.001000 2158
799 0.001000 2158
800 0.001000 2158
801 0.001000 2158
802 0.001000 2158
803 0.001000 2158
804 0.001000 2158
805 0.001000 2158
806 0.001000 2158
807 0.001000 2158
808 0.001000 2158
809 0.001000 2158
810 0.001000 2158
811 0.001000 2158
812 0.001000 2158
813 0.001000 2158
814 0.001000 2158
815 0.001000 2158
816 0.001000 2158
817 0.001000 2158
818 0.001000 2158
819 0.002000 2158
820 0.002000 2158
821 0.002000 2158
822 0.002000 2158
823 0.002000 2158
824 0.002000 2158
825 0.002000 2158
826 0.002000 2158
827 0.002000 2158
828 0.002000 2158
829 0.002000 2158
830 0.002000 2158
831 0.002000 2158
832 0.002000 2158
833 0.002000 2158
834 0.002000 2158
835 0.002000 2158
836 0.002000 2158
837 0.002000 2158
838 0.002000 2158
839 0.002000 2158
840 0.002000 2158
841 0.002000 2158
842 0.002000 2158
843 0.002000 2158
844 0.002000 2158
845 0.002000 2158
846 0.002000 2158
847 0.002000 2158
848 0.002000 2158
849 0.002000 2158
850 0.002000 2158
851 0.002000 2158
852 0.002000 2158
853 0.002000 2158
854 0.002000 2158
855 0.002000 2158
856 0.002000 2158
857 0.002000 2158
858 0.002000 2158
859 0.002000 2158
860 0.002000 2158
861 0.002000 2158
862 0.002000 2158
863 0.002000 2158
864 0.002000 2158
865 0.002000 2158
866 0.002000 2158
867 0.002000 2158
868 0.002000 2158
869 0.002000 2158
870 0.002000 2158
871 0.002000 2158
872 0.002000 2158
873 0.002000 2158
874 0.002000 2158
875 0.002000 2158
876 0.002000 2158
877 0.002000 2158
878 0.002000 2158
879 0.002000 2158
880 0.002000 2158
881 0.002000 2158
882 0.002000 2158
883 0.002000 2158
884 0.002000 2158
885 0.002000 2158
886 0.002000 2158
887 0.002000 2158
888 0.002000 2158
889 0.002000 2158
890 0.002000 2158
891 0.002000 2158
892 0.002000 2158
893 0.002000 2158
894 0.002000 2158
895 0.002000 2158
896 0.002000 2158
897 0.002000 2158
898 0.002000 2158
899 0.002000 2158
900 0.002000 2158
901 0.002000 2158
902 0.002000 2158
903 0.002000 2158
904 0.002000 2158
905 0.002000 2158
906 0.002000 2158
907 0.002000 2158
908 0.002000 2158
909 0.002000 2158
910 0.002000 2158
911 0.002000 2158
912 0.002000 2158
913 0.002000 2158
914 0.002000 2158
915 0.002000 2158
916 0.002000 2158
917 0.002000 2158
918 0.002000 2158
919 0.002000 2158
920 0.002000 2158
921 0.002000 2158
922 0.002000 2158
923 0.002000 2158
924 0.002000 2158
925 0.002000 2158
926 0.002000 2158
927 0.002000 2158
928 0.002000 2158
929 0.002000 2158
930 0.002000 2158
931 0.002000 2158
932 0.002000 2158
933 0.002000 2158
934 0.002000 2158
935 0.002000 2158
936 0.002000 2158
937 0.002000 2158
938 0.002000 2158
939 0.002000 2158
940 0.002000 2158
941 0.002000 2158
942 0.002000 2158
943 0.002000 2158
944 0.002000 2158
945 0.002000 2158
946 0.002000 2158
947 0.002000 2158
948 0.002000 2158
949 0.002000 2158
950 0.002000 2158
951 0.002000 2158
952 0.002000 2158
953 0.002000 2158
954 0.002000 2158
955 0.002000 2158
956 0.002000 2158
957 0.002000 2158
958 0.002000 2158
959 0.002000 2158
960 0.002000 2158
961 0.002000 2158
962 0.002000 2158
963 0.002000 2158
964 0.002000 2158
965 0.002000 2158
966 0.002000 2158
967 0.002000 2158
968 0.002000 2158
969 0.002000 2158
970 0.002000 2158
971 0.002000 2158
972 0.002000 2158
973 0.002000 2158
974 0.002000 2158
975 0.002000 2158
976 0.002000 2158
977 0.002000 2158
978 0.002000 2158
979 0.002000 2158
980 0.002000 2158
981 0.002000 2158
982 0.002000 2158
983 0.002000 2158
984 0.002000 2158
985 0.002000 2158
986 0.002000 2158
987 0.002000 2158
988 0.002000 2158
989 0.002000 2158
990 0.002000 2158
991 0.002000 2158
992 0.002000 2158
993 0.002000 2158
994 0.002000 2158
995 0.002000 2158
996 0.002000 2158
997 0.002000 2158
998 0.002000 2158
999 0.002000 2158
1000 0.002000 2158
1001 0.002000 2158
1002 0.002000 2158
1003 0.002000 2158
1004 0.002000 2158
1005 0.002000 2158
1006 0.002000 2158
1007 0.002000 2158
1008 0.002000 2158
1009 0.002000 2158
1010 0.002000 2158
1011 0.002000 2158
1012 0.002000 2158
1013 0.002000 2158
1014 0.002000 2158
1015 0.002000 2158
1016 0.002000 2158
1017 0.002000 2158
1018 0.002000 2158
1019 0.002000 2158
1020 0.002000 2158
1021 0.002000 2158
1022 0.002000 2158
1023 0.002000 2158
1024 0.002000 2158
1025 0.002000 2158
1026 0.002000 2158
1027 0.002000 2158
1028 0.002000 2158
1029 0.002000 2158
1030 0.002000 2158
1031 0.002000 2158
1032 0.002000 2158
1033 0.002000 2158
1034 0.002000 2158
1035 0.002000 2158
1036 0.002000 2158
1037 0.002000 2158
1038 0.002000 2158
1039 0.002000 2158
1040 0.002000 2158
1041 0.002000 2158
1042 0.002000 2158
1043 0.002000 2158
1044 0.002000 2158
1045 0.002000 2158
1046 0.002000 2158
1047 0.002000 2158
1048 0.002000 2158
1049 0.002000 2158
1050 0.002000 2158
1051 0.002000 2158
1052 0.002000 2158
1053 0.002000 2158
1054 0.002000 2158
1055 0.002000 2158
1056 0.002000 2158
1057 0.002000 2158
1058 0.002000 2158
1059 0.002000 2158
1060 0.002000 2158
1061 0.002000 2158
1062 0.002000 2158
1063 0.002000 2158
1064 0.002000 2158
1065 0.002000 2158
1066 0.002000 2158
1067 0.002000 2158
1068 0.002000 2158
1069 0.002000 2158
1070 0.002000 2158
1071 0.002000 2158
1072 0.002000 2158
1073 0.002000 2158
1074 0.002000 2158
1075 0.002000 2158
1076 0.002000 2158
1077 0.002000 2158
1078 0.002000 2158
1079 0.002000 2158
1080 0.002000 2158
1081 0.002000 2158
1082 0.002000 2158
1083 0.002000 2158
1084 0.002000 2158
1085 0.002000 2158
1086 0.002000 2158
1087 0.002000 2158
1088 0.002000 2158
1089 0.002000 2158
1090 0.002000 2158
1091 0.002000 2158
1092 0.002000 2158
1093 0.002000 2158
1094 0.002000 2158
1095 0.002000 2158
1096 0.002000 2158
1097 0.002000 2158
1098 0.002000 2158
1099 0.002000 2158
1100 0.002000 2158
1101 0.002000 2158
1102 0.002000 2158
1103 0.002000 2158
1104 0.002000 2158
1105 0.002000 2158
1106 0.002000 2158
1107 0.002000 2158
1108 0.002000 2158
1109 0.002000 2158
1110 0.002000 2158
1111 0.002000 2158
1112 0.002000 2158
1113 0.002000 2158
1114 0.002000 2158
1115 0.002000 2158
1116 0.002000 2158
1117 0.002000 2158
1118 0.002000 2158
1119 0.002000 2158
1120 0.002000 2158
1121 0.002000 2158
1122 0.002000 2158
1123 0.002000 2158
1124 0.002000 2158
1125 0.002000 2158
1126 0.002000 2158
1127 0.002000 2158
1128 0.002000 2158
1129 0.002000 2158
1130 0.002000 2158
1131 0.002000 2158
1132 0.002000 2158
1133 0.002000 2158
1134 0.002000 2158
1135 0.002000 2158
1136 0.002000 2158
1137 0.002000 2158
1138 0.002000 2158
1139 0.002000 2158
1140 0.002000 2158
1141 0.002000 2158
1142 0.002000 2158
1143 0.002000 2158
1144 0.002000 2158
1145 0.002000 2158
1146 0.002000 2158
1147 0.002000 2158
1148 0.002000 2158
1149 0.002000 2158
1150 0.002000 2158
1151 0.002000 2158
1152 0.002000 2158
1153 0.002000 2158
1154 0.002000 2158
1155 0.002000 2158
1156 0.002000 2158
1157 0.002000 2158
1158 0.002000 2158
1159 0.002000 2158
1160 0.002000 2158
1161 0.002000 2158
1162 0.002000 2158
1163 0.002000 2158
1164 0.002000 2158
1165 0.002000 2158
1166 0.002000 2158
1167 0.002000 2158
1168 0.002000 2158
1169 0.002000 2158
1170 0.002000 2158
1171 0.002000 2158
1172 0.002000 2158
1173 0.002000 2158
1174 0.002000 2158
1175 0.002000 2158
1176 0.002000 2158
1177 0.002000 2158
1178 0.002000 2158
1179 0.002000 2158
1180 0.002000 2158
1181 0.002000 2158
1182 0.002000 2158
1183 0.002000 2158
1184 0.002000 2158
1185 0.002000 2158
1186 0.002000 2158
1187 0.002000 2158
1188 0.002000 2158
1189 0.002000 2158
1190 0.002000 2158
1191 0.002000 2158
1192 0.002000 2158
1193 0.002000 2158
1194 0.002000 2158
1195 0.002000 2158
1196 0.002000 2158
1197 0.002000 2158
1198 0.002000 2158
1199 0.002000 2158
1200 0.002000 2158
1201 0.002000 2158
1202 0.002000 2158
1203 0.002000 2158
1204 0.002000 2158
1205 0.002000 2158
1206 0.002000 2158
1207 0.002000 2158
1208 0.002000 2158
1209 0.002000 2158
1210 0.002000 2158
1211 0.002000 2158
1212 0.002000 2158
1213 0.002000 2158
1214 0.002000 2158
1215 0.002000 2158
1216 0.002000 2158
1217 0.002000 2158
1218 0.002000 2158
1219 0.002000 2158
1220 0.002000 2158
1221 0.002000 2158
1222 0.002000 2158
1223 0.002000 2158
1224 0.002000 2158
1225 0.002000 2158
1226 0.002000 2158
1227 0.002000 2158
1228 0.002000 2158
1229 0.002000 2158
1230 0.002000 2158
1231 0.002000 2158
1232 0.002000 2158
1233 0.002000 2158
1234 0.002000 2158
1235 0.002000 2158
1236 0.002000 2158
1237 0.002000 2158
1238 0.002000 2158
1239 0.002000 2158
1240 0.002000 2158
1241 0.002000 2158
1242 0.002000 2158
1243 0.002000 2158
1244 0.002000 2158
1245 0.002000 2158
1246 0.002000 2158
1247 0.002000 2158
1248 0.002000 2158
1249 0.002000 2158
1250 0.002000 2158
1251 0.002000 2158
1252 0.002000 2158
1253 0.002000 2158
1254 0.002000 2158
1255 0.002000 2158
1256 0.002000 2158
1257 0.002000 2158
1258 0.002000 2158
1259 0.002000 2158
1260 0.002000 2158
1261 0.002000 2158
1262 0.002000 2158
1263 0.002000 2158
1264 0.002000 2158
1265 0.002000 2158
1266 0.002000 2158
1267 0.002000 2158
1268 0.002000 2158
1269 0.002000 2158
1270 0.002000 2158
1271 0.002000 2158
1272 0.002000 2158
1273 0.002000 2158
1274 0.002000 2158
1275 0.002000 2158
1276 0.002000 2158
1277 0.002000 2158
1278 0.002000 2158
1279 0.002000 2158
1280 0.002000 2158
1281 0.002000 2158
1282 0.002000 2158
1283 0.002000 2158
1284 0.002000 2158
1285 0.002000 2158
1286 0.002000 2158
1287 0.002000 2158
1288 0.002000 2158
1289 0.002000 2158
1290 0.002000 2158
1291 0.002000 2158
1292 0.002000 2158
1293 0.002000 2158
1294 0.002000 2158
1295 0.002000 2158
1296 0.002000 2158
1297 0.002000 2158
1298 0.002000 2158
1299 0.002000 2158
1300 0.002000 2158
1301 0.002000 2158
1302 0.002000 2158
1303 0.002000 2158
1304 0.002000 2158
1305 0.002000 2158
1306 0.002000 2158
1307 0.002000 2158
1308 0.002000 2158
1309 0.002000 2158
1310 0.002000 2158
1311 0.002000 2158
1312 0.002000 2158
1313 0.002000 2158
1314 0.002000 2158
1315 0.002000 2158
1316 0.002000 2158
1317 0.002000 2158
1318 0.002000 2158
1319 0.002000 2158
1320 0.002000 2158
1321 0.002000 2158
1322 0.002000 2158
1323 0.002000 2158
1324 0.002000 2158
1325 0.002000 2158
1326 0.002000 2158
1327 0.002000 2158
1328 0.002000 2158
1329 0.002000 2158
1330 0.002000 2158
1331 0.002000 2158
1332 0.002000 2158
1333 0.002000 2158
1334 0.002000 2158
1335 0.002000 2158
1336 0.002000 2158
1337 0.002000 2158
1338 0.002000 2158
1339 0.002000 2158
1340 0.002000 2158
1341 0.002000 2158
1342 0.002000 2158
1343 0.002000 2158
1344 0.002000 2158
1345 0.002000 2158
1346 0.002000 2158
1347 0.002000 2158
1348 0.002000 2158
1349 0.002000 2158
1350 0.002000 2158
1351 0.002000 2158
1352 0.002000 2158
1353 0.002000 2158
1354 0.002000 2158
1355 0.002000 2158
1356 0.002000 2158
1357 0.002000 2158
1358 0.002000 2158
1359 0.002000 2158
1360 0.002000 2158
1361 0.002000 2158
1362 0.002000 2158
1363 0.002000 2158
1364 0.002000 2158
1365 0.002000 2158
1366 0.002000 2158
1367 0.002000 2158
1368 0.002000 2158
1369 0.002000 2158
1370 0.002000 2158
1371 0.002000 2158
1372 0.002000 2158
1373 0.002000 2158
1374 0.002000 2158
1375 0.002000 2158
1376 0.002000 2158
1377 0.002000 2158
1378 0.002000 2158
1379 0.002000 2158
1380 0.002000 2158
1381 0.002000 2158
1382 0.002000 2158
1383 0.002000 2158
1384 0.002000 2158
1385 0.002000 2158
1386 0.002000 2158
1387 0.002000 2158
1388 0.002000 2158
1389 0.002000 2158
1390 0.002000 2158
1391 0.002000 2158
1392 0.002000 2158
1393 0.002000 2158
1394 0.002000 2158
1395 0.002000 2158
1396 0.002000 2158
1397 0.002000 2158
1398 0.002000 2158
1399 0.002000 2158
1400 0.002000 2158
1401 0.002000 2158
1402 0.002000 2158
1403 0.002000 2158
1404 0.002000 2158
1405 0.002000 2158
1406 0.002000 2158
1407 0.002000 2158
1408 0.002000 2158
1409 0.002000 2158
1410 0.002000 2158
1411 0.002000 2158
1412 0.002000 2158
1413 0.002000 2158
1414 0.002000 2158
1415 0.002000 2158
1416 0.002000 2158
1417 0.002000 2158
1418 0.002000 2158
1419 0.002000 2158
1420 0.002000 2158
1421 0.002000 2158
1422 0.002000 2158
1423 0.002000 2158
1424 0.002000 2158
1425 0.002000 2158
1426 0.002000 2103
1427 0.002000 2103
1428 0.002000 2103
1429 0.002000 2103
1430 0.002000 2103
1431 0.002000 2103
1432 0.002000 2103
1433 0.002000 2103
1434 0.002000 2103
1435 0.002000 2103
1436 0.002000 2103
1437 0.002000 2103
1438 0.002000 2103
1439 0.002000 2103
1440 0.002000 2103
1441 0.002000 2103
1442 0.002000 2103
1443 0.002000 2103
1444 0.002000 2103
1445 0.002000 2103
1446 0.002000 2103
1447 0.002000 2103
1448 0.002000 2103
1449 0.002000 2103
1450 0.002000 2103
1451 0.002000 2103
1452 0.002000 2103
1453 0.002000 2103
1454 0.002000 2103
1455 0.002000 2103
1456 0.002000 2103
1457 0.002000 2103
1458 0.002000 2103
1459 0.002000 2103
1460 0.002000 2103
1461 0.002000 2103
1462 0.002000 2103
1463 0.002000 2103
1464 0.002000 2103
1465 0.002000 2103
1466 0.002000 2103
1467 0.002000 2103
1468 0.002000 2103
1469 0.002000 2103
1470 0.002000 2103
1471 0.002000 2103
1472 0.002000 2103
1473 0.002000 2103
1474 0.002000 2103
1475 0.002000 2103
1476 0.002000 2103
1477 0.002000 2103
1478 0.002000 2103
1479 0.002000 2103
1480 0.002000 2103
1481 0.002000 2103
1482 0.002000 2103
1483 0.002000 2103
1484 0.002000 2103
1485 0.002000 2103
1486 0.002000 2103
1487 0.002000 2103
1488 0.002000 2103
1489 0.002000 2103
1490 0.002000 2103
1491 0.002000 2103
1492 0.002000 2103
1493 0.002000 2103
1494 0.002000 2103
1495 0.002000 2103
1496 0.002000 2103
1497 0.002000 2103
1498 0.002000 2103
1499 0.002000 2103
1500 0.002000 2103
1501 0.002000 2103
1502 0.002000 2103
1503 0.002000 2103
1504 0.002000 2103
1505 0.002000 2103
1506 0.002000 2103
1507 0.002000 2103
1508 0.002000 2103
1509 0.002000 2103
1510 0.002000 2103
1511 0.002000 2103
1512 0.002000 2103
1513 0.002000 2103
1514 0.002000 2103
1515 0.002000 2103
1516 0.002000 2103
1517 0.002000 2103
1518 0.002000 2103
1519 0.002000 2103
1520 0.002000 2103
1521 0.002000 2103
1522 0.002000 2103
1523 0.002000 2103
1524 0.002000 2103
1525 0.002000 2103
1526 0.002000 2103
1527 0.002000 2103
1528 0.002000 2103
1529 0.002000 2103
1530 0.002000 2103
1531 0.002000 2103
1532 0.002000 2103
1533 0.002000 2103
1534 0.002000 2103
1535 0.002000 2103
1536 0.002000 2103
1537 0.002000 2103
1538 0.002000 2103
1539 0.002000 2103
1540 0.002000 2103
1541 0.002000 2103
1542 0.002000 2103
1543 0.002000 2103
1544 0.002000 2103
1545 0.002000 2103
1546 0.002000 2103
1547 0.002000 2103
1548 0.002000 2103
1549 0.002000 2103
1550 0.002000 2103
1551 0.002000 2103
1552 0.002000 2103
1553 0.002000 2103
1554 0.002000 2103
1555 0.002000 2103
1556 0.002000 2103
1557 0.002000 2103
1558 0.002000 2103
1559 0.002000 2103
1560 0.002000 2103
1561 0.002000 2103
1562 0.002000 2103
1563 0.002000 2103
1564 0.002000 2103
1565 0.002000 2103
1566 0.002000 2103
1567 0.002000 2103
1568 0.002000 2103
1569 0.002000 2103
1570 0.002000 2103
1571 0.002000 2103
1572 0.002000 2103
1573 0.002000 2103
1574 0.002000 2103
1575 0.002000 2103
1576 0.002000 2103
1577 0.002000 2103
1578 0.002000 2103
1579 0.002000 2103
1580 0.002000 2103
1581 0.002000 2103
1582 0.002000 2103
1583 0.002000 2103
1584 0.002000 2103
1585 0.002000 2103
1586 0.002000 2103
1587 0.002000 2103
1588 0.002000 2103
1589 0.002000 2103
1590 0.002000 2103
1591 0.002000 2103
1592 0.002000 2103
1593 0.002000 2103
1594 0.002000 2103
1595 0.002000 2103
1596 0.002000 2103
1597 0.002000 2103
1598 0.002000 2103
1599 0.002000 2103
1600 0.002000 2103
1601 0.002000 2103
1602 0.002000 2103
1603 0.002000 2103
1604 0.002000 2103
1605 0.002000 2103
1606 0.002000 2103
1607 0.002000 2103
1608 0.002000 2103
1609 0.002000 2103
1610 0.002000 2103
1611 0.002000 2103
1612 0.002000 2103
1613 0.002000 2103
1614 0.002000 2103
1615 0.002000 2103
1616 0.002000 2103
1617 0.002000 2103
1618 0.002000 2103
1619 0.002000 2103
1620 0.002000 2103
1621 0.002000 2103
1622 0.002000 2103
1623 0.002000 2103
1624 0.002000 2103
1625 0.002000 2103
1626 0.002000 2103
1627 0.002000 2103
1628 0.002000 2103
1629 0.002000 2103
1630 0.002000 2103
1631 0.002000 2103
1632 0.002000 2103
1633 0.002000 2103
1634 0.002000 2103
1635 0.002000 2103
1636 0.002000 2103
1637 0.002000 2103
1638 0.002000 2103
1639 0.002000 2103
1640 0.002000 2103
1641 0.002000 2103
1642 0.002000 2103
1643 0.002000 2103
1644 0.002000 2103
1645 0.002000 2103
1646 0.002000 2103
1647 0.002000 2103
1648 0.002000 2103
1649 0.002000 2103
1650 0.002000 2103
1651 0.002000 2103
1652 0.002000 2103
1653 0.002000 2103
1654 0.002000 2103
1655 0.002000 2103
1656 0.002000 2103
1657 0.002000 2103
1658 0.002000 2103
1659 0.002000 2103
1660 0.002000 2103
1661 0.002000 2103
1662 0.002000 2103
1663 0.002000 2103
1664 0.002000 2103
1665 0.002000 2103
1666 0.002000 2103
1667 0.002000 2103
1668 0.002000 2103
1669 0.002000 2103
1670 0.002000 2103
1671 0.002000 2103
1672 0.002000 2103
1673 0.002000 2103
1674 0.002000 2103
1675 0.002000 2103
1676 0.002000 2103
1677 0.002000 2103
1678 0.002000 2103
1679 0.002000 2103
1680 0.002000 2103
1681 0.002000 2103
1682 0.002000 2103
1683 0.002000 2103
1684 0.002000 2103
1685 0.002000 2103
1686 0.002000 2103
1687 0.002000 2103
1688 0.002000 2103
1689 0.002000 2103
1690 0.002000 2103
1691 0.002000 2103
1692 0.002000 2103
1693 0.002000 2103
1694 0.002000 2103
1695 0.002000 2103
1696 0.002000 2103
1697 0.002000 2103
1698 0.002000 2103
1699 0.002000 2103
1700 0.002000 2103
1701 0.002000 2103
1702 0.002000 2103
1703 0.002000 2103
1704 0.002000 2103
1705 0.002000 2103
1706 0.002000 2103
1707 0.002000 2103
1708 0.002000 2103
1709 0.002000 2103
1710 0.002000 2103
1711 0.002000 2103
1712 0.002000 2103
1713 0.002000 2103
1714 0.002000 2103
1715 0.002000 2103
1716 0.002000 2103
1717 0.002000 2103
1718 0.002000 2103
1719 0.002000 2103
1720 0.002000 2103
1721 0.002000 2103
1722 0.002000 2103
1723 0.002000 2103
1724 0.002000 2103
1725 0.002000 2103
1726 0.002000 2103
1727 0.002000 2103
1728 0.002000 2103
1729 0.002000 2103
1730 0.002000 2103
1731 0.002000 2103
1732 0.002000 2103
1733 0.002000 2103
1734 0.002000 2103
1735 0.002000 2103
1736 0.002000 2103
1737 0.002000 2103
1738 0.002000 2103
1739 0.002000 2103
1740 0.002000 2103
1741 0.002000 2103
1742 0.002000 2103
1743 0.002000 2103
1744 0.002000 2103
1745 0.002000 2103
1746 0.002000 2103
1747 0.002000 2103
1748 0.002000 2103
1749 0.002000 2103
1750 0.002000 2103
1751 0.002000 2103
1752 0.002000 2103
1753 0.002000 2103
1754 0.002000 2103
1755 0.002000 2103
1756 0.002000 2103
1757 0.002000 2103
1758 0.002000 2103
1759 0.002000 2103
1760 0.002000 2103
1761 0.002000 2103
1762 0.002000 2103
1763 0.002000 2103
1764 0.002000 2103
1765 0.002000 2103
1766 0.002000 2103
1767 0.002000 2103
1768 0.002000 2103
1769 0.002000 2103
1770 0.002000 2103
1771 0.002000 2103
1772 0.002000 2103
1773 0.002000 2103
1774 0.002000 2103
1775 0.002000 2103
1776 0.002000 2103
1777 0.002000 2103
1778 0.002000 2103
1779 0.002000 2103
1780 0.002000 2103
1781 0.002000 2103
1782 0.002000 2103
1783 0.002000 2103
1784 0.002000 2103
1785 0.002000 2103
1786 0.002000 2103
1787 0.002000 2103
1788 0.002000 2103
1789 0.002000 2103
1790 0.002000 2103
1791 0.002000 2103
1792 0.002000 2103
1793 0.002000 2103
1794 0.002000 2103
1795 0.002000 2103
1796 0.002000 2103
1797 0.002000 2103
1798 0.002000 2103
1799 0.002000 2103
1800 0.002000 2103
1801 0.002000 2103
1802 0.002000 2103
1803 0.002000 2103
1804 0.002000 2103
1805 0.002000 2103
1806 0.002000 2103
1807 0.002000 2103
1808 0.002000 2103
1809 0.002000 2103
1810 0.002000 2103
1811 0.002000 2103
1812 0.002000 2103
1813 0.002000 2103
1814 0.002000 2103
1815 0.002000 2103
1816 0.002000 2103
1817 0.002000 2103
1818 0.002000 2103
1819 0.002000 2103
1820 0.002000 2103
1821 0.002000 2103
1822 0.002000 2103
1823 0.002000 2103
1824 0.002000 2103
1825 0.002000 2103
1826 0.002000 2103
1827 0.002000 2103
1828 0.002000 2103
1829 0.002000 2103
1830 0.002000 2103
1831 0.002000 2103
1832 0.002000 2103
1833 0.002000 2103
1834 0.002000 2103
1835 0.002000 2103
1836 0.002000 2103
1837 0.002000 2103
1838 0.002000 2103
1839 0.002000 2103
1840 0.002000 2103
1841 0.002000 2103
1842 0.002000 2103
1843 0.002000 2103
1844 0.002000 2103
1845 0.002000 2103
1846 0.002000 2103
1847 0.002000 2103
1848 0.002000 2103
1849 0.002000 2103
1850 0.002000 2103
1851 0.002000 2103
1852 0.002000 2103
1853 0.002000 2103
1854 0.002000 2103
1855 0.002000 2103
1856 0.002000 2103
1857 0.002000 2103
1858 0.002000 2103
1859 0.002000 2103
1860 0.002000 2103
1861 0.002000 2103
1862 0.002000 2103
1863 0.002000 2103
1864 0.002000 2103
1865 0.002000 2103
1866 0.002000 2103
1867 0.002000 2103
1868 0.002000 2103
1869 0.002000 2103
1870 0.002000 2103
1871 0.002000 2103
1872 0.002000 2103
1873 0.002000 2103
1874 0.002000 2103
1875 0.002000 2103
1876 0.002000 2103
1877 0.002000 2103
1878 0.002000 2103
1879 0.002000 2103
1880 0.002000 2103
1881 0.002000 2103
1882 0.002000 2103
1883 0.002000 2103
1884 0.002000 2103
1885 0.002000 2103
1886 0.002000 2103
1887 0.002000 2103
1888 0.002000 2103
1889 0.002000 2103
1890 0.002000 2103
1891 0.002000 2103
1892 0.002000 2103
1893 0.002000 2103
1894 0.002000 2103
1895 0.002000 2103
1896 0.002000 2103
1897 0.002000 2103
1898 0.002000 2103
1899 0.002000 2103
1900 0.002000 2103
1901 0.002000 2103
1902 0.002000 2103
1903 0.002000 2103
1904 0.002000 2103
1905 0.002000 2103
1906 0.002000 2103
1907 0.002000 2103
1908 0.002000 2103
1909 0.002000 2103
1910 0.002000 2103
1911 0.002000 2103
1912 0.002000 2103
1913 0.002000 2103
1914 0.002000 2103
1915 0.002000 2103
1916 0.002000 2103
1917 0.002000 2103
1918 0.002000 2103
1919 0.002000 2103
1920 0.002000 2103
1921 0.002000 2103
1922 0.002000 2103
1923 0.002000 2103
1924 0.002000 2103
1925 0.002000 2103
1926 0.002000 2103
1927 0.002000 2103
1928 0.002000 2103
1929 0.002000 2103
1930 0.002000 2103
1931 0.002000 2103
1932 0.002000 2103
1933 0.002000 2103
1934 0.002000 2103
1935 0.002000 2103
1936 0.002000 2103
1937 0.002000 2103
1938 0.002000 2103
1939 0.002000 2103
1940 0.002000 2103
1941 0.002000 2103
1942 0.002000 2103
1943 0.002000 2103
1944 0.002000 2103
1945 0.002000 2103
1946 0.002000 2103
1947 0.002000 2103
1948 0.002000 2103
1949 0.002000 2103
1950 0.002000 2103
1951 0.002000 2103
1952 0.002000 2103
1953 0.002000 2103
1954 0.002000 2103
1955 0.002000 2103
1956 0.002000 2103
1957 0.002000 2103
1958 0.002000 2103
1959 0.002000 2103
1960 0.002000 2103
1961 0.002000 2103
1962 0.002000 2103
1963 0.002000 2103
1964 0.002000 2103
1965 0.002000 2103
1966 0.002000 2103
1967 0.002000 2103
1968 0.002000 2103
1969 0.002000 2103
1970 0.002000 2103
1971 0.002000 2103
1972 0.002000 2103
1973 0.002000 2103
1974 0.002000 2103
1975 0.002000 2103
1976 0.002000 2103
1977 0.002000 2103
1978 0.002000 2103
1979 0.002000 2103
1980 0.002000 2103
1981 0.002000 2103
1982 0.002000 2103
1983 0.002000 2103
1984 0.002000 2103
1985 0.002000 2103
1986 0.002000 2103
1987 0.002000 2103
1988 0.002000 2103
1989 0.002000 2103
1990 0.002000 2103
1991 0.002000 2103
1992 0.002000 2103
1993 0.002000 2103
1994 0.002000 2103
1995 0.002000 2103
1996 0.002000 2103
1997 0.002000 2103
1998 0.002000 2103
1999 0.002000 2103
2000 0.002000 2103
2001 0.002000 2103
2002 0.002000 2103
2003 0.002000 2103
2004 0.002000 2103
2005 0.002000 2103
2006 0.002000 2103
2007 0.002000 2103
2008 0.002000 2103
2009 0.002000 2103
2010 0.002000 2103
2011 0.002000 2103
2012 0.002000 2103
2013 0.002000 2103
2014 0.002000 2103
2015 0.002000 2103
2016 0.002000 2103
2017 0.002000 2103
2018 0.002000 2103
2019 0.002000 2103
2020 0.002000 2103
2021 0.002000 2103
2022 0.002000 2103
2023 0.002000 2103
2024 0.002000 2103
2025 0.002000 2103
2026 0.002000 2103
2027 0.002000 2103
2028 0.002000 2103
2029 0.002000 2103
2030 0.002000 2103
2031 0.002000 2103
2032 0.002000 2103
2033 0.002000 2103
2034 0.002000 2103
2035 0.002000 2103
2036 0.002000 2103
2037 0.002000 2103
2038 0.002000 2103
2039 0.002000 2103
2040 0.002000 2103
2041 0.002000 2103
2042 0.002000 2103
2043 0.002000 2103
2044 0.002000 2103
2045 0.002000 2103
2046 0.002000 2103
2047 0.002000 2103
2048 0.002000 2103
2049 0.002000 2103
2050 0.002000 2103
2051 0.002000 2103
2052 0.002000 2103
2053 0.002000 2103
2054 0.002000 2103
2055 0.002000 2103
2056 0.002000 2103
2057 0.002000 2103
2058 0.002000 2103
2059 0.002000 2103
2060 0.002000 2103
2061 0.002000 2103
2062 0.002000 2103
2063 0.002000 2103
2064 0.002000 2103
2065 0.002000 2103
2066 0.002000 2103
2067 0.002000 2103
2068 0.002000 2103
2069 0.002000 2103
2070 0.002000 2103
2071 0.002000 2103
2072 0.002000 2103
2073 0.002000 2103
2074 0.002000 2103
2075 0.002000 2103
2076 0.002000 2103
2077 0.002000 2103
2078 0.002000 2103
2079 0.002000 2103
2080 0.002000 2103
2081 0.002000 2103
2082 0.002000 2103
2083 0.002000 2103
2084 0.002000 2103
2085 0.002000 2103
2086 0.002000 2103
2087 0.002000 2103
2088 0.002000 2103
2089 0.002000 2103
2090 0.002000 2103
2091 0.002000 2103
2092 0.002000 2103
2093 0.002000 2103
2094 0.002000 2103
2095 0.002000 2103
2096 0.002000 2103
2097 0.002000 2103
2098 0.002000 2103
2099 0.002000 2103
2100 0.002000 2103
2101 0.002000 2103
2102 0.002000 2103
2103 0.002000 2103
2104 0.002000 2103
2105 0.002000 2103
2106 0.002000 2103
2107 0.002000 2103
2108 0.002000 2103
2109 0.002000 2103
2110 0.002000 2103
2111 0.002000 2103
2112 0.002000 2103
2113 0.002000 2103
2114 0.002000 2103
2115 0.002000 2103
2116 0.002000 2103
2117 0.002000 2103
2118 0.002000 2103
2119 0.002000 2103
2120 0.002000 2103
2121 0.002000 2103
2122 0.002000 2103
2123 0.002000 2103
2124 0.002000 2103
2125 0.002000 2103
2126 0.002000 2103
2127 0.002000 2103
2128 0.002000 2103
2129 0.002000 2103
2130 0.002000 2103
2131 0.002000 2103
2132 0.002000 2103
2133 0.002000 2103
2134 0.002000 2103
2135 0.002000 2103
2136 0.002000 2103
2137 0.003000 2103
2138 0.003000 2103
2139 0.003000 2103
2140 0.003000 2103
2141 0.003000 2103
2142 0.003000 2103
2143 0.003000 2103
2144 0.003000 2103
2145 0.003000 2103
2146 0.003000 2103
2147 0.003000 2103
2148 0.003000 2103
2149 0.003000 2103
2150 0.003000 2103
2151 0.003000 2103
2152 0.003000 2103
2153 0.003000 2103
2154 0.003000 2103
2155 0.003000 2103
2156 0.003000 2103
2157 0.003000 2103
2158 0.003000 2103
2159 0.003000 2103
2160 0.003000 2103
2161 0.003000 2103
2162 0.003000 2103
2163 0.003000 2103
2164 0.003000 2103
2165 0.003000 2103
2166 0.003000 2103
2167 0.003000 2103
2168 0.003000 2103
2169 0.003000 2103
2170 0.003000 2103
2171 0.003000 2103
2172 0.003000 2103
2173 0.003000 2103
2174 0.003000 2103
2175 0.003000 2103
2176 0.003000 2103
2177 0.003000 2103
2178 0.003000 2103
2179 0.003000 2103
2180 0.003000 2103
2181 0.003000 2103
2182 0.003000 2103
2183 0.003000 2103
2184 0.003000 2103
2185 0.003000 2103
2186 0.003000 2103
2187 0.003000 2103
2188 0.003000 2103
2189 0.003000 2103
2190 0.003000 2103
2191 0.003000 2103
2192 0.003000 2103
2193 0.003000 2103
2194 0.003000 2103
2195 0.003000 2103
2196 0.003000 2103
2197 0.003000 2103
2198 0.003000 2103
2199 0.003000 2103
2200 0.003000 2103
2201 0.003000 2103
2202 0.003000 2103
2203 0.003000 2103
2204 0.003000 2103
2205 0.003000 2103
2206 0.003000 2103
2207 0.003000 2103
2208 0.003000 2103
2209 0.003000 2103
2210 0.003000 2103
2211 0.003000 2103
2212 0.003000 2103
2213 0.003000 2103
2214 0.003000 2103
2215 0.003000 2103
2216 0.003000 2103
2217 0.003000 2103
2218 0.003000 2103
2219 0.003000 2103
2220 0.003000 2103
2221 0.003000 2103
2222 0.003000 2103
2223 0.003000 2103
2224 0.003000 2103
2225 0.003000 2103
2226 0.003000 2103
2227 0.003000 2103
2228 0.003000 2103
2229 0.003000 2103
2230 0.003000 2103
2231 0.003000 2103
2232 0.003000 2103
2233 0.003000 2103
2234 0.003000 2103
2235 0.003000 2103
2236 0.003000 2103
2237 0.003000 2103
2238 0.003000 2103
2239 0.003000 2103
2240 0.003000 2103
2241 0.003000 2103
2242 0.003000 2103
2243 0.003000 2103
2244 0.003000 2103
2245 0.003000 2103
2246 0.003000 2103
2247 0.003000 2103
2248 0.003000 2103
2249 0.003000 2103
2250 0.003000 2103
2251 0.003000 2103
2252 0.003000 2103
2253 0.003000 2103
2254 0.003000 2103
2255 0.003000 2103
2256 0.003000 2103
2257 0.003000 2103
2258 0.003000 2103
2259 0.003000 2103
2260 0.003000 2103
2261 0.003000 2103
2262 0.003000 2103
2263 0.003000 2103
2264 0.003000 2103
2265 0.003000 2103
2266 0.003000 2103
2267 0.003000 2103
2268 0.003000 2103
2269 0.003000 2103
2270 0.003000 2103
2271 0.003000 2103
2272 0.003000 2103
2273 0.003000 2103
2274 0.003000 2103
2275 0.003000 2103
2276 0.003000 2103
2277 0.003000 2103
2278 0.003000 2103
2279 0.003000 2103
2280 0.003000 2103
2281 0.003000 2103
2282 0.003000 2103
2283 0.003000 2103
2284 0.003000 2103
2285 0.003000 2103
2286 0.003000 2103
2287 0.003000 2103
2288 0.003000 2103
2289 0.003000 2103
2290 0.003000 2103
2291 0.003000 2103
2292 0.003000 2103
2293 0.003000 2103
2294 0.003000 2103
2295 0.003000 2103
2296 0.003000 2103
2297 0.003000 2103
2298 0.003000 2103
2299 0.003000 2103
2300 0.003000 2103
2301 0.003000 2103
2302 0.003000 2103
2303 0.003000 2103
2304 0.003000 2103
2305 0.003000 2103
2306 0.003000 2103
2307 0.003000 2103
2308 0.003000 2103
2309 0.003000 2103
2310 0.003000 2103
2311 0.003000 2103
2312 0.003000 2103
2313 0.003000 2103
2314 0.003000 2103
2315 0.003000 2103
2316 0.003000 2103
2317 0.003000 2103
2318 0.003000 2103
2319 0.003000 2103
2320 0.003000 2103
2321 0.003000 2103
2322 0.003000 2103
2323 0.003000 2103
2324 0.003000 2103
2325 0.003000 2103
2326 0.003000 2103
2327 0.003000 2103
2328 0.003000 2103
2329 0.003000 2103
2330 0.003000 2103
2331 0.003000 2103
2332 0.003000 2103
2333 0.003000 2103
2334 0.003000 2103
2335 0.003000 2103
2336 0.003000 2103
2337 0.003000 2103
2338 0.003000 2103
2339 0.003000 2103
2340 0.003000 2103
2341 0.003000 2103
2342 0.003000 2103
2343 0.003000 2103
2344 0.003000 2103
2345 0.003000 2103
2346 0.003000 2103
2347 0.003000 2103
2348 0.003000 2103
2349 0.003000 2103
2350 0.003000 2103
2351 0.003000 2103
2352 0.003000 2103
2353 0.003000 2103
2354 0.003000 2103
2355 0.003000 2103
2356 0.003000 2103
2357 0.003000 2103
2358 0.003000 2103
2359 0.003000 2103
2360 0.003000 2103
2361 0.003000 2103
2362 0.003000 2103
2363 0.003000 2103
2364 0.003000 2103
2365 0.003000 2103
2366 0.003000 2103
2367 0.003000 2103
2368 0.003000 2103
2369 0.003000 2103
2370 0.003000 2103
2371 0.003000 2103
2372 0.003000 2103
2373 0.003000 2103
2374 0.003000 2103
2375 0.003000 2103
2376 0.003000 2103
2377 0.003000 2103
2378 0.003000 2103
2379 0.003000 2103
2380 0.003000 2103
2381 0.003000 2103
2382 0.003000 2103
2383 0.003000 2103
2384 0.003000 2103
2385 0.003000 2103
2386 0.003000 2103
2387 0.003000 2103
2388 0.003000 2103
2389 0.003000 2103
2390 0.003000 2103
2391 0.003000 2103
2392 0.003000 2103
2393 0.003000 2103
2394 0.003000 2103
2395 0.003000 2103
2396 0.003000 2103
2397 0.003000 2103
2398 0.003000 2103
2399 0.003000 2103
2400 0.003000 2103
2401 0.003000 2103
2402 0.003000 2103
2403 0.003000 2103
2404 0.003000 2103
2405 0.003000 2103
2406 0.003000 2103
2407 0.003000 2103
2408 0.003000 2103
2409 0.003000 2103
2410 0.003000 2103
2411 0.003000 2103
2412 0.003000 2103
2413 0.003000 2103
2414 0.003000 2103
2415 0.003000 2103
2416 0.003000 2103
2417 0.003000 2103
2418 0.003000 2103
2419 0.003000 2103
2420 0.003000 2103
2421 0.003000 2103
2422 0.003000 2103
2423 0.003000 2103
2424 0.003000 2103
2425 0.003000 2103
2426 0.003000 2103
2427 0.003000 2103
2428 0.003000 2103
2429 0.003000 2103
2430 0.003000 2103
2431 0.003000 2103
2432 0.003000 2103
2433 0.003000 2103
2434 0.003000 2103
2435 0.003000 2103
2436 0.003000 2103
2437 0.003000 2103
2438 0.003000 2103
2439 0.003000 2103
2440 0.003000 2103
2441 0.003000 2103
2442 0.003000 2103
2443 0.003000 2103
2444 0.003000 2103
2445 0.003000 2103
2446 0.003000 2103
2447 0.003000 2103
2448 0.003000 2103
2449 0.003000 2103
2450 0.003000 2103
2451 0.003000 2103
2452 0.003000 2103
2453 0.003000 2103
2454 0.003000 2103
2455 0.003000 2103
2456 0.003000 2103
2457 0.003000 2103
2458 0.003000 2103
2459 0.003000 2103
2460 0.003000 2103
2461 0.003000 2103
2462 0.003000 2103
2463 0.003000 2103
2464 0.003000 2103
2465 0.003000 2103
2466 0.003000 2103
2467 0.003000 2103
2468 0.003000 2103
2469 0.003000 2103
2470 0.003000 2103
2471 0.003000 2103
2472 0.003000 2103
2473 0.003000 2103
2474 0.003000 2103
2475 0.003000 2103
2476 0.003000 2103
2477 0.003000 2103
2478 0.003000 2103
2479 0.003000 2103
2480 0.003000 2103
2481 0.003000 2103
2482 0.003000 2103
2483 0.003000 2103
2484 0.003000 2103
2485 0.003000 2103
2486 0.003000 2103
2487 0.003000 2103
2488 0.003000 2103
2489 0.003000 2103
2490 0.003000 2103
2491 0.003000 2103
2492 0.003000 2103
2493 0.003000 2103
2494 0.003000 2103
2495 0.003000 2103
2496 0.003000 2103
2497 0.003000 2103
2498 0.003000 2103
2499 0.003000 2103
2500 0.003000 2103
2501 0.003000 2103
2502 0.003000 2103
2503 0.003000 2103
2504 0.003000 2103
2505 0.003000 2103
2506 0.003000 2103
2507 0.003000 2103
2508 0.003000 2103
2509 0.003000 2103
2510 0.003000 2103
2511 0.003000 2103
2512 0.003000 2103
2513 0.003000 2103
2514 0.003000 2103
2515 0.003000 2103
2516 0.003000 2103
2517 0.003000 2103
2518 0.003000 2103
2519 0.003000 2103
2520 0.003000 2103
2521 0.003000 2103
2522 0.003000 2103
2523 0.003000 2103
2524 0.003000 2103
2525 0.003000 2103
2526 0.003000 2103
2527 0.003000 2103
2528 0.003000 2103
2529 0.003000 2103
2530 0.003000 2103
2531 0.003000 2103
2532 0.003000 2103
2533 0.003000 2103
2534 0.003000 2103
2535 0.003000 2103
2536 0.003000 2103
2537 0.003000 2103
2538 0.003000 2103
2539 0.003000 2103
2540 0.003000 2103
2541 0.003000 2103
2542 0.003000 2103
2543 0.003000 2103
2544 0.003000 2103
2545 0.003000 2103
2546 0.003000 2103
2547 0.003000 2103
2548 0.003000 2103
2549 0.003000 2103
2550 0.003000 2103
2551 0.003000 2103
2552 0.003000 2103
2553 0.003000 2103
2554 0.003000 2103
2555 0.003000 2103
2556 0.003000 2103
2557 0.003000 2103
2558 0.003000 2103
2559 0.003000 2103
2560 0.003000 2103
2561 0.003000 2103
2562 0.003000 2103
2563 0.003000 2103
2564 0.003000 2103
2565 0.003000 2103
2566 0.003000 2103
2567 0.003000 2103
2568 0.003000 2103
2569 0.003000 2103
2570 0.003000 2103
2571 0.003000 2057
2572 0.003000 2057
2573 0.003000 2057
2574 0.003000 2057
2575 0.003000 2057
2576 0.003000 2057
2577 0.003000 2057
2578 0.003000 2057
2579 0.003000 2057
2580 0.003000 2057
2581 0.003000 2057
2582 0.003000 2057
2583 0.003000 2057
2584 0.003000 2057
2585 0.003000 2057
2586 0.003000 2057
2587 0.003000 2057
2588 0.003000 2057
2589 0.003000 2057
2590 0.003000 2057
2591 0.003000 2057
2592 0.003000 2057
2593 0.003000 2057
2594 0.003000 2057
2595 0.003000 2057
2596 0.003000 2057
2597 0.003000 2057
2598 0.003000 2057
2599 0.003000 2057
2600 0.003000 2057
2601 0.003000 2057
2602 0.003000 2057
2603 0.003000 2057
2604 0.003000 2057
2605 0.003000 2057
2606 0.003000 2057
2607 0.003000 2057
2608 0.003000 2057
2609 0.003000 2057
2610 0.003000 2057
2611 0.003000 2057
2612 0.003000 2057
2613 0.003000 2057
2614 0.003000 2057
2615 0.003000 2057
2616 0.003000 2057
2617 0.003000 2057
2618 0.003000 2057
2619 0.003000 2057
2620 0.003000 2057
2621 0.003000 2057
2622 0.003000 2057
2623 0.003000 2057
2624 0.003000 2057
2625 0.003000 2057
2626 0.003000 2057
2627 0.003000 2057
2628 0.003000 2057
2629 0.003000 2057
2630 0.003000 2057
2631 0.003000 2057
2632 0.003000 2057
2633 0.003000 2057
2634 0.003000 2057
2635 0.003000 2057
2636 0.003000 2057
2637 0.003000 2057
2638 0.003000 2057
2639 0.003000 2057
2640 0.003000 2057
2641 0.003000 2057
2642 0.003000 2057
2643 0.003000 2057
2644 0.003000 2057
2645 0.003000 2057
2646 0.003000 2057
2647 0.003000 2057
2648 0.003000 2057
2649 0.003000 2057
2650 0.003000 2057
2651 0.003000 2057
2652 0.003000 2057
2653 0.003000 2057
2654 0.003000 2057
2655 0.003000 2057
2656 0.003000 2057
2657 0.003000 2057
2658 0.003000 2057
2659 0.003000 2057
2660 0.003000 2057
2661 0.003000 2057
2662 0.003000 2057
2663 0.003000 2057
2664 0.003000 2057
2665 0.003000 2057
2666 0.003000 2057
2667 0.003000 2057
2668 0.003000 2057
2669 0.003000 2057
2670 0.003000 2057
2671 0.003000 2057
2672 0.003000 2057
2673 0.003000 2057
2674 0.003000 2057
2675 0.003000 2057
2676 0.003000 2057
2677 0.003000 2057
2678 0.003000 2057
2679 0.003000 2057
2680 0.003000 2057
2681 0.003000 2057
2682 0.003000 2057
2683 0.003000 2057
2684 0.003000 2057
2685 0.003000 2057
2686 0.003000 2057
2687 0.003000 2057
2688 0.003000 2057
2689 0.003000 2057
2690 0.003000 2057
2691 0.003000 2057
2692 0.003000 2057
2693 0.003000 2057
2694 0.003000 2057
2695 0.003000 2057
2696 0.003000 2057
2697 0.003000 2057
2698 0.003000 2057
2699 0.003000 2057
2700 0.003000 2057
2701 0.003000 2057
2702 0.003000 2057
2703 0.003000 2057
2704 0.003000 2057
2705 0.003000 2057
2706 0.003000 2057
2707 0.003000 2057
2708 0.003000 2057
2709 0.003000 2057
2710 0.003000 2057
2711 0.003000 2057
2712 0.003000 2057
2713 0.003000 2057
2714 0.003000 2057
2715 0.003000 2057
2716 0.003000 2057
2717 0.003000 2057
2718 0.003000 2057
2719 0.003000 2057
2720 0.003000 2057
2721 0.003000 2057
2722 0.003000 2057
2723 0.003000 2057
2724 0.003000 2057
2725 0.003000 2057
2726 0.003000 2057
2727 0.003000 2057
2728 0.003000 2057
2729 0.003000 2057
2730 0.003000 2057
2731 0.003000 2057
2732 0.003000 2057
2733 0.003000 2057
2734 0.003000 2057
2735 0.003000 2057
2736 0.003000 2057
2737 0.003000 2057
2738 0.003000 2057
2739 0.003000 2057
2740 0.003000 2057
2741 0.003000 2057
2742 0.003000 2057
2743 0.003000 2057
2744 0.003000 2057
2745 0.003000 2057
2746 0.003000 2057
2747 0.003000 2057
2748 0.003000 2057
2749 0.003000 2057
2750 0.003000 2057
2751 0.003000 2057
2752 0.003000 2057
2753 0.003000 2057
2754 0.003000 2057
2755 0.003000 2057
2756 0.003000 2057
2757 0.003000 2057
2758 0.003000 2057
2759 0.003000 2057
2760 0.003000 2057
2761 0.003000 2057
2762 0.003000 2057
2763 0.003000 2057
2764 0.003000 2057
2765 0.003000 2057
2766 0.003000 2057
2767 0.003000 2057
2768 0.003000 2057
2769 0.003000 2057
2770 0.003000 2057
2771 0.003000 2057
2772 0.003000 2057
2773 0.003000 2057
2774 0.003000 2057
2775 0.003000 2057
2776 0.003000 2057
2777 0.003000 2057
2778 0.003000 2057
2779 0.003000 2057
2780 0.003000 2057
2781 0.003000 2057
2782 0.003000 2057
2783 0.003000 2057
2784 0.003000 2057
2785 0.003000 2057
2786 0.003000 2057
2787 0.003000 2057
2788 0.003000 2057
2789 0.003000 2057
2790 0.003000 2057
2791 0.003000 2057
2792 0.003000 2057
2793 0.003000 2057
2794 0.003000 2057
2795 0.003000 2057
2796 0.003000 2057
2797 0.003000 2057
2798 0.003000 2057
2799 0.003000 2057
2800 0.003000 2057
2801 0.003000 2057
2802 0.003000 2057
2803 0.003000 2057
2804 0.003000 2057
2805 0.003000 2057
2806 0.003000 2057
2807 0.003000 2057
2808 0.003000 2057
2809 0.003000 2057
2810 0.003000 2057
2811 0.003000 2057
2812 0.003000 2057
2813 0.003000 2057
2814 0.003000 2057
2815 0.003000 2057
2816 0.003000 2057
2817 0.003000 2057
2818 0.003000 2057
2819 0.003000 2057
2820 0.003000 2057
2821 0.003000 2057
2822 0.003000 2057
2823 0.003000 2057
2824 0.003000 2057
2825 0.003000 2057
2826 0.003000 2057
2827 0.003000 2057
2828 0.003000 2057
2829 0.003000 2057
2830 0.003000 2057
2831 0.003000 2057
2832 0.003000 2057
2833 0.003000 2057
2834 0.003000 2057
2835 0.003000 2057
2836 0.003000 2057
2837 0.003000 2057
2838 0.003000 2057
2839 0.003000 2057
2840 0.003000 2057
2841 0.003000 2057
2842 0.003000 2057
2843 0.003000 2057
2844 0.003000 2057
2845 0.003000 2057
2846 0.003000 2057
2847 0.003000 2057
2848 0.003000 2057
2849 0.003000 2057
2850 0.003000 2057
2851 0.003000 2057
2852 0.003000 2057
2853 0.003000 2057
2854 0.003000 2057
2855 0.003000 2057
2856 0.003000 2057
2857 0.003000 2057
2858 0.003000 2057
2859 0.003000 2057
2860 0.003000 2057
2861 0.003000 2057
2862 0.003000 2057
2863 0.003000 2057
2864 0.003000 2057
2865 0.003000 2057
2866 0.003000 2057
2867 0.003000 2057
2868 0.003000 2057
2869 0.003000 2057
2870 0.003000 2057
2871 0.003000 2057
2872 0.003000 2057
2873 0.003000 2057
2874 0.003000 2057
2875 0.003000 2057
2876 0.003000 2057
2877 0.003000 2057
2878 0.003000 2057
2879 0.003000 2057
2880 0.003000 2057
2881 0.003000 2057
2882 0.003000 2057
2883 0.003000 2057
2884 0.003000 2057
2885 0.003000 2057
2886 0.003000 2057
2887 0.003000 2057
2888 0.003000 2057
2889 0.003000 2057
2890 0.003000 2057
2891 0.003000 2057
2892 0.003000 2057
2893 0.003000 2057
2894 0.003000 2057
2895 0.003000 2057
2896 0.003000 2057
2897 0.003000 2057
2898 0.003000 2057
2899 0.003000 2057
2900 0.003000 2057
2901 0.003000 2057
2902 0.003000 2057
2903 0.003000 2057
2904 0.003000 2057
2905 0.003000 2057
2906 0.003000 2057
2907 0.003000 2057
2908 0.003000 2057
2909 0.003000 2057
2910 0.003000 2057
2911 0.003000 2057
2912 0.003000 2057
2913 0.003000 2057
2914 0.003000 2057
2915 0.003000 2057
2916 0.003000 2057
2917 0.003000 2057
2918 0.003000 2057
2919 0.003000 2057
2920 0.003000 2057
2921 0.003000 2057
2922 0.003000 2057
2923 0.003000 2057
2924 0.003000 2057
2925 0.003000 2057
2926 0.003000 2057
2927 0.003000 2057
2928 0.003000 2057
2929 0.003000 2057
2930 0.003000 2057
2931 0.003000 2057
2932 0.003000 2057
2933 0.003000 2057
2934 0.003000 2057
2935 0.003000 2057
2936 0.003000 2057
2937 0.003000 2057
2938 0.003000 2057
2939 0.003000 2057
2940 0.003000 2057
2941 0.003000 2057
2942 0.003000 2057
2943 0.003000 2057
2944 0.003000 2057
2945 0.003000 2057
2946 0.003000 2057
2947 0.003000 2057
2948 0.003000 2057
2949 0.003000 2057
2950 0.003000 2057
2951 0.003000 2057
2952 0.003000 2057
2953 0.003000 2057
2954 0.003000 2057
2955 0.003000 2057
2956 0.003000 2057
2957 0.003000 2057
2958 0.003000 2057
2959 0.003000 2057
2960 0.003000 2057
2961 0.003000 2057
2962 0.003000 2057
2963 0.003000 2057
2964 0.003000 2057
2965 0.003000 2057
2966 0.003000 2057
2967 0.003000 2057
2968 0.003000 2057
2969 0.003000 2057
2970 0.003000 2057
2971 0.003000 2057
2972 0.003000 2057
2973 0.003000 2057
2974 0.003000 2057
2975 0.003000 2057
2976 0.003000 2057
2977 0.003000 2057
2978 0.003000 2057
2979 0.003000 2057
2980 0.003000 2057
2981 0.003000 2057
2982 0.003000 2057
2983 0.003000 2057
2984 0.003000 2057
2985 0.003000 2057
2986 0.003000 2057
2987 0.003000 2057
2988 0.003000 2057
2989 0.003000 2057
2990 0.003000 2057
2991 0.003000 2057
2992 0.003000 2057
2993 0.003000 2057
2994 0.003000 2057
2995 0.003000 2057
2996 0.003000 2057
2997 0.003000 2057
2998 0.003000 2057
2999 0.003000 2057
3000 0.003000 2057
# Final Best Cost: 2057
