# first_value: 2374
# Instance: eil76.tsp
# Method: random-search
# output: time cost
0 2374
1 0.000000 2374
2 0.000000 2374
3 0.000000 2374
4 0.000000 2374
5 0.000000 2374
6 0.000000 2374
7 0.000000 2374
8 0.000000 2374
9 0.000000 2374
10 0.000000 2374
11 0.000000 2374
12 0.000000 2374
13 0.000000 2374
14 0.000000 2374
15 0.000000 2374
16 0.000000 2374
17 0.000000 2374
18 0.000000 2374
19 0.000000 2374
20 0.000000 2374
21 0.000000 2374
22 0.000000 2374
23 0.000000 2314
24 0.000000 2314
25 0.000000 2314
26 0.000000 2314
27 0.000000 2314
28 0.000000 2314
29 0.000000 2314
30 0.000000 2314
31 0.000000 2307
32 0.000000 2307
33 0.000000 2307
34 0.000000 2307
35 0.000000 2307
36 0.000000 2307
37 0.000000 2307
38 0.000000 2307
39 0.000000 2307
40 0.000000 2307
41 0.000000 2307
42 0.000000 2307
43 0.000000 2307
44 0.000000 2307
45 0.000000 2307
46 0.000000 2307
47 0.000000 2307
48 0.000000 2307
49 0.000000 2307
50 0.000000 2307
51 0.000000 2307
52 0.000000 2307
53 0.000000 2307
54 0.000000 2307
55 0.000000 2307
56 0.000000 2307
57 0.000000 2307
58 0.000000 2307
59 0.000000 2307
60 0.000000 2307
61 0.000000 2307
62 0.000000 2307
63 0.000000 2307
64 0.000000 2307
65 0.000000 2307
66 0.000000 2307
67 0.000000 2307
68 0.000000 2307
69 0.000000 2307
70 0.000000 2307
71 0.000000 2307
72 0.000000 2307
73 0.000000 2307
74 0.000000 2307
75 0.000000 2307
76 0.000000 2307
77 0.000000 2307
78 0.000000 2307
79 0.000000 2307
80 0.000000 2307
81 0.000000 2307
82 0.000000 2307
83 0.000000 2307
84 0.000000 2307
85 0.000000 2307
86 0.000000 2307
87 0.000000 2307
88 0.000000 2307
89 0.000000 2307
90 0.000000 2307
91 0.000000 2286
92 0.000000 2273
93 0.000000 2273
94 0.000000 2273
95 0.000000 2273
96 0.000000 2273
97 0.000000 2273
98 0.000000 2273
99 0.000000 2273
100 0.000000 2273
101 0.000000 2273
102 0.000000 2273
103 0.000000 2273
104 0.000000 2273
105 0.000000 2273
106 0.000000 2273
107 0.000000 2273
108 0.000000 2273
109 0.000000 2273
110 0.000000 2273
111 0.000000 2273
112 0.000000 2273
113 0.000000 2273
114 0.000000 2273
115 0.000000 2273
116 0.000000 2273
117 0.000000 2273
118 0.000000 2273
119 0.000000 2273
120 0.000000 2273
121 0.000000 2273
122 0.000000 2273
123 0.000000 2273
124 0.000000 2273
125 0.000000 2273
126 0.000000 2273
127 0.000000 2273
128 0.000000 2273
129 0.000000 2273
130 0.000000 2273
131 0.000000 2273
132 0.000000 2273
133 0.000000 2273
134 0.000000 2273
135 0.000000 2273
136 0.000000 2273
137 0.000000 2251
138 0.000000 2251
139 0.000000 2251
140 0.000000 2251
141 0.000000 2251
142 0.000000 2251
143 0.000000 2251
144 0.000000 2251
145 0.000000 2251
146 0.000000 2251
147 0.000000 2251
148 0.000000 2251
149 0.000000 2251
150 0.000000 2251
151 0.000000 2251
152 0.000000 2251
153 0.000000 2251
154 0.000000 2251
155 0.000000 2251
156 0.000000 2251
157 0.000000 2251
158 0.000000 2251
159 0.000000 2251
160 0.000000 2251
161 0.000000 2251
162 0.000000 2251
163 0.000000 2251
164 0.000000 2251
165 0.000000 2251
166 0.000000 2251
167 0.000000 2251
168 0.000000 2251
169 0.000000 2251
170 0.000000 2251
171 0.000000 2251
172 0.000000 2251
173 0.000000 2251
174 0.000000 2251
175 0.000000 2251
176 0.000000 2251
177 0.000000 2251
178 0.000000 2251
179 0.000000 2251
180 0.000000 2251
181 0.000000 2251
182 0.000000 2251
183 0.000000 2251
184 0.000000 2251
185 0.000000 2251
186 0.000000 2251
187 0.000000 2251
188 0.000000 2251
189 0.000000 2251
190 0.000000 2251
191 0.000000 2251
192 0.000000 2251
193 0.000000 2251
194 0.000000 2251
195 0.000000 2251
196 0.000000 2251
197 0.000000 2251
198 0.000000 2251
199 0.000000 2251
200 0.000000 2251
201 0.000000 2251
202 0.000000 2251
203 0.000000 2251
204 0.000000 2251
205 0.000000 2251
206 0.000000 2251
207 0.000000 2251
208 0.000000 2251
209 0.000000 2251
210 0.000000 2251
211 0.000000 2251
212 0.000000 2251
213 0.000000 2166
214 0.000000 2166
215 0.000000 2166
216 0.000000 2166
217 0.000000 2166
218 0.000000 2166
219 0.000000 2166
220 0.000000 2166
221 0.000000 2166
222 0.000000 2166
223 0.000000 2166
224 0.000000 2166
225 0.000000 2166
226 0.000000 2166
227 0.000000 2166
228 0.000000 2166
229 0.000000 2166
230 0.000000 2166
231 0.000000 2166
232 0.000000 2166
233 0.000000 2166
234 0.000000 2166
235 0.000000 2166
236 0.000000 2166
237 0.000000 2166
238 0.000000 2166
239 0.000000 2166
240 0.000000 2166
241 0.000000 2166
242 0.000000 2166
243 0.000000 2166
244 0.000000 2166
245 0.000000 2166
246 0.000000 2166
247 0.000000 2166
248 0.000000 2166
249 0.000000 2166
250 0.000000 2166
251 0.000000 2166
252 0.000000 2166
253 0.000000 2166
254 0.000000 2166
255 0.000000 2166
256 0.000000 2166
257 0.000000 2166
258 0.000000 2166
259 0.000000 2166
260 0.000000 2166
261 0.000000 2166
262 0.000000 2166
263 0.000000 2166
264 0.000000 2166
265 0.000000 2166
266 0.000000 2166
267 0.000000 2166
268 0.000000 2166
269 0.000000 2166
270 0.000000 2166
271 0.000000 2166
272 0.000000 2166
273 0.000000 2166
274 0.000000 2166
275 0.000000 2166
276 0.000000 2166
277 0.000000 2166
278 0.000000 2166
279 0.000000 2166
280 0.000000 2166
281 0.000000 2166
282 0.000000 2166
283 0.000000 2166
284 0.000000 2166
285 0.000000 2166
286 0.000000 2166
287 0.000000 2166
288 0.000000 2166
289 0.000000 2166
290 0.000000 2166
291 0.000000 2166
292 0.000000 2166
293 0.000000 2166
294 0.000000 2166
295 0.000000 2166
296 0.000000 2166
297 0.000000 2166
298 0.000000 2166
299 0.000000 2166
300 0.000000 2166
301 0.000000 2166
302 0.000000 2166
303 0.000000 2166
304 0.000000 2166
305 0.000000 2166
306 0.000000 2166
307 0.000000 2166
308 0.000000 2166
309 0.000000 2166
310 0.000000 2166
311 0.000000 2166
312 0.000000 2166
313 0.000000 2166
314 0.000000 2166
315 0.000000 2166
316 0.000000 2166
317 0.000000 2166
318 0.000000 2166
319 0.000000 2166
320 0.000000 2166
321 0.000000 2166
322 0.000000 2166
323 0.000000 2166
324 0.000000 2166
325 0.000000 2166
326 0.000000 2166
327 0.000000 2166
328 0.000000 2166
329 0.000000 2166
330 0.000000 2166
331 0.000000 2166
332 0.000000 2166
333 0.000000 2166
334 0.000000 2166
335 0.000000 2166
336 0.000000 2166
337 0.000000 2166
338 0.000000 2166
339 0.000000 2166
340 0.000000 2166
341 0.000000 2166
342 0.000000 2166
343 0.000000 2166
344 0.000000 2166
345 0.000000 2166
346 0.000000 2166
347 0.000000 2166
348 0.000000 2166
349 0.000000 2166
350 0.000000 2166
351 0.000000 2166
352 0.000000 2166
353 0.000000 2166
354 0.000000 2166
355 0.000000 2166
356 0.000000 2166
357 0.001000 2166
358 0.001000 2166
359 0.001000 2166
360 0.001000 2166
361 0.001000 2166
362 0.001000 2166
363 0.001000 2166
364 0.001000 2166
365 0.001000 2166
366 0.001000 2166
367 0.001000 2166
368 0.001000 2166
369 0.001000 2166
370 0.001000 2166
371 0.001000 2166
372 0.001000 2166
373 0.001000 2166
374 0.001000 2166
375 0.001000 2166
376 0.001000 2166
377 0.001000 2166
378 0.001000 2166
379 0.001000 2166
380 0.001000 2166
381 0.001000 2166
382 0.001000 2166
383 0.001000 2166
384 0.001000 2166
385 0.001000 2166
386 0.001000 2166
387 0.001000 2166
388 0.001000 2166
389 0.001000 2166
390 0.001000 2166
391 0.001000 2166
392 0.001000 2166
393 0.001000 2166
394 0.001000 2166
395 0.001000 2166
396 0.001000 2166
397 0.001000 2166
398 0.001000 2166
399 0.001000 2166
400 0.001000 2166
401 0.001000 2166
402 0.001000 2166
403 0.001000 2166
404 0.001000 2166
405 0.001000 2166
406 0.001000 2166
407 0.001000 2166
408 0.001000 2166
409 0.001000 2166
410 0.001000 2166
411 0.001000 2166
412 0.001000 2166
413 0.001000 2166
414 0.001000 2166
415 0.001000 2166
416 0.001000 2166
417 0.001000 2166
418 0.001000 2166
419 0.001000 2166
420 0.001000 2166
421 0.001000 2166
422 0.001000 2166
423 0.001000 2166
424 0.001000 2166
425 0.001000 2166
426 0.001000 2166
427 0.001000 2166
428 0.001000 2166
429 0.001000 2166
430 0.001000 2166
431 0.001000 2166
432 0.001000 2166
433 0.001000 2166
434 0.001000 2166
435 0.001000 2166
436 0.001000 2166
437 0.001000 2166
438 0.001000 2166
439 0.001000 2166
440 0.001000 2166
441 0.001000 2166
442 0.001000 2166
443 0.001000 2166
444 0.001000 2166
445 0.001000 2166
446 0.001000 2166
447 0.001000 2166
448 0.001000 2166
449 0.001000 2166
450 0.001000 2166
451 0.001000 2166
452 0.001000 2166
453 0.001000 2166
454 0.001000 2166
455 0.001000 2166
456 0.001000 2166
457 0.001000 2166
458 0.001000 2166
459 0.001000 2166
460 0.001000 2166
461 0.001000 2166
462 0.001000 2166
463 0.001000 2166
464 0.001000 2166
465 0.001000 2166
466 0.001000 2166
467 0.001000 2166
468 0.001000 2166
469 0.001000 2166
470 0.001000 2166
471 0.001000 2166
472 0.001000 2166
473 0.001000 2166
474 0.001000 2166
475 0.001000 2166
476 0.001000 2166
477 0.001000 2166
478 0.001000 2166
479 0.001000 2166
480 0.001000 2166
481 0.001000 2166
482 0.001000 2166
483 0.001000 2166
484 0.001000 2166
485 0.001000 2166
486 0.001000 2166
487 0.001000 2166
488 0.001000 2166
489 0.001000 2166
490 0.001000 2166
491 0.001000 2166
492 0.001000 2166
493 0.001000 2166
494 0.001000 2166
495 0.001000 2166
496 0.001000 2166
497 0.001000 2166
498 0.001000 2166
499 0.001000 2166
500 0.001000 2166
501 0.001000 2166
502 0.001000 2166
503 0.001000 2166
504 0.001000 2166
505 0.001000 2166
506 0.001000 2166
507 0.001000 2166
508 0.001000 2166
509 0.001000 2166
510 0.001000 2166
511 0.001000 2166
512 0.001000 2166
513 0.001000 2166
514 0.001000 2166
515 0.001000 2166
516 0.001000 2166
517 0.001000 2166
518 0.001000 2166
519 0.001000 2166
520 0.001000 2166
521 0.001000 2166
522 0.001000 2166
523 0.001000 2166
524 0.001000 2166
525 0.001000 2166
526 0.001000 2166
527 0.001000 2166
528 0.001000 2166
529 0.001000 2166
530 0.001000 2166
531 0.001000 2166
532 0.001000 2166
533 0.001000 2166
534 0.001000 2166
535 0.001000 2166
536 0.001000 2166
537 0.001000 2166
538 0.001000 2166
539 0.001000 2166
540 0.001000 2166
541 0.001000 2166
542 0.001000 2166
543 0.001000 2166
544 0.001000 2166
545 0.001000 2166
546 0.001000 2166
547 0.001000 2166
548 0.001000 2166
549 0.001000 2166
550 0.001000 2166
551 0.001000 2166
552 0.001000 2166
553 0.001000 2166
554 0.001000 2166
555 0.001000 2166
556 0.001000 2166
557 0.001000 2166
558 0.001000 2166
559 0.001000 2166
560 0.001000 2166
561 0.001000 2166
562 0.001000 2166
563 0.001000 2166
564 0.001000 2166
565 0.001000 2166
566 0.001000 2166
567 0.001000 2166
568 0.001000 2166
569 0.001000 2166
570 0.001000 2166
571 0.001000 2166
572 0.001000 2166
573 0.001000 2166
574 0.001000 2166
575 0.001000 2166
576 0.001000 2166
577 0.001000 2166
578 0.001000 2166
579 0.001000 2166
580 0.001000 2166
581 0.001000 2166
582 0.001000 2166
583 0.001000 2166
584 0.001000 2166
585 0.001000 2166
586 0.001000 2166
587 0.001000 2166
588 0.001000 2166
589 0.001000 2166
590 0.001000 2166
591 0.001000 2166
592 0.001000 2166
593 0.001000 2166
594 0.001000 2166
595 0.001000 2166
596 0.001000 2166
597 0.001000 2166
598 0.001000 2166
599 0.001000 2166
600 0.001000 2166
601 0.001000 2166
602 0.001000 2166
603 0.001000 2166
604 0.001000 2166
605 0.001000 2166
606 0.001000 2166
607 0.001000 2166
608 0.001000 2166
609 0.001000 2166
610 0.001000 2166
611 0.001000 2166
612 0.001000 2166
613 0.001000 2166
614 0.001000 2166
615 0.001000 2166
616 0.001000 2166
617 0.001000 2166
618 0.001000 2166
619 0.001000 2166
620 0.001000 2166
621 0.001000 2166
622 0.001000 2166
623 0.001000 2166
624 0.001000 2166
625 0.001000 2166
626 0.001000 2166
627 0.001000 2166
628 0.001000 2166
629 0.001000 2166
630 0.001000 2166
631 0.001000 2166
632 0.001000 2166
633 0.001000 2166
634 0.001000 2166
635 0.001000 2166
636 0.001000 2166
637 0.001000 2166
638 0.001000 2166
639 0.001000 2166
640 0.001000 2166
641 0.001000 2166
642 0.001000 2166
643 0.001000 2166
644 0.001000 2166
645 0.001000 2166
646 0.001000 2166
647 0.001000 2166
648 0.001000 2166
649 0.001000 2166
650 0.001000 2166
651 0.001000 2166
652 0.001000 2166
653 0.001000 2166
654 0.001000 2166
655 0.001000 2166
656 0.001000 2166
657 0.001000 2166
658 0.001000 2166
659 0.001000 2166
660 0.001000 2166
661 0.001000 2166
662 0.001000 2166
663 0.001000 2166
664 0.001000 2166
665 0.001000 2166
666 0.001000 2166
667 0.001000 2166
668 0.001000 2166
669 0.001000 2166
670 0.001000 2166
671 0.001000 2166
672 0.001000 2166
673 0.001000 2166
674 0.001000 2166
675 0.001000 2166
676 0.001000 2166
677 0.001000 2166
678 0.001000 2166
679 0.001000 2166
680 0.001000 2166
681 0.001000 2166
682 0.001000 2166
683 0.001000 2166
684 0.001000 2166
685 0.001000 2166
686 0.001000 2166
687 0.001000 2166
688 0.001000 2166
689 0.001000 2166
690 0.001000 2166
691 0.001000 2166
692 0.001000 2166
693 0.001000 2166
694 0.001000 2166
695 0.001000 2166
696 0.001000 2166
697 0.001000 2166
698 0.001000 2166
699 0.001000 2166
700 0.001000 2166
701 0.001000 2166
702 0.001000 2166
703 0.001000 2166
704 0.001000 2166
705 0.001000 2166
706 0.001000 2166
707 0.001000 2166
708 0.001000 2166
709 0.001000 2166
710 0.001000 2166
711 0.001000 2166
712 0.001000 2166
713 0.001000 2166
714 0.001000 2166
715 0.001000 2166
716 0.001000 2166
717 0.001000 2166
718 0.001000 2166
719 0.001000 2166
720 0.001000 2166
721 0.001000 2166
722 0.001000 2166
723 0.001000 2166
724 0.001000 2166
725 0.001000 2166
726 0.001000 2166
727 0.001000 2166
728 0.001000 2166
729 0.001000 2166
730 0.001000 2166
731 0.001000 2166
732 0.001000 2166
733 0.001000 2166
734 0.001000 2166
735 0.001000 2166
736 0.001000 2166
737 0.001000 2166
738 0.001000 2166
739 0.001000 2166
740 0.001000 2166
741 0.001000 2166
742 0.001000 2166
743 0.001000 2166
744 0.001000 2166
745 0.001000 2166
746 0.001000 2166
747 0.001000 2166
748 0.001000 2166
749 0.001000 2166
750 0.001000 2166
751 0.001000 2166
752 0.001000 2166
753 0.001000 2166
754 0.001000 2166
755 0.001000 2166
756 0.001000 2166
757 0.001000 2166
758 0.001000 2166
759 0.001000 2166
760 0.001000 2166
761 0.001000 2166
762 0.001000 2166
763 0.001000 2166
764 0.001000 2166
765 0.001000 2166
766 0.001000 2166
767 0.001000 2166
768 0.001000 2166
769 0.001000 2166
770 0.001000 2166
771 0.001000 2166
772 0.001000 2166
773 0.001000 2166
774 0.001000 2166
775 0.001000 2166
776 0.001000 2166
777 0.001000 2166
778 0.001000 2166
779 0.001000 2166
780 0.001000 2166
781 0.001000 2166
782 0.001000 2166
783 0.001000 2166
784 0.001000 2166
785 0.001000 2166
786 0.001000 2166
787 0.001000 2166
788 0.001000 2166
789 0.001000 2166
790 0.001000 2166
791 0.001000 2166
792 0.001000 2166
793 0.001000 2166
794 0.001000 2166
795 0.001000 2166
796 0.001000 2166
797 0.001000 2166
798 0.001000 2166
799 0.001000 2166
800 0.001000 2166
801 0.001000 2166
802 0.001000 2166
803 0.001000 2166
804 0.001000 2166
805 0.001000 2166
806 0.001000 2166
807 0.001000 2166
808 0.001000 2166
809 0.001000 2166
810 0.001000 2166
811 0.001000 2166
812 0.001000 2166
813 0.001000 2166
814 0.001000 2166
815 0.001000 2166
816 0.001000 2166
817 0.001000 2166
818 0.001000 2166
819 0.001000 2166
820 0.001000 2166
821 0.001000 2166
822 0.001000 2166
823 0.001000 2166
824 0.001000 2166
825 0.001000 2166
826 0.001000 2166
827 0.001000 2166
828 0.001000 2166
829 0.001000 2166
830 0.001000 2166
831 0.001000 2166
832 0.001000 2166
833 0.001000 2166
834 0.001000 2166
835 0.001000 2166
836 0.001000 2166
837 0.001000 2166
838 0.001000 2166
839 0.001000 2166
840 0.001000 2166
841 0.001000 2166
842 0.001000 2166
843 0.001000 2166
844 0.001000 2166
845 0.001000 2166
846 0.001000 2166
847 0.001000 2166
848 0.001000 2166
849 0.001000 2166
850 0.001000 2166
851 0.001000 2166
852 0.001000 2166
853 0.001000 2166
854 0.001000 2166
855 0.001000 2166
856 0.001000 2166
857 0.001000 2166
858 0.001000 2166
859 0.001000 2166
860 0.001000 2166
861 0.001000 2166
862 0.001000 2166
863 0.001000 2166
864 0.001000 2166
865 0.001000 2166
866 0.001000 2166
867 0.001000 2166
868 0.001000 2166
869 0.001000 2166
870 0.001000 2166
871 0.001000 2166
872 0.001000 2166
873 0.001000 2166
874 0.001000 2166
875 0.001000 2166
876 0.001000 2166
877 0.001000 2166
878 0.001000 2166
879 0.001000 2166
880 0.001000 2166
881 0.001000 2166
882 0.001000 2166
883 0.001000 2166
884 0.001000 2166
885 0.001000 2166
886 0.001000 2166
887 0.001000 2166
888 0.001000 2166
889 0.001000 2166
890 0.001000 2166
891 0.001000 2166
892 0.001000 2166
893 0.001000 2166
894 0.001000 2166
895 0.001000 2166
896 0.001000 2166
897 0.001000 2166
898 0.001000 2166
899 0.001000 2166
900 0.001000 2166
901 0.001000 2166
902 0.001000 2166
903 0.001000 2166
904 0.001000 2166
905 0.001000 2166
906 0.001000 2166
907 0.001000 2166
908 0.001000 2166
909 0.001000 2166
910 0.001000 2166
911 0.001000 2166
912 0.001000 2166
913 0.001000 2166
914 0.001000 2166
915 0.001000 2166
916 0.001000 2166
917 0.001000 2166
918 0.001000 2166
919 0.001000 2166
920 0.001000 2166
921 0.001000 2166
922 0.001000 2166
923 0.001000 2166
924 0.001000 2166
925 0.001000 2166
926 0.001000 2166
927 0.001000 2166
928 0.001000 2166
929 0.001000 2166
930 0.001000 2166
931 0.001000 2166
932 0.001000 2166
933 0.001000 2166
934 0.001000 2166
935 0.001000 2166
936 0.001000 2166
937 0.001000 2166
938 0.001000 2166
939 0.001000 2166
940 0.001000 2166
941 0.001000 2166
942 0.001000 2166
943 0.001000 2166
944 0.001000 2166
945 0.001000 2166
946 0.001000 2166
947 0.001000 2166
948 0.001000 2166
949 0.001000 2166
950 0.001000 2166
951 0.001000 2166
952 0.001000 2166
953 0.001000 2166
954 0.001000 2166
955 0.001000 2166
956 0.001000 2166
957 0.001000 2166
958 0.001000 2166
959 0.001000 2166
960 0.001000 2166
961 0.001000 2166
962 0.001000 2166
963 0.001000 2166
964 0.001000 2166
965 0.001000 2166
966 0.001000 2166
967 0.001000 2166
968 0.001000 2166
969 0.001000 2166
970 0.001000 2166
971 0.001000 2166
972 0.001000 2166
973 0.001000 2166
974 0.001000 2166
975 0.001000 2166
976 0.001000 2166
977 0.001000 2166
978 0.001000 2166
979 0.001000 2166
980 0.001000 2166
981 0.001000 2166
982 0.001000 2166
983 0.001000 2166
984 0.001000 2166
985 0.001000 2166
986 0.001000 2166
987 0.001000 2166
988 0.001000 2166
989 0.001000 2166
990 0.001000 2166
991 0.001000 2166
992 0.001000 2166
993 0.001000 2166
994 0.001000 2166
995 0.001000 2166
996 0.001000 2166
997 0.001000 2166
998 0.001000 2166
999 0.001000 2166
1000 0.001000 2166
1001 0.001000 2166
1002 0.001000 2166
1003 0.001000 2166
1004 0.001000 2166
1005 0.001000 2166
1006 0.001000 2166
1007 0.001000 2166
1008 0.001000 2166
1009 0.001000 2166
1010 0.001000 2166
1011 0.001000 2166
1012 0.001000 2166
1013 0.001000 2166
1014 0.001000 2166
1015 0.001000 2166
1016 0.001000 2166
1017 0.001000 2166
1018 0.001000 2166
1019 0.001000 2166
1020 0.001000 2166
1021 0.001000 2166
1022 0.001000 2166
1023 0.001000 2166
1024 0.001000 2166
1025 0.001000 2166
1026 0.001000 2166
1027 0.001000 2166
1028 0.001000 2166
1029 0.001000 2166
1030 0.001000 2166
1031 0.001000 2166
1032 0.001000 2166
1033 0.001000 2166
1034 0.001000 2166
1035 0.001000 2166
1036 0.001000 2166
1037 0.001000 2166
1038 0.001000 2166
1039 0.001000 2166
1040 0.001000 2166
1041 0.001000 2166
1042 0.001000 2166
1043 0.001000 2166
1044 0.001000 2166
1045 0.001000 2166
1046 0.001000 2166
1047 0.001000 2166
1048 0.001000 2166
1049 0.001000 2166
1050 0.001000 2166
1051 0.001000 2166
1052 0.001000 2166
1053 0.001000 2166
1054 0.001000 2166
1055 0.001000 2166
1056 0.001000 2166
1057 0.001000 2166
1058 0.001000 2166
1059 0.001000 2166
1060 0.001000 2166
1061 0.001000 2166
1062 0.001000 2166
1063 0.001000 2166
1064 0.001000 2166
1065 0.001000 2166
1066 0.001000 2166
1067 0.001000 2166
1068 0.001000 2166
1069 0.001000 2166
1070 0.001000 2166
1071 0.001000 2166
1072 0.001000 2166
1073 0.001000 2166
1074 0.001000 2166
1075 0.001000 2166
1076 0.001000 2166
1077 0.001000 2166
1078 0.001000 2166
1079 0.001000 2166
1080 0.001000 2166
1081 0.001000 2166
1082 0.001000 2166
1083 0.001000 2166
1084 0.001000 2166
1085 0.001000 2166
1086 0.001000 2166
1087 0.001000 2166
1088 0.001000 2166
1089 0.001000 2166
1090 0.001000 2166
1091 0.001000 2166
1092 0.001000 2166
1093 0.001000 2166
1094 0.001000 2166
1095 0.001000 2166
1096 0.001000 2166
1097 0.001000 2166
1098 0.001000 2166
1099 0.001000 2166
1100 0.001000 2166
1101 0.001000 2166
1102 0.001000 2166
1103 0.001000 2166
1104 0.001000 2166
1105 0.001000 2166
1106 0.001000 2166
1107 0.001000 2166
1108 0.001000 2166
1109 0.001000 2166
1110 0.001000 2166
1111 0.001000 2166
1112 0.001000 2166
1113 0.001000 2166
1114 0.001000 2166
1115 0.001000 2166
1116 0.001000 2166
1117 0.001000 2166
1118 0.001000 2166
1119 0.001000 2166
1120 0.001000 2166
1121 0.001000 2166
1122 0.001000 2166
1123 0.001000 2166
1124 0.001000 2166
1125 0.001000 2166
1126 0.001000 2166
1127 0.001000 2166
1128 0.001000 2166
1129 0.001000 2166
1130 0.001000 2166
1131 0.001000 2166
1132 0.001000 2166
1133 0.001000 2166
1134 0.001000 2166
1135 0.001000 2166
1136 0.001000 2166
1137 0.001000 2166
1138 0.001000 2166
1139 0.001000 2166
1140 0.001000 2166
1141 0.001000 2166
1142 0.001000 2166
1143 0.001000 2166
1144 0.001000 2166
1145 0.001000 2166
1146 0.001000 2166
1147 0.001000 2166
1148 0.001000 2166
1149 0.001000 2166
1150 0.001000 2166
1151 0.001000 2166
1152 0.001000 2166
1153 0.001000 2166
1154 0.001000 2166
1155 0.001000 2166
1156 0.001000 2166
1157 0.001000 2166
1158 0.001000 2166
1159 0.001000 2166
1160 0.001000 2166
1161 0.001000 2166
1162 0.001000 2166
1163 0.001000 2166
1164 0.001000 2166
1165 0.001000 2166
1166 0.001000 2166
1167 0.001000 2166
1168 0.001000 2166
1169 0.001000 2166
1170 0.001000 2166
1171 0.001000 2166
1172 0.001000 2166
1173 0.001000 2166
1174 0.001000 2166
1175 0.001000 2166
1176 0.001000 2166
1177 0.001000 2166
1178 0.001000 2166
1179 0.001000 2166
1180 0.001000 2166
1181 0.001000 2166
1182 0.001000 2166
1183 0.001000 2166
1184 0.001000 2166
1185 0.001000 2166
1186 0.001000 2166
1187 0.001000 2166
1188 0.001000 2166
1189 0.001000 2166
1190 0.001000 2166
1191 0.001000 2166
1192 0.001000 2166
1193 0.001000 2166
1194 0.001000 2166
1195 0.001000 2166
1196 0.001000 2166
1197 0.001000 2166
1198 0.001000 2166
1199 0.001000 2166
1200 0.001000 2166
1201 0.001000 2166
1202 0.001000 2166
1203 0.001000 2166
1204 0.001000 2166
1205 0.001000 2166
1206 0.001000 2166
1207 0.001000 2166
1208 0.001000 2166
1209 0.001000 2166
1210 0.001000 2166
1211 0.001000 2166
1212 0.001000 2166
1213 0.001000 2166
1214 0.001000 2166
1215 0.001000 2166
1216 0.001000 2166
1217 0.001000 2166
1218 0.001000 2166
1219 0.001000 2166
1220 0.001000 2166
1221 0.001000 2166
1222 0.001000 2166
1223 0.001000 2166
1224 0.001000 2166
1225 0.001000 2166
1226 0.001000 2166
1227 0.001000 2166
1228 0.001000 2166
1229 0.001000 2166
1230 0.001000 2166
1231 0.001000 2166
1232 0.001000 2166
1233 0.001000 2166
1234 0.001000 2166
1235 0.001000 2166
1236 0.001000 2166
1237 0.001000 2166
1238 0.001000 2166
1239 0.001000 2166
1240 0.001000 2166
1241 0.001000 2166
1242 0.001000 2166
1243 0.001000 2166
1244 0.001000 2166
1245 0.001000 2166
1246 0.001000 2166
1247 0.001000 2166
1248 0.001000 2166
1249 0.001000 2166
1250 0.001000 2166
1251 0.001000 2166
1252 0.001000 2166
1253 0.001000 2166
1254 0.001000 2166
1255 0.001000 2166
1256 0.001000 2166
1257 0.001000 2166
1258 0.001000 2166
1259 0.001000 2166
1260 0.001000 2166
1261 0.001000 2166
1262 0.001000 2166
1263 0.001000 2166
1264 0.001000 2166
1265 0.001000 2166
1266 0.001000 2166
1267 0.001000 2166
1268 0.001000 2166
1269 0.001000 2166
1270 0.001000 2166
1271 0.001000 2166
1272 0.001000 2166
1273 0.001000 2166
1274 0.001000 2166
1275 0.001000 2166
1276 0.001000 2166
1277 0.001000 2166
1278 0.001000 2166
1279 0.001000 2166
1280 0.001000 2166
1281 0.001000 2166
1282 0.001000 2166
1283 0.001000 2166
1284 0.001000 2166
1285 0.001000 2166
1286 0.001000 2166
1287 0.001000 2166
1288 0.001000 2166
1289 0.001000 2166
1290 0.001000 2166
1291 0.001000 2166
1292 0.001000 2166
1293 0.001000 2166
1294 0.001000 2166
1295 0.001000 2166
1296 0.001000 2166
1297 0.001000 2166
1298 0.001000 2166
1299 0.001000 2166
1300 0.001000 2166
1301 0.001000 2166
1302 0.001000 2166
1303 0.001000 2166
1304 0.001000 2166
1305 0.001000 2166
1306 0.001000 2166
1307 0.001000 2166
1308 0.001000 2166
1309 0.001000 2166
1310 0.001000 2166
1311 0.001000 2166
1312 0.001000 2166
1313 0.001000 2166
1314 0.001000 2166
1315 0.001000 2166
1316 0.001000 2166
1317 0.001000 2166
1318 0.001000 2166
1319 0.001000 2166
1320 0.001000 2166
1321 0.001000 2166
1322 0.001000 2166
1323 0.001000 2166
1324 0.001000 2166
1325 0.001000 2166
1326 0.001000 2166
1327 0.001000 2166
1328 0.001000 2166
1329 0.001000 2166
1330 0.001000 2166
1331 0.001000 2166
1332 0.001000 2166
1333 0.001000 2166
1334 0.001000 2166
1335 0.001000 2166
1336 0.001000 2166
1337 0.001000 2166
1338 0.001000 2166
1339 0.001000 2166
1340 0.001000 2166
1341 0.001000 2166
1342 0.001000 2166
1343 0.001000 2166
1344 0.001000 2166
1345 0.001000 2166
1346 0.001000 2166
1347 0.001000 2166
1348 0.001000 2166
1349 0.001000 2166
1350 0.001000 2166
1351 0.001000 2166
1352 0.001000 2166
1353 0.001000 2166
1354 0.001000 2166
1355 0.001000 2166
1356 0.001000 2166
1357 0.001000 2166
1358 0.001000 2166
1359 0.001000 2166
1360 0.001000 2166
1361 0.001000 2166
1362 0.001000 2166
1363 0.001000 2166
1364 0.001000 2166
1365 0.001000 2166
1366 0.001000 2166
1367 0.001000 2166
1368 0.001000 2166
1369 0.001000 2166
1370 0.001000 2166
1371 0.001000 2166
1372 0.002000 2166
1373 0.002000 2166
1374 0.002000 2166
1375 0.002000 2166
1376 0.002000 2166
1377 0.002000 2166
1378 0.002000 2166
1379 0.002000 2166
1380 0.002000 2166
1381 0.002000 2166
1382 0.002000 2166
1383 0.002000 2166
1384 0.002000 2166
1385 0.002000 2166
1386 0.002000 2166
1387 0.002000 2166
1388 0.002000 2166
1389 0.002000 2166
1390 0.002000 2166
1391 0.002000 2166
1392 0.002000 2166
1393 0.002000 2166
1394 0.002000 2166
1395 0.002000 2166
1396 0.002000 2166
1397 0.002000 2166
1398 0.002000 2166
1399 0.002000 2166
1400 0.002000 2166
1401 0.002000 2166
1402 0.002000 2166
1403 0.002000 2166
1404 0.002000 2166
1405 0.002000 2166
1406 0.002000 2166
1407 0.002000 2166
1408 0.002000 2166
1409 0.002000 2166
1410 0.002000 2166
1411 0.002000 2166
1412 0.002000 2166
1413 0.002000 2166
1414 0.002000 2166
1415 0.002000 2166
1416 0.002000 2166
1417 0.002000 2166
1418 0.002000 2166
1419 0.002000 2166
1420 0.002000 2166
1421 0.002000 2166
1422 0.002000 2166
1423 0.002000 2166
1424 0.002000 2166
1425 0.002000 2166
1426 0.002000 2166
1427 0.002000 2166
1428 0.002000 2166
1429 0.002000 2166
1430 0.002000 2166
1431 0.002000 2166
1432 0.002000 2166
1433 0.002000 2166
1434 0.002000 2166
1435 0.002000 2166
1436 0.002000 2166
1437 0.002000 2166
1438 0.002000 2166
1439 0.002000 2166
1440 0.002000 2166
1441 0.002000 2166
1442 0.002000 2166
1443 0.002000 2166
1444 0.002000 2166
1445 0.002000 2166
1446 0.002000 2166
1447 0.002000 2166
1448 0.002000 2166
1449 0.002000 2166
1450 0.002000 2166
1451 0.002000 2166
1452 0.002000 2166
1453 0.002000 2166
1454 0.002000 2166
1455 0.002000 2166
1456 0.002000 2166
1457 0.002000 2166
1458 0.002000 2166
1459 0.002000 2166
1460 0.002000 2166
1461 0.002000 2166
1462 0.002000 2166
1463 0.002000 2166
1464 0.002000 2166
1465 0.002000 2166
1466 0.002000 2166
1467 0.002000 2166
1468 0.002000 2166
1469 0.002000 2166
1470 0.002000 2166
1471 0.002000 2166
1472 0.002000 2166
1473 0.002000 2166
1474 0.002000 2166
1475 0.002000 2166
1476 0.002000 2166
1477 0.002000 2166
1478 0.002000 2166
1479 0.002000 2166
1480 0.002000 2166
1481 0.002000 2166
1482 0.002000 2166
1483 0.002000 2166
1484 0.002000 2166
1485 0.002000 2166
1486 0.002000 2166
1487 0.002000 2166
1488 0.002000 2166
1489 0.002000 2166
1490 0.002000 2166
1491 0.002000 2166
1492 0.002000 2166
1493 0.002000 2166
1494 0.002000 2166
1495 0.002000 2166
1496 0.002000 2166
1497 0.002000 2166
1498 0.002000 2166
1499 0.002000 2166
1500 0.002000 2166
1501 0.002000 2166
1502 0.002000 2166
1503 0.002000 2166
1504 0.002000 2166
1505 0.002000 2166
1506 0.002000 2166
1507 0.002000 2166
1508 0.002000 2166
1509 0.002000 2166
1510 0.002000 2166
1511 0.002000 2166
1512 0.002000 2166
1513 0.002000 2166
1514 0.002000 2166
1515 0.002000 2166
1516 0.002000 2166
1517 0.002000 2166
1518 0.002000 2166
1519 0.002000 2166
1520 0.002000 2166
1521 0.002000 2166
1522 0.002000 2166
1523 0.002000 2166
1524 0.002000 2166
1525 0.002000 2166
1526 0.002000 2166
1527 0.002000 2166
1528 0.002000 2166
1529 0.002000 2166
1530 0.002000 2166
1531 0.002000 2166
1532 0.002000 2166
1533 0.002000 2166
1534 0.002000 2166
1535 0.002000 2166
1536 0.002000 2166
1537 0.002000 2166
1538 0.002000 2166
1539 0.002000 2166
1540 0.002000 2166
1541 0.002000 2166
1542 0.002000 2166
1543 0.002000 2166
1544 0.002000 2166
1545 0.002000 2166
1546 0.002000 2166
1547 0.002000 2166
1548 0.002000 2166
1549 0.002000 2166
1550 0.002000 2166
1551 0.002000 2166
1552 0.002000 2166
1553 0.002000 2166
1554 0.002000 2166
1555 0.002000 2166
1556 0.002000 2166
1557 0.002000 2166
1558 0.002000 2166
1559 0.002000 2166
1560 0.002000 2166
1561 0.002000 2166
1562 0.002000 2166
1563 0.002000 2166
1564 0.002000 2166
1565 0.002000 2166
1566 0.002000 2166
1567 0.002000 2166
1568 0.002000 2166
1569 0.002000 2166
1570 0.002000 2166
1571 0.002000 2166
1572 0.002000 2166
1573 0.002000 2166
1574 0.002000 2166
1575 0.002000 2166
1576 0.002000 2166
1577 0.002000 2166
1578 0.002000 2166
1579 0.002000 2166
1580 0.002000 2166
1581 0.002000 2166
1582 0.002000 2166
1583 0.002000 2166
1584 0.002000 2166
1585 0.002000 2166
1586 0.002000 2166
1587 0.002000 2166
1588 0.002000 2166
1589 0.002000 2166
1590 0.002000 2166
1591 0.002000 2166
1592 0.002000 2166
1593 0.002000 2166
1594 0.002000 2166
1595 0.002000 2166
1596 0.002000 2166
1597 0.002000 2166
1598 0.002000 2166
1599 0.002000 2166
1600 0.002000 2166
1601 0.002000 2166
1602 0.002000 2166
1603 0.002000 2166
1604 0.002000 2166
1605 0.002000 2166
1606 0.002000 2166
1607 0.002000 2166
1608 0.002000 2166
1609 0.002000 2166
1610 0.002000 2166
1611 0.002000 2166
1612 0.002000 2166
1613 0.002000 2166
1614 0.002000 2166
1615 0.002000 2166
1616 0.002000 2166
1617 0.002000 2166
1618 0.002000 2166
1619 0.002000 2166
1620 0.002000 2166
1621 0.002000 2166
1622 0.002000 2166
1623 0.002000 2166
1624 0.002000 2166
1625 0.002000 2166
1626 0.002000 2166
1627 0.002000 2166
1628 0.002000 2166
1629 0.002000 2166
1630 0.002000 2166
1631 0.002000 2166
1632 0.002000 2166
1633 0.002000 2166
1634 0.002000 2166
1635 0.002000 2166
1636 0.002000 2166
1637 0.002000 2166
1638 0.002000 2166
1639 0.002000 2166
1640 0.002000 2166
1641 0.002000 2166
1642 0.002000 2166
1643 0.002000 2166
1644 0.002000 2166
1645 0.002000 2166
1646 0.002000 2166
1647 0.002000 2166
1648 0.002000 2166
1649 0.002000 2166
1650 0.002000 2166
1651 0.002000 2166
1652 0.002000 2166
1653 0.002000 2166
1654 0.002000 2166
1655 0.002000 2166
1656 0.002000 2166
1657 0.002000 2166
1658 0.002000 2166
1659 0.002000 2166
1660 0.002000 2166
1661 0.002000 2166
1662 0.002000 2166
1663 0.002000 2166
1664 0.002000 2166
1665 0.002000 2166
1666 0.002000 2166
1667 0.002000 2166
1668 0.002000 2166
1669 0.002000 2166
1670 0.002000 2166
1671 0.002000 2166
1672 0.002000 2166
1673 0.002000 2166
1674 0.002000 2166
1675 0.002000 2166
1676 0.002000 2166
1677 0.002000 2166
1678 0.002000 2166
1679 0.002000 2166
1680 0.002000 2166
1681 0.002000 2166
1682 0.002000 2166
1683 0.002000 2166
1684 0.002000 2166
1685 0.002000 2166
1686 0.002000 2166
1687 0.002000 2166
1688 0.002000 2166
1689 0.002000 2166
1690 0.002000 2166
1691 0.002000 2166
1692 0.002000 2166
1693 0.002000 2166
1694 0.002000 2166
1695 0.002000 2166
1696 0.002000 2166
1697 0.002000 2166
1698 0.002000 2166
1699 0.002000 2166
1700 0.002000 2166
1701 0.002000 2166
1702 0.002000 2166
1703 0.002000 2166
1704 0.002000 2166
1705 0.002000 2166
1706 0.002000 2166
1707 0.002000 2166
1708 0.002000 2166
1709 0.002000 2166
1710 0.002000 2166
1711 0.002000 2166
1712 0.002000 2166
1713 0.002000 2166
1714 0.002000 2166
1715 0.002000 2166
1716 0.002000 2166
1717 0.002000 2166
1718 0.002000 2166
1719 0.002000 2166
1720 0.002000 2166
1721 0.002000 2166
1722 0.002000 2166
1723 0.002000 2166
1724 0.002000 2166
1725 0.002000 2166
1726 0.002000 2166
1727 0.002000 2166
1728 0.002000 2166
1729 0.002000 2166
1730 0.002000 2166
1731 0.002000 2166
1732 0.002000 2166
1733 0.002000 2166
1734 0.002000 2166
1735 0.002000 2166
1736 0.002000 2166
1737 0.002000 2166
1738 0.002000 2166
1739 0.002000 2166
1740 0.002000 2166
1741 0.002000 2166
1742 0.002000 2166
1743 0.002000 2166
1744 0.002000 2166
1745 0.002000 2166
1746 0.002000 2166
1747 0.002000 2166
1748 0.002000 2166
1749 0.002000 2166
1750 0.002000 2166
1751 0.002000 2166
1752 0.002000 2166
1753 0.002000 2166
1754 0.002000 2166
1755 0.002000 2166
1756 0.002000 2166
1757 0.002000 2166
1758 0.002000 2166
1759 0.002000 2166
1760 0.002000 2166
1761 0.002000 2166
1762 0.002000 2166
1763 0.002000 2166
1764 0.002000 2166
1765 0.002000 2166
1766 0.002000 2166
1767 0.002000 2166
1768 0.002000 2166
1769 0.002000 2166
1770 0.002000 2166
1771 0.002000 2166
1772 0.002000 2166
1773 0.002000 2166
1774 0.002000 2166
1775 0.002000 2166
1776 0.002000 2166
1777 0.002000 2166
1778 0.002000 2166
1779 0.002000 2166
1780 0.002000 2166
1781 0.002000 2166
1782 0.002000 2166
1783 0.002000 2166
1784 0.002000 2166
1785 0.002000 2166
1786 0.002000 2166
1787 0.002000 2166
1788 0.002000 2166
1789 0.002000 2166
1790 0.002000 2166
1791 0.002000 2166
1792 0.002000 2166
1793 0.002000 2166
1794 0.002000 2166
1795 0.002000 2166
1796 0.002000 2166
1797 0.002000 2154
1798 0.002000 2154
1799 0.002000 2154
1800 0.002000 2154
1801 0.002000 2154
1802 0.002000 2154
1803 0.002000 2154
1804 0.002000 2154
1805 0.002000 2154
1806 0.002000 2154
1807 0.002000 2154
1808 0.002000 2154
1809 0.002000 2154
1810 0.002000 2154
1811 0.002000 2154
1812 0.002000 2154
1813 0.002000 2154
1814 0.002000 2154
1815 0.002000 2154
1816 0.002000 2154
1817 0.002000 2154
1818 0.002000 2154
1819 0.002000 2154
1820 0.002000 2154
1821 0.002000 2154
1822 0.002000 2154
1823 0.002000 2154
1824 0.002000 2154
1825 0.002000 2154
1826 0.002000 2154
1827 0.002000 2154
1828 0.002000 2154
1829 0.002000 2154
1830 0.002000 2154
1831 0.002000 2154
1832 0.002000 2154
1833 0.002000 2154
1834 0.002000 2154
1835 0.002000 2154
1836 0.002000 2154
1837 0.002000 2154
1838 0.002000 2154
1839 0.002000 2154
1840 0.002000 2154
1841 0.002000 2154
1842 0.002000 2154
1843 0.002000 2154
1844 0.002000 2154
1845 0.002000 2154
1846 0.002000 2154
1847 0.002000 2154
1848 0.002000 2154
1849 0.002000 2154
1850 0.002000 2154
1851 0.002000 2154
1852 0.002000 2154
1853 0.002000 2154
1854 0.002000 2154
1855 0.002000 2154
1856 0.002000 2154
1857 0.002000 2154
1858 0.002000 2154
1859 0.002000 2154
1860 0.002000 2154
1861 0.002000 2154
1862 0.002000 2154
1863 0.002000 2154
1864 0.002000 2154
1865 0.002000 2154
1866 0.002000 2154
1867 0.002000 2154
1868 0.002000 2154
1869 0.002000 2154
1870 0.002000 2154
1871 0.002000 2154
1872 0.002000 2154
1873 0.002000 2154
1874 0.002000 2154
1875 0.002000 2154
1876 0.002000 2154
1877 0.002000 2154
1878 0.002000 2154
1879 0.002000 2154
1880 0.002000 2154
1881 0.002000 2154
1882 0.002000 2154
1883 0.002000 2154
1884 0.002000 2154
1885 0.002000 2154
1886 0.002000 2154
1887 0.002000 2154
1888 0.002000 2154
1889 0.002000 2154
1890 0.002000 2154
1891 0.003000 2154
1892 0.003000 2154
1893 0.003000 2154
1894 0.003000 2154
1895 0.003000 2154
1896 0.003000 2154
1897 0.003000 2154
1898 0.003000 2154
1899 0.003000 2154
1900 0.003000 2154
1901 0.003000 2154
1902 0.003000 2154
1903 0.003000 2154
1904 0.003000 2154
1905 0.003000 2154
1906 0.003000 2154
1907 0.003000 2154
1908 0.003000 2154
1909 0.003000 2154
1910 0.003000 2154
1911 0.003000 2154
1912 0.003000 2154
1913 0.003000 2154
1914 0.003000 2154
1915 0.003000 2154
1916 0.003000 2154
1917 0.003000 2154
1918 0.003000 2154
1919 0.003000 2154
1920 0.003000 2154
1921 0.003000 2154
1922 0.003000 2154
1923 0.003000 2154
1924 0.003000 2154
1925 0.003000 2154
1926 0.003000 2154
1927 0.003000 2154
1928 0.003000 2154
1929 0.003000 2154
1930 0.003000 2154
1931 0.003000 2154
1932 0.003000 2154
1933 0.003000 2154
1934 0.003000 2154
1935 0.003000 2154
1936 0.003000 2154
1937 0.003000 2154
1938 0.003000 2154
1939 0.003000 2154
1940 0.003000 2154
1941 0.003000 2154
1942 0.003000 2154
1943 0.003000 2154
1944 0.003000 2154
1945 0.003000 2154
1946 0.003000 2154
1947 0.003000 2154
1948 0.003000 2154
1949 0.003000 2154
1950 0.003000 2154
1951 0.003000 2154
1952 0.003000 2154
1953 0.003000 2154
1954 0.003000 2154
1955 0.003000 2154
1956 0.003000 2154
1957 0.003000 2154
1958 0.003000 2154
1959 0.003000 2154
1960 0.003000 2154
1961 0.003000 2154
1962 0.003000 2154
1963 0.003000 2154
1964 0.003000 2154
1965 0.003000 2154
1966 0.003000 2154
1967 0.003000 2154
1968 0.003000 2154
1969 0.003000 2154
1970 0.003000 2154
1971 0.003000 2154
1972 0.003000 2154
1973 0.003000 2154
1974 0.003000 2154
1975 0.003000 2154
1976 0.003000 2154
1977 0.003000 2154
1978 0.003000 2154
1979 0.003000 2154
1980 0.003000 2154
1981 0.003000 2154
1982 0.003000 2154
1983 0.003000 2154
1984 0.003000 2154
1985 0.003000 2154
1986 0.003000 2154
1987 0.003000 2154
1988 0.003000 2154
1989 0.003000 2154
1990 0.003000 2154
1991 0.003000 2154
1992 0.003000 2154
1993 0.003000 2154
1994 0.003000 2154
1995 0.003000 2154
1996 0.003000 2154
1997 0.003000 2154
1998 0.003000 2154
1999 0.003000 2154
2000 0.003000 2154
2001 0.003000 2154
2002 0.003000 2154
2003 0.003000 2154
2004 0.003000 2154
2005 0.003000 2154
2006 0.003000 2154
2007 0.003000 2154
2008 0.003000 2154
2009 0.003000 2154
2010 0.003000 2154
2011 0.003000 2154
2012 0.003000 2154
2013 0.003000 2154
2014 0.003000 2154
2015 0.003000 2154
2016 0.003000 2154
2017 0.003000 2154
2018 0.003000 2154
2019 0.003000 2154
2020 0.003000 2154
2021 0.003000 2154
2022 0.003000 2154
2023 0.003000 2154
2024 0.003000 2154
2025 0.003000 2154
2026 0.003000 2154
2027 0.003000 2154
2028 0.003000 2154
2029 0.003000 2154
2030 0.003000 2154
2031 0.003000 2154
2032 0.003000 2154
2033 0.003000 2154
2034 0.003000 2154
2035 0.003000 2154
2036 0.003000 2154
2037 0.003000 2154
2038 0.003000 2154
2039 0.003000 2154
2040 0.003000 2154
2041 0.003000 2154
2042 0.003000 2154
2043 0.003000 2154
2044 0.003000 2154
2045 0.003000 2154
2046 0.003000 2154
2047 0.003000 2154
2048 0.003000 2154
2049 0.003000 2154
2050 0.003000 2154
2051 0.003000 2154
2052 0.003000 2154
2053 0.003000 2154
2054 0.003000 2154
2055 0.003000 2154
2056 0.003000 2154
2057 0.003000 2154
2058 0.003000 2154
2059 0.003000 2154
2060 0.003000 2154
2061 0.003000 2154
2062 0.003000 2154
2063 0.003000 2154
2064 0.003000 2154
2065 0.003000 2154
2066 0.003000 2154
2067 0.003000 2154
2068 0.003000 2154
2069 0.003000 2154
2070 0.003000 2154
2071 0.003000 2154
2072 0.003000 2154
2073 0.003000 2154
2074 0.003000 2154
2075 0.003000 2154
2076 0.003000 2154
2077 0.003000 2154
2078 0.003000 2154
2079 0.003000 2154
2080 0.003000 2154
2081 0.003000 2154
2082 0.003000 2154
2083 0.003000 2154
2084 0.003000 2154
2085 0.003000 2154
2086 0.003000 2154
2087 0.003000 2154
2088 0.003000 2154
2089 0.003000 2154
2090 0.003000 2154
2091 0.003000 2154
2092 0.003000 2154
2093 0.003000 2154
2094 0.003000 2154
2095 0.003000 2154
2096 0.003000 2154
2097 0.003000 2154
2098 0.003000 2154
2099 0.003000 2154
2100 0.003000 2154
2101 0.003000 2154
2102 0.003000 2154
2103 0.003000 2154
2104 0.003000 2154
2105 0.003000 2154
2106 0.003000 2154
2107 0.003000 2154
2108 0.003000 2154
2109 0.003000 2154
2110 0.003000 2154
2111 0.003000 2154
2112 0.003000 2154
2113 0.003000 2154
2114 0.003000 2154
2115 0.003000 2154
2116 0.003000 2154
2117 0.003000 2154
2118 0.003000 2154
2119 0.003000 2154
2120 0.003000 2154
2121 0.003000 2154
2122 0.003000 2154
2123 0.003000 2154
2124 0.003000 2154
2125 0.003000 2154
2126 0.003000 2154
2127 0.003000 2154
2128 0.003000 2154
2129 0.003000 2154
2130 0.003000 2154
2131 0.003000 2154
2132 0.003000 2154
2133 0.003000 2154
2134 0.003000 2154
2135 0.003000 2154
2136 0.003000 2154
2137 0.003000 2154
2138 0.003000 2154
2139 0.003000 2154
2140 0.003000 2154
2141 0.003000 2154
2142 0.003000 2154
2143 0.003000 2154
2144 0.003000 2154
2145 0.003000 2154
2146 0.003000 2154
2147 0.003000 2154
2148 0.003000 2154
2149 0.003000 2154
2150 0.003000 2154
2151 0.003000 2154
2152 0.003000 2154
2153 0.003000 2154
2154 0.003000 2154
2155 0.003000 2154
2156 0.003000 2154
2157 0.003000 2154
2158 0.003000 2154
2159 0.003000 2154
2160 0.003000 2154
2161 0.003000 2154
2162 0.003000 2154
2163 0.003000 2154
2164 0.003000 2154
2165 0.003000 2154
2166 0.003000 2154
2167 0.003000 2154
2168 0.003000 2154
2169 0.003000 2154
2170 0.003000 2154
2171 0.003000 2154
2172 0.003000 2154
2173 0.003000 2154
2174 0.003000 2154
2175 0.003000 2154
2176 0.003000 2154
2177 0.003000 2154
2178 0.003000 2154
2179 0.003000 2154
2180 0.003000 2154
2181 0.003000 2154
2182 0.003000 2154
2183 0.003000 2154
2184 0.003000 2154
2185 0.003000 2154
2186 0.003000 2154
2187 0.003000 2154
2188 0.003000 2154
2189 0.003000 2154
2190 0.003000 2154
2191 0.003000 2154
2192 0.003000 2154
2193 0.003000 2154
2194 0.003000 2154
2195 0.003000 2154
2196 0.003000 2154
2197 0.003000 2154
2198 0.003000 2154
2199 0.003000 2154
2200 0.003000 2154
2201 0.003000 2154
2202 0.003000 2154
2203 0.003000 2154
2204 0.003000 2154
2205 0.003000 2154
2206 0.003000 2154
2207 0.003000 2154
2208 0.003000 2154
2209 0.003000 2154
2210 0.003000 2154
2211 0.003000 2154
2212 0.003000 2154
2213 0.003000 2154
2214 0.003000 2154
2215 0.003000 2154
2216 0.003000 2154
2217 0.003000 2154
2218 0.003000 2154
2219 0.003000 2154
2220 0.003000 2154
2221 0.003000 2154
2222 0.003000 2154
2223 0.003000 2154
2224 0.003000 2154
2225 0.003000 2154
2226 0.003000 2154
2227 0.003000 2154
2228 0.003000 2154
2229 0.003000 2154
2230 0.003000 2154
2231 0.003000 2154
2232 0.003000 2154
2233 0.003000 2154
2234 0.003000 2154
2235 0.003000 2154
2236 0.003000 2154
2237 0.003000 2154
2238 0.003000 2154
2239 0.003000 2154
2240 0.003000 2154
2241 0.003000 2154
2242 0.003000 2154
2243 0.003000 2154
2244 0.003000 2154
2245 0.003000 2154
2246 0.003000 2154
2247 0.003000 2154
2248 0.003000 2154
2249 0.003000 2154
2250 0.003000 2154
2251 0.003000 2154
2252 0.003000 2154
2253 0.003000 2154
2254 0.003000 2154
2255 0.003000 2154
2256 0.003000 2154
2257 0.003000 2154
2258 0.003000 2154
2259 0.003000 2154
2260 0.003000 2154
2261 0.003000 2154
2262 0.003000 2154
2263 0.003000 2154
2264 0.003000 2154
2265 0.003000 2154
2266 0.003000 2154
2267 0.003000 2154
2268 0.003000 2154
2269 0.003000 2154
2270 0.003000 2154
2271 0.003000 2154
2272 0.003000 2154
2273 0.003000 2154
2274 0.003000 2154
2275 0.003000 2154
2276 0.003000 2154
2277 0.003000 2154
2278 0.003000 2154
2279 0.003000 2154
2280 0.003000 2154
2281 0.003000 2154
2282 0.003000 2154
2283 0.003000 2154
2284 0.003000 2154
2285 0.003000 2154
2286 0.003000 2154
2287 0.003000 2154
2288 0.003000 2154
2289 0.003000 2154
2290 0.003000 2154
2291 0.003000 2154
2292 0.003000 2154
2293 0.003000 2154
2294 0.003000 2154
2295 0.003000 2154
2296 0.003000 2154
2297 0.003000 2154
2298 0.003000 2154
2299 0.003000 2154
2300 0.003000 2154
2301 0.003000 2154
2302 0.003000 2154
2303 0.003000 2154
2304 0.003000 2154
2305 0.003000 2154
2306 0.003000 2154
2307 0.003000 2154
2308 0.003000 2154
2309 0.003000 2154
2310 0.003000 2154
2311 0.003000 2154
2312 0.003000 2154
2313 0.003000 2154
2314 0.003000 2154
2315 0.003000 2154
2316 0.003000 2154
2317 0.003000 2154
2318 0.003000 2154
2319 0.003000 2154
2320 0.003000 2154
2321 0.003000 2154
2322 0.003000 2154
2323 0.003000 2154
2324 0.003000 2154
2325 0.003000 2154
2326 0.003000 2154
2327 0.003000 2154
2328 0.003000 2154
2329 0.003000 2154
2330 0.003000 2154
2331 0.003000 2154
2332 0.003000 2154
2333 0.003000 2154
2334 0.003000 2154
2335 0.003000 2154
2336 0.003000 2154
2337 0.003000 2154
2338 0.003000 2154
2339 0.003000 2154
2340 0.003000 2154
2341 0.003000 2154
2342 0.003000 2154
2343 0.003000 2154
2344 0.003000 2154
2345 0.003000 2154
2346 0.003000 2154
2347 0.003000 2154
2348 0.003000 2154
2349 0.003000 2154
2350 0.003000 2154
2351 0.003000 2154
2352 0.003000 2154
2353 0.003000 2154
2354 0.003000 2154
2355 0.003000 2154
2356 0.003000 2154
2357 0.003000 2154
2358 0.003000 2154
2359 0.003000 2154
2360 0.003000 2154
2361 0.003000 2154
2362 0.003000 2154
2363 0.003000 2154
2364 0.003000 2154
2365 0.003000 2154
2366 0.003000 2154
2367 0.003000 2154
2368 0.003000 2154
2369 0.003000 2154
2370 0.003000 2154
2371 0.003000 2154
2372 0.003000 2154
2373 0.003000 2154
2374 0.003000 2154
2375 0.003000 2154
2376 0.003000 2154
2377 0.003000 2154
2378 0.003000 2154
2379 0.003000 2154
2380 0.003000 2154
2381 0.003000 2154
2382 0.003000 2154
2383 0.003000 2154
2384 0.003000 2154
2385 0.003000 2154
2386 0.003000 2154
2387 0.003000 2154
2388 0.003000 2154
2389 0.003000 2154
2390 0.003000 2154
2391 0.003000 2154
2392 0.003000 2154
2393 0.003000 2154
2394 0.003000 2154
2395 0.003000 2154
2396 0.003000 2154
2397 0.003000 2154
2398 0.003000 2154
2399 0.003000 2154
2400 0.003000 2154
2401 0.003000 2154
2402 0.003000 2154
2403 0.003000 2154
2404 0.003000 2154
2405 0.003000 2154
2406 0.003000 2154
2407 0.003000 2154
2408 0.003000 2154
2409 0.003000 2154
2410 0.003000 2154
2411 0.003000 2154
2412 0.003000 2154
2413 0.003000 2154
2414 0.003000 2154
2415 0.003000 2154
2416 0.003000 2154
2417 0.003000 2154
2418 0.003000 2154
2419 0.003000 2154
2420 0.003000 2154
2421 0.003000 2154
2422 0.003000 2154
2423 0.003000 2154
2424 0.003000 2154
2425 0.003000 2154
2426 0.003000 2154
2427 0.003000 2154
2428 0.003000 2154
2429 0.003000 2154
2430 0.003000 2154
2431 0.003000 2154
2432 0.003000 2154
2433 0.003000 2154
2434 0.003000 2154
2435 0.003000 2154
2436 0.003000 2154
2437 0.003000 2154
2438 0.003000 2154
2439 0.003000 2154
2440 0.003000 2154
2441 0.003000 2154
2442 0.003000 2154
2443 0.003000 2154
2444 0.003000 2154
2445 0.003000 2154
2446 0.003000 2154
2447 0.003000 2154
2448 0.003000 2154
2449 0.003000 2154
2450 0.003000 2154
2451 0.003000 2154
2452 0.003000 2154
2453 0.003000 2154
2454 0.003000 2154
2455 0.003000 2154
2456 0.003000 2154
2457 0.003000 2154
2458 0.003000 2154
2459 0.003000 2154
2460 0.003000 2154
2461 0.003000 2154
2462 0.003000 2154
2463 0.003000 2154
2464 0.003000 2154
2465 0.003000 2154
2466 0.003000 2154
2467 0.003000 2154
2468 0.003000 2154
2469 0.003000 2154
2470 0.003000 2154
2471 0.003000 2154
2472 0.003000 2154
2473 0.003000 2154
2474 0.003000 2154
2475 0.003000 2154
2476 0.003000 2154
2477 0.003000 2154
2478 0.004000 2154
2479 0.004000 2154
2480 0.004000 2154
2481 0.004000 2154
2482 0.004000 2154
2483 0.004000 2154
2484 0.004000 2154
2485 0.004000 2154
2486 0.004000 2154
2487 0.004000 2154
2488 0.004000 2154
2489 0.004000 2154
2490 0.004000 2154
2491 0.004000 2154
2492 0.004000 2154
2493 0.004000 2154
2494 0.004000 2154
2495 0.004000 2154
2496 0.004000 2154
2497 0.004000 2154
2498 0.004000 2154
2499 0.004000 2154
2500 0.004000 2154
2501 0.004000 2154
2502 0.004000 2154
2503 0.004000 2154
2504 0.004000 2154
2505 0.004000 2154
2506 0.004000 2154
2507 0.004000 2154
2508 0.004000 2154
2509 0.004000 2154
2510 0.004000 2154
2511 0.004000 2154
2512 0.004000 2154
2513 0.004000 2154
2514 0.004000 2154
2515 0.004000 2154
2516 0.004000 2154
2517 0.004000 2154
2518 0.004000 2154
2519 0.004000 2154
2520 0.004000 2154
2521 0.004000 2154
2522 0.004000 2154
2523 0.004000 2154
2524 0.004000 2154
2525 0.004000 2154
2526 0.004000 2154
2527 0.004000 2154
2528 0.004000 2154
2529 0.004000 2154
2530 0.004000 2154
2531 0.004000 2154
2532 0.004000 2154
2533 0.004000 2154
2534 0.004000 2154
2535 0.004000 2154
2536 0.004000 2154
2537 0.004000 2154
2538 0.004000 2154
2539 0.004000 2154
2540 0.004000 2154
2541 0.004000 2154
2542 0.004000 2154
2543 0.004000 2154
2544 0.004000 2154
2545 0.004000 2154
2546 0.004000 2154
2547 0.004000 2154
2548 0.004000 2154
2549 0.004000 2154
2550 0.004000 2154
2551 0.004000 2154
2552 0.004000 2154
2553 0.004000 2154
2554 0.004000 2154
2555 0.004000 2154
2556 0.004000 2154
2557 0.004000 2154
2558 0.004000 2154
2559 0.004000 2154
2560 0.004000 2154
2561 0.004000 2154
2562 0.004000 2154
2563 0.004000 2154
2564 0.004000 2154
2565 0.004000 2154
2566 0.004000 2154
2567 0.004000 2154
2568 0.004000 2154
2569 0.004000 2154
2570 0.004000 2154
2571 0.004000 2154
2572 0.004000 2154
2573 0.004000 2154
2574 0.004000 2154
2575 0.004000 2154
2576 0.004000 2154
2577 0.004000 2154
2578 0.004000 2154
2579 0.004000 2154
2580 0.004000 2154
2581 0.004000 2154
2582 0.004000 2154
2583 0.004000 2154
2584 0.004000 2154
2585 0.004000 2154
2586 0.004000 2154
2587 0.004000 2154
2588 0.004000 2154
2589 0.004000 2154
2590 0.004000 2154
2591 0.004000 2154
2592 0.004000 2154
2593 0.004000 2154
2594 0.004000 2154
2595 0.004000 2154
2596 0.004000 2154
2597 0.004000 2154
2598 0.004000 2154
2599 0.004000 2154
2600 0.004000 2154
2601 0.004000 2154
2602 0.004000 2154
2603 0.004000 2154
2604 0.004000 2154
2605 0.004000 2154
2606 0.004000 2154
2607 0.004000 2154
2608 0.004000 2154
2609 0.004000 2154
2610 0.004000 2154
2611 0.004000 2154
2612 0.004000 2154
2613 0.004000 2154
2614 0.004000 2154
2615 0.004000 2154
2616 0.004000 2154
2617 0.004000 2154
2618 0.004000 2154
2619 0.004000 2154
2620 0.004000 2154
2621 0.004000 2154
2622 0.004000 2154
2623 0.004000 2154
2624 0.004000 2154
2625 0.004000 2154
2626 0.004000 2154
2627 0.004000 2154
2628 0.004000 2154
2629 0.004000 2154
2630 0.004000 2154
2631 0.004000 2154
2632 0.004000 2154
2633 0.004000 2154
2634 0.004000 2154
2635 0.004000 2154
2636 0.004000 2154
2637 0.004000 2154
2638 0.004000 2154
2639 0.004000 2154
2640 0.004000 2154
2641 0.004000 2154
2642 0.004000 2154
2643 0.004000 2154
2644 0.004000 2154
2645 0.004000 2154
2646 0.004000 2154
2647 0.004000 2154
2648 0.004000 2154
2649 0.004000 2154
2650 0.004000 2154
2651 0.004000 2154
2652 0.004000 2154
2653 0.004000 2154
2654 0.004000 2154
2655 0.004000 2154
2656 0.004000 2154
2657 0.004000 2154
2658 0.004000 2154
2659 0.004000 2154
2660 0.004000 2154
2661 0.004000 2154
2662 0.004000 2154
2663 0.004000 2154
2664 0.004000 2154
2665 0.004000 2154
2666 0.004000 2154
2667 0.004000 2154
2668 0.004000 2154
2669 0.004000 2154
2670 0.004000 2154
2671 0.004000 2154
2672 0.004000 2154
2673 0.004000 2154
2674 0.004000 2154
2675 0.004000 2154
2676 0.004000 2154
2677 0.004000 2154
2678 0.004000 2154
2679 0.004000 2154
2680 0.004000 2154
2681 0.004000 2154
2682 0.004000 2154
2683 0.004000 2154
2684 0.004000 2154
2685 0.004000 2154
2686 0.004000 2154
2687 0.004000 2154
2688 0.004000 2154
2689 0.004000 2154
2690 0.004000 2154
2691 0.004000 2154
2692 0.004000 2154
2693 0.004000 2154
2694 0.004000 2154
2695 0.004000 2154
2696 0.004000 2154
2697 0.004000 2154
2698 0.004000 2154
2699 0.004000 2154
2700 0.004000 2154
2701 0.004000 2154
2702 0.004000 2154
2703 0.004000 2154
2704 0.004000 2154
2705 0.004000 2154
2706 0.004000 2154
2707 0.004000 2154
2708 0.004000 2154
2709 0.004000 2154
2710 0.004000 2154
2711 0.004000 2154
2712 0.004000 2154
2713 0.004000 2154
2714 0.004000 2154
2715 0.004000 2154
2716 0.004000 2154
2717 0.004000 2154
2718 0.004000 2154
2719 0.004000 2154
2720 0.004000 2154
2721 0.004000 2154
2722 0.004000 2154
2723 0.004000 2154
2724 0.004000 2154
2725 0.004000 2154
2726 0.004000 2154
2727 0.004000 2154
2728 0.004000 2154
2729 0.004000 2154
2730 0.004000 2154
2731 0.004000 2154
2732 0.004000 2154
2733 0.004000 2154
2734 0.004000 2154
2735 0.004000 2154
2736 0.004000 2154
2737 0.004000 2154
2738 0.004000 2154
2739 0.004000 2154
2740 0.004000 2154
2741 0.004000 2154
2742 0.004000 2154
2743 0.004000 2154
2744 0.004000 2154
2745 0.004000 2154
2746 0.004000 2154
2747 0.004000 2154
2748 0.004000 2154
2749 0.004000 2154
2750 0.004000 2154
2751 0.004000 2154
2752 0.004000 2154
2753 0.004000 2154
2754 0.004000 2154
2755 0.004000 2154
2756 0.004000 2154
2757 0.004000 2154
2758 0.004000 2154
2759 0.004000 2154
2760 0.004000 2154
2761 0.004000 2154
2762 0.004000 2154
2763 0.004000 2154
2764 0.004000 2154
2765 0.004000 2154
2766 0.004000 2154
2767 0.004000 2154
2768 0.004000 2154
2769 0.004000 2154
2770 0.004000 2154
2771 0.004000 2154
2772 0.004000 2154
2773 0.004000 2154
2774 0.004000 2154
2775 0.004000 2154
2776 0.004000 2154
2777 0.004000 2154
2778 0.004000 2154
2779 0.004000 2154
2780 0.004000 2154
2781 0.004000 2154
2782 0.004000 2154
2783 0.004000 2154
2784 0.004000 2154
2785 0.004000 2154
2786 0.004000 2154
2787 0.004000 2154
2788 0.004000 2154
2789 0.004000 2154
2790 0.004000 2154
2791 0.004000 2154
2792 0.004000 2154
2793 0.004000 2154
2794 0.004000 2154
2795 0.004000 2154
2796 0.004000 2154
2797 0.004000 2154
2798 0.004000 2154
2799 0.004000 2154
2800 0.004000 2154
2801 0.004000 2154
2802 0.004000 2154
2803 0.004000 2154
2804 0.004000 2154
2805 0.004000 2154
2806 0.004000 2154
2807 0.004000 2154
2808 0.004000 2154
2809 0.004000 2154
2810 0.004000 2154
2811 0.004000 2154
2812 0.005000 2154
2813 0.005000 2154
2814 0.005000 2154
2815 0.005000 2154
2816 0.005000 2154
2817 0.005000 2154
2818 0.005000 2154
2819 0.005000 2154
2820 0.005000 2154
2821 0.005000 2154
2822 0.005000 2154
2823 0.005000 2154
2824 0.005000 2154
2825 0.005000 2154
2826 0.005000 2154
2827 0.005000 2154
2828 0.005000 2154
2829 0.005000 2154
2830 0.005000 2154
2831 0.005000 2154
2832 0.005000 2154
2833 0.005000 2154
2834 0.005000 2154
2835 0.005000 2154
2836 0.005000 2154
2837 0.005000 2154
2838 0.005000 2154
2839 0.005000 2154
2840 0.005000 2154
2841 0.005000 2154
2842 0.005000 2154
2843 0.005000 2154
2844 0.005000 2154
2845 0.005000 2154
2846 0.005000 2154
2847 0.005000 2154
2848 0.005000 2154
2849 0.005000 2154
2850 0.005000 2154
2851 0.005000 2154
2852 0.005000 2154
2853 0.005000 2154
2854 0.005000 2154
2855 0.005000 2154
2856 0.005000 2154
2857 0.005000 2154
2858 0.005000 2154
2859 0.005000 2154
2860 0.005000 2154
2861 0.005000 2154
2862 0.005000 2154
2863 0.005000 2154
2864 0.005000 2154
2865 0.005000 2154
2866 0.005000 2154
2867 0.005000 2154
2868 0.005000 2154
2869 0.005000 2154
2870 0.005000 2154
2871 0.005000 2154
2872 0.005000 2154
2873 0.005000 2154
2874 0.005000 2154
2875 0.005000 2154
2876 0.005000 2154
2877 0.005000 2154
2878 0.005000 2154
2879 0.005000 2154
2880 0.005000 2154
2881 0.005000 2154
2882 0.005000 2154
2883 0.005000 2154
2884 0.005000 2154
2885 0.005000 2154
2886 0.005000 2154
2887 0.005000 2154
2888 0.005000 2154
2889 0.005000 2154
2890 0.005000 2154
2891 0.005000 2154
2892 0.005000 2154
2893 0.005000 2154
2894 0.005000 2154
2895 0.005000 2154
2896 0.005000 2154
2897 0.005000 2154
2898 0.005000 2154
2899 0.005000 2154
2900 0.005000 2154
2901 0.005000 2154
2902 0.005000 2154
2903 0.005000 2154
2904 0.005000 2154
2905 0.005000 2154
2906 0.005000 2154
2907 0.005000 2154
2908 0.005000 2154
2909 0.005000 2154
2910 0.005000 2154
2911 0.005000 2154
2912 0.005000 2154
2913 0.005000 2154
2914 0.005000 2154
2915 0.005000 2154
2916 0.005000 2154
2917 0.005000 2154
2918 0.005000 2154
2919 0.005000 2154
2920 0.005000 2154
2921 0.005000 2154
2922 0.005000 2154
2923 0.005000 2154
2924 0.005000 2154
2925 0.005000 2154
2926 0.005000 2154
2927 0.005000 2154
2928 0.005000 2154
2929 0.005000 2154
2930 0.005000 2154
2931 0.005000 2154
2932 0.005000 2154
2933 0.005000 2154
2934 0.005000 2154
2935 0.005000 2154
2936 0.005000 2154
2937 0.005000 2154
2938 0.005000 2154
2939 0.005000 2154
2940 0.005000 2154
2941 0.005000 2154
2942 0.005000 2154
2943 0.005000 2154
2944 0.005000 2154
2945 0.005000 2154
2946 0.005000 2154
2947 0.005000 2154
2948 0.005000 2154
2949 0.005000 2154
2950 0.005000 2154
2951 0.005000 2154
2952 0.005000 2154
2953 0.005000 2154
2954 0.005000 2154
2955 0.005000 2154
2956 0.005000 2154
2957 0.005000 2154
2958 0.005000 2154
2959 0.005000 2154
2960 0.005000 2154
2961 0.005000 2154
2962 0.005000 2154
2963 0.005000 2154
2964 0.005000 2154
2965 0.005000 2154
2966 0.005000 2154
2967 0.005000 2154
2968 0.005000 2154
2969 0.005000 2154
2970 0.005000 2154
2971 0.005000 2154
2972 0.005000 2154
2973 0.005000 2154
2974 0.005000 2154
2975 0.005000 2154
2976 0.005000 2154
2977 0.005000 2154
2978 0.005000 2154
2979 0.005000 2154
2980 0.005000 2154
2981 0.005000 2154
2982 0.005000 2154
2983 0.005000 2154
2984 0.005000 2154
2985 0.005000 2154
2986 0.005000 2154
2987 0.005000 2154
2988 0.005000 2154
2989 0.005000 2154
2990 0.005000 2154
2991 0.005000 2154
2992 0.005000 2154
2993 0.005000 2154
2994 0.005000 2154
2995 0.005000 2154
2996 0.005000 2154
2997 0.005000 2154
2998 0.005000 2154
2999 0.005000 2154
3000 0.005000 2154
# Final Best Cost: 2154
