# first_value: 2566
# Instance: eil76.tsp
# Method: random-search
# output: time cost
0 2566
1 0.000000 2566
2 0.000000 2566
3 0.000000 2566
4 0.000000 2563
5 0.000000 2447
6 0.000000 2447
7 0.000000 2447
8 0.000000 2447
9 0.000000 2447
10 0.000000 2447
11 0.000000 2447
12 0.000000 2298
13 0.000000 2298
14 0.000000 2298
15 0.000000 2298
16 0.000000 2298
17 0.000000 2298
18 0.000000 2264
19 0.000000 2264
20 0.000000 2264
21 0.000000 2264
22 0.000000 2264
23 0.000000 2264
24 0.000000 2264
25 0.000000 2264
26 0.000000 2264
27 0.000000 2264
28 0.000000 2264
29 0.000000 2264
30 0.000000 2264
31 0.000000 2264
32 0.000000 2264
33 0.000000 2264
34 0.000000 2264
35 0.000000 2264
36 0.000000 2264
37 0.000000 2264
38 0.000000 2264
39 0.000000 2264
40 0.000000 2264
41 0.000000 2264
42 0.000000 2264
43 0.000000 2264
44 0.000000 2264
45 0.000000 2264
46 0.000000 2264
47 0.000000 2264
48 0.000000 2264
49 0.000000 2264
50 0.000000 2264
51 0.000000 2264
52 0.000000 2264
53 0.000000 2264
54 0.000000 2264
55 0.000000 2264
56 0.000000 2264
57 0.000000 2264
58 0.000000 2264
59 0.000000 2264
60 0.000000 2264
61 0.000000 2264
62 0.000000 2264
63 0.000000 2264
64 0.000000 2264
65 0.000000 2264
66 0.000000 2264
67 0.000000 2264
68 0.000000 2264
69 0.000000 2264
70 0.000000 2264
71 0.000000 2264
72 0.000000 2264
73 0.000000 2264
74 0.000000 2264
75 0.000000 2264
76 0.000000 2264
77 0.000000 2264
78 0.000000 2264
79 0.000000 2264
80 0.000000 2264
81 0.000000 2264
82 0.000000 2264
83 0.000000 2264
84 0.000000 2264
85 0.000000 2264
86 0.000000 2264
87 0.000000 2264
88 0.000000 2264
89 0.000000 2264
90 0.000000 2264
91 0.000000 2264
92 0.000000 2244
93 0.000000 2244
94 0.000000 2244
95 0.000000 2244
96 0.000000 2244
97 0.000000 2244
98 0.000000 2244
99 0.000000 2244
100 0.000000 2244
101 0.000000 2244
102 0.000000 2244
103 0.000000 2244
104 0.000000 2244
105 0.000000 2244
106 0.000000 2244
107 0.000000 2244
108 0.000000 2244
109 0.000000 2244
110 0.000000 2244
111 0.000000 2244
112 0.000000 2244
113 0.000000 2244
114 0.000000 2244
115 0.000000 2244
116 0.000000 2244
117 0.000000 2244
118 0.000000 2244
119 0.000000 2244
120 0.000000 2244
121 0.000000 2244
122 0.000000 2244
123 0.000000 2244
124 0.000000 2244
125 0.000000 2244
126 0.000000 2244
127 0.000000 2244
128 0.000000 2244
129 0.000000 2244
130 0.000000 2244
131 0.000000 2244
132 0.000000 2244
133 0.000000 2244
134 0.000000 2244
135 0.000000 2244
136 0.000000 2244
137 0.000000 2244
138 0.000000 2244
139 0.000000 2244
140 0.000000 2244
141 0.000000 2244
142 0.000000 2244
143 0.000000 2244
144 0.000000 2244
145 0.000000 2244
146 0.000000 2244
147 0.000000 2244
148 0.000000 2244
149 0.000000 2244
150 0.000000 2244
151 0.000000 2244
152 0.000000 2244
153 0.000000 2244
154 0.000000 2244
155 0.000000 2244
156 0.000000 2244
157 0.000000 2244
158 0.000000 2244
159 0.000000 2244
160 0.000000 2244
161 0.000000 2244
162 0.000000 2244
163 0.000000 2244
164 0.000000 2244
165 0.000000 2244
166 0.000000 2244
167 0.000000 2244
168 0.000000 2244
169 0.000000 2244
170 0.000000 2244
171 0.000000 2244
172 0.000000 2244
173 0.000000 2244
174 0.000000 2244
175 0.000000 2244
176 0.000000 2244
177 0.000000 2244
178 0.000000 2244
179 0.000000 2244
180 0.000000 2244
181 0.000000 2244
182 0.000000 2244
183 0.000000 2244
184 0.000000 2244
185 0.000000 2244
186 0.000000 2244
187 0.000000 2244
188 0.000000 2244
189 0.000000 2244
190 0.000000 2244
191 0.000000 2244
192 0.000000 2244
193 0.000000 2244
194 0.000000 2244
195 0.000000 2244
196 0.000000 2244
197 0.000000 2244
198 0.000000 2244
199 0.000000 2244
200 0.000000 2244
201 0.000000 2244
202 0.000000 2244
203 0.000000 2244
204 0.000000 2244
205 0.000000 2244
206 0.000000 2244
207 0.000000 2244
208 0.000000 2244
209 0.000000 2244
210 0.000000 2244
211 0.000000 2244
212 0.000000 2244
213 0.000000 2244
214 0.000000 2244
215 0.000000 2244
216 0.000000 2244
217 0.000000 2244
218 0.000000 2244
219 0.000000 2244
220 0.000000 2244
221 0.000000 2244
222 0.000000 2244
223 0.000000 2244
224 0.000000 2244
225 0.001000 2244
226 0.001000 2244
227 0.001000 2244
228 0.001000 2244
229 0.001000 2244
230 0.001000 2244
231 0.001000 2244
232 0.001000 2244
233 0.001000 2244
234 0.001000 2244
235 0.001000 2244
236 0.001000 2244
237 0.001000 2244
238 0.001000 2244
239 0.001000 2244
240 0.001000 2244
241 0.001000 2244
242 0.001000 2244
243 0.001000 2244
244 0.001000 2244
245 0.001000 2244
246 0.001000 2244
247 0.001000 2244
248 0.001000 2244
249 0.001000 2244
250 0.001000 2244
251 0.001000 2244
252 0.001000 2244
253 0.001000 2244
254 0.001000 2244
255 0.001000 2244
256 0.001000 2244
257 0.001000 2244
258 0.001000 2244
259 0.001000 2244
260 0.001000 2244
261 0.001000 2244
262 0.001000 2244
263 0.001000 2244
264 0.001000 2244
265 0.001000 2244
266 0.001000 2244
267 0.001000 2244
268 0.001000 2244
269 0.001000 2244
270 0.001000 2244
271 0.001000 2244
272 0.001000 2244
273 0.001000 2244
274 0.001000 2244
275 0.001000 2244
276 0.001000 2244
277 0.001000 2244
278 0.001000 2244
279 0.001000 2244
280 0.001000 2244
281 0.001000 2244
282 0.001000 2244
283 0.001000 2244
284 0.001000 2244
285 0.001000 2244
286 0.001000 2244
287 0.001000 2244
288 0.001000 2244
289 0.001000 2244
290 0.001000 2244
291 0.001000 2244
292 0.001000 2244
293 0.001000 2244
294 0.001000 2244
295 0.001000 2244
296 0.001000 2244
297 0.001000 2244
298 0.001000 2244
299 0.001000 2244
300 0.001000 2244
301 0.001000 2244
302 0.001000 2244
303 0.001000 2244
304 0.001000 2244
305 0.001000 2244
306 0.001000 2244
307 0.001000 2244
308 0.001000 2244
309 0.001000 2244
310 0.001000 2244
311 0.001000 2244
312 0.001000 2244
313 0.001000 2244
314 0.001000 2244
315 0.001000 2244
316 0.001000 2244
317 0.001000 2244
318 0.001000 2244
319 0.001000 2244
320 0.001000 2244
321 0.001000 2244
322 0.001000 2244
323 0.001000 2244
324 0.001000 2244
325 0.001000 2244
326 0.001000 2244
327 0.001000 2244
328 0.001000 2244
329 0.001000 2244
330 0.001000 2244
331 0.001000 2244
332 0.001000 2244
333 0.001000 2244
334 0.001000 2244
335 0.001000 2244
336 0.001000 2244
337 0.001000 2244
338 0.001000 2244
339 0.001000 2244
340 0.001000 2244
341 0.001000 2244
342 0.001000 2244
343 0.001000 2244
344 0.001000 2244
345 0.001000 2244
346 0.001000 2244
347 0.001000 2244
348 0.001000 2244
349 0.001000 2244
350 0.001000 2244
351 0.001000 2244
352 0.001000 2244
353 0.001000 2244
354 0.001000 2244
355 0.001000 2244
356 0.001000 2244
357 0.001000 2244
358 0.001000 2244
359 0.001000 2244
360 0.001000 2244
361 0.001000 2244
362 0.001000 2244
363 0.001000 2244
364 0.001000 2244
365 0.001000 2244
366 0.001000 2244
367 0.001000 2244
368 0.001000 2244
369 0.001000 2244
370 0.001000 2244
371 0.001000 2244
372 0.001000 2244
373 0.001000 2244
374 0.001000 2244
375 0.001000 2244
376 0.001000 2244
377 0.001000 2244
378 0.001000 2244
379 0.001000 2244
380 0.001000 2244
381 0.001000 2244
382 0.001000 2244
383 0.001000 2244
384 0.001000 2244
385 0.001000 2244
386 0.001000 2244
387 0.001000 2244
388 0.001000 2244
389 0.001000 2244
390 0.001000 2244
391 0.001000 2244
392 0.001000 2244
393 0.001000 2244
394 0.001000 2244
395 0.001000 2244
396 0.001000 2244
397 0.001000 2244
398 0.001000 2244
399 0.001000 2244
400 0.001000 2244
401 0.001000 2244
402 0.001000 2244
403 0.001000 2244
404 0.001000 2244
405 0.001000 2244
406 0.001000 2244
407 0.001000 2244
408 0.001000 2244
409 0.001000 2244
410 0.001000 2244
411 0.001000 2244
412 0.001000 2244
413 0.001000 2244
414 0.001000 2244
415 0.001000 2244
416 0.001000 2244
417 0.001000 2244
418 0.001000 2244
419 0.001000 2244
420 0.001000 2244
421 0.001000 2244
422 0.001000 2244
423 0.001000 2244
424 0.001000 2244
425 0.001000 2244
426 0.001000 2244
427 0.001000 2244
428 0.001000 2244
429 0.001000 2244
430 0.001000 2244
431 0.001000 2244
432 0.001000 2244
433 0.001000 2244
434 0.001000 2244
435 0.001000 2244
436 0.001000 2244
437 0.001000 2244
438 0.001000 2244
439 0.001000 2244
440 0.001000 2244
441 0.001000 2244
442 0.001000 2244
443 0.001000 2244
444 0.001000 2244
445 0.001000 2244
446 0.001000 2244
447 0.001000 2244
448 0.001000 2244
449 0.001000 2244
450 0.001000 2244
451 0.001000 2244
452 0.001000 2244
453 0.001000 2244
454 0.001000 2244
455 0.001000 2244
456 0.001000 2244
457 0.001000 2244
458 0.001000 2244
459 0.001000 2244
460 0.001000 2244
461 0.001000 2244
462 0.001000 2244
463 0.001000 2244
464 0.001000 2244
465 0.001000 2244
466 0.001000 2244
467 0.001000 2244
468 0.001000 2244
469 0.001000 2244
470 0.001000 2244
471 0.001000 2244
472 0.001000 2244
473 0.001000 2244
474 0.001000 2244
475 0.001000 2244
476 0.001000 2244
477 0.001000 2244
478 0.001000 2244
479 0.001000 2244
480 0.001000 2244
481 0.001000 2244
482 0.001000 2244
483 0.001000 2244
484 0.001000 2244
485 0.001000 2244
486 0.001000 2244
487 0.001000 2244
488 0.001000 2244
489 0.001000 2244
490 0.001000 2244
491 0.001000 2244
492 0.001000 2244
493 0.001000 2244
494 0.001000 2244
495 0.001000 2244
496 0.001000 2244
497 0.001000 2244
498 0.001000 2244
499 0.001000 2244
500 0.001000 2244
501 0.001000 2244
502 0.001000 2244
503 0.001000 2244
504 0.001000 2244
505 0.001000 2244
506 0.001000 2244
507 0.001000 2241
508 0.001000 2241
509 0.001000 2241
510 0.001000 2241
511 0.001000 2241
512 0.001000 2241
513 0.001000 2241
514 0.001000 2241
515 0.001000 2241
516 0.001000 2241
517 0.001000 2241
518 0.001000 2241
519 0.001000 2241
520 0.001000 2241
521 0.001000 2241
522 0.001000 2241
523 0.001000 2241
524 0.001000 2241
525 0.001000 2241
526 0.001000 2241
527 0.001000 2241
528 0.001000 2241
529 0.001000 2241
530 0.001000 2241
531 0.001000 2241
532 0.001000 2241
533 0.001000 2241
534 0.001000 2241
535 0.001000 2241
536 0.001000 2241
537 0.001000 2241
538 0.001000 2241
539 0.001000 2241
540 0.001000 2241
541 0.001000 2241
542 0.001000 2241
543 0.001000 2241
544 0.001000 2241
545 0.001000 2241
546 0.001000 2241
547 0.001000 2241
548 0.001000 2241
549 0.001000 2241
550 0.001000 2241
551 0.001000 2241
552 0.001000 2241
553 0.001000 2241
554 0.001000 2241
555 0.001000 2241
556 0.001000 2241
557 0.001000 2241
558 0.001000 2241
559 0.001000 2241
560 0.001000 2241
561 0.001000 2241
562 0.001000 2241
563 0.001000 2241
564 0.001000 2204
565 0.001000 2204
566 0.001000 2204
567 0.001000 2204
568 0.001000 2204
569 0.001000 2204
570 0.001000 2204
571 0.001000 2204
572 0.001000 2204
573 0.001000 2204
574 0.001000 2204
575 0.001000 2204
576 0.001000 2204
577 0.001000 2204
578 0.001000 2204
579 0.001000 2204
580 0.001000 2204
581 0.001000 2204
582 0.001000 2204
583 0.001000 2204
584 0.001000 2204
585 0.001000 2204
586 0.001000 2204
587 0.001000 2204
588 0.001000 2204
589 0.001000 2204
590 0.001000 2204
591 0.001000 2204
592 0.001000 2204
593 0.001000 2204
594 0.001000 2204
595 0.001000 2204
596 0.001000 2204
597 0.001000 2204
598 0.001000 2204
599 0.001000 2204
600 0.001000 2204
601 0.001000 2204
602 0.001000 2204
603 0.001000 2204
604 0.001000 2204
605 0.001000 2204
606 0.001000 2204
607 0.001000 2204
608 0.001000 2204
609 0.001000 2204
610 0.001000 2204
611 0.001000 2204
612 0.001000 2204
613 0.001000 2204
614 0.001000 2204
615 0.001000 2204
616 0.001000 2204
617 0.001000 2204
618 0.001000 2204
619 0.001000 2204
620 0.001000 2204
621 0.001000 2204
622 0.001000 2204
623 0.001000 2204
624 0.001000 2204
625 0.001000 2204
626 0.001000 2204
627 0.001000 2204
628 0.001000 2204
629 0.001000 2204
630 0.001000 2204
631 0.001000 2204
632 0.001000 2204
633 0.001000 2204
634 0.001000 2204
635 0.001000 2204
636 0.001000 2204
637 0.001000 2204
638 0.001000 2204
639 0.001000 2204
640 0.001000 2204
641 0.001000 2204
642 0.001000 2204
643 0.001000 2204
644 0.001000 2204
645 0.001000 2204
646 0.001000 2204
647 0.001000 2204
648 0.001000 2204
649 0.001000 2204
650 0.001000 2204
651 0.001000 2204
652 0.001000 2204
653 0.001000 2204
654 0.001000 2204
655 0.001000 2204
656 0.001000 2204
657 0.001000 2204
658 0.001000 2204
659 0.001000 2204
660 0.001000 2204
661 0.001000 2204
662 0.001000 2204
663 0.001000 2204
664 0.001000 2204
665 0.001000 2204
666 0.001000 2204
667 0.001000 2204
668 0.001000 2204
669 0.001000 2204
670 0.001000 2204
671 0.001000 2204
672 0.001000 2204
673 0.001000 2204
674 0.001000 2204
675 0.001000 2204
676 0.001000 2204
677 0.001000 2204
678 0.001000 2204
679 0.001000 2204
680 0.001000 2204
681 0.001000 2204
682 0.001000 2204
683 0.001000 2204
684 0.001000 2204
685 0.001000 2204
686 0.001000 2204
687 0.001000 2204
688 0.001000 2204
689 0.001000 2204
690 0.001000 2204
691 0.001000 2204
692 0.001000 2204
693 0.001000 2204
694 0.001000 2204
695 0.001000 2204
696 0.001000 2204
697 0.001000 2204
698 0.001000 2204
699 0.001000 2204
700 0.001000 2204
701 0.001000 2204
702 0.001000 2204
703 0.001000 2204
704 0.001000 2204
705 0.001000 2204
706 0.001000 2204
707 0.001000 2204
708 0.001000 2204
709 0.001000 2204
710 0.001000 2204
711 0.001000 2204
712 0.001000 2204
713 0.001000 2204
714 0.001000 2204
715 0.001000 2204
716 0.001000 2204
717 0.001000 2204
718 0.001000 2204
719 0.001000 2204
720 0.001000 2204
721 0.001000 2204
722 0.001000 2204
723 0.001000 2204
724 0.001000 2204
725 0.001000 2204
726 0.001000 2204
727 0.001000 2204
728 0.001000 2204
729 0.001000 2204
730 0.001000 2204
731 0.001000 2204
732 0.001000 2204
733 0.001000 2204
734 0.001000 2204
735 0.001000 2204
736 0.001000 2204
737 0.001000 2204
738 0.001000 2204
739 0.001000 2204
740 0.001000 2204
741 0.001000 2204
742 0.001000 2204
743 0.001000 2204
744 0.001000 2204
745 0.001000 2204
746 0.001000 2204
747 0.001000 2204
748 0.001000 2204
749 0.001000 2204
750 0.001000 2204
751 0.001000 2204
752 0.001000 2204
753 0.001000 2204
754 0.001000 2204
755 0.001000 2175
756 0.001000 2175
757 0.001000 2175
758 0.001000 2175
759 0.001000 2175
760 0.001000 2175
761 0.001000 2175
762 0.001000 2175
763 0.001000 2175
764 0.001000 2175
765 0.001000 2175
766 0.001000 2175
767 0.001000 2175
768 0.001000 2175
769 0.001000 2175
770 0.001000 2175
771 0.001000 2175
772 0.001000 2175
773 0.001000 2175
774 0.001000 2175
775 0.001000 2175
776 0.001000 2175
777 0.001000 2175
778 0.001000 2175
779 0.001000 2175
780 0.001000 2175
781 0.001000 2175
782 0.001000 2175
783 0.001000 2175
784 0.001000 2175
785 0.001000 2175
786 0.001000 2175
787 0.001000 2175
788 0.001000 2175
789 0.001000 2175
790 0.001000 2175
791 0.001000 2175
792 0.001000 2175
793 0.001000 2175
794 0.001000 2175
795 0.001000 2175
796 0.001000 2175
797 0.001000 2175
798 0.001000 2175
799 0.001000 2175
800 0.001000 2175
801 0.001000 2175
802 0.001000 2175
803 0.001000 2175
804 0.001000 2175
805 0.001000 2175
806 0.001000 2175
807 0.001000 2175
808 0.001000 2175
809 0.001000 2175
810 0.001000 2175
811 0.001000 2175
812 0.001000 2175
813 0.001000 2175
814 0.001000 2175
815 0.001000 2175
816 0.001000 2175
817 0.001000 2175
818 0.001000 2175
819 0.001000 2175
820 0.001000 2175
821 0.001000 2175
822 0.001000 2175
823 0.001000 2175
824 0.001000 2175
825 0.001000 2175
826 0.001000 2175
827 0.001000 2175
828 0.001000 2175
829 0.001000 2175
830 0.001000 2175
831 0.001000 2175
832 0.001000 2175
833 0.001000 2175
834 0.001000 2175
835 0.001000 2175
836 0.001000 2175
837 0.001000 2175
838 0.001000 2175
839 0.001000 2175
840 0.001000 2175
841 0.001000 2175
842 0.001000 2175
843 0.001000 2175
844 0.001000 2175
845 0.001000 2175
846 0.001000 2175
847 0.001000 2175
848 0.001000 2175
849 0.001000 2175
850 0.001000 2175
851 0.001000 2175
852 0.001000 2175
853 0.001000 2175
854 0.001000 2175
855 0.001000 2175
856 0.001000 2175
857 0.001000 2175
858 0.001000 2175
859 0.001000 2175
860 0.001000 2175
861 0.001000 2175
862 0.001000 2175
863 0.001000 2175
864 0.001000 2175
865 0.001000 2175
866 0.001000 2175
867 0.001000 2175
868 0.001000 2175
869 0.001000 2175
870 0.001000 2175
871 0.001000 2175
872 0.001000 2175
873 0.001000 2175
874 0.001000 2175
875 0.001000 2175
876 0.001000 2175
877 0.001000 2175
878 0.001000 2175
879 0.001000 2175
880 0.001000 2175
881 0.001000 2175
882 0.001000 2175
883 0.001000 2175
884 0.001000 2175
885 0.001000 2175
886 0.001000 2175
887 0.001000 2175
888 0.001000 2175
889 0.001000 2175
890 0.001000 2175
891 0.001000 2175
892 0.001000 2175
893 0.001000 2175
894 0.001000 2175
895 0.001000 2175
896 0.001000 2175
897 0.001000 2175
898 0.001000 2175
899 0.001000 2175
900 0.001000 2175
901 0.001000 2175
902 0.001000 2175
903 0.001000 2175
904 0.001000 2175
905 0.001000 2125
906 0.001000 2125
907 0.001000 2125
908 0.001000 2125
909 0.001000 2125
910 0.001000 2125
911 0.001000 2125
912 0.001000 2125
913 0.001000 2125
914 0.001000 2125
915 0.001000 2125
916 0.001000 2125
917 0.001000 2125
918 0.001000 2125
919 0.001000 2125
920 0.001000 2125
921 0.001000 2125
922 0.001000 2125
923 0.001000 2125
924 0.001000 2125
925 0.001000 2125
926 0.001000 2125
927 0.001000 2125
928 0.001000 2125
929 0.001000 2125
930 0.001000 2125
931 0.001000 2125
932 0.001000 2125
933 0.001000 2125
934 0.001000 2125
935 0.001000 2125
936 0.001000 2125
937 0.001000 2125
938 0.001000 2125
939 0.001000 2125
940 0.001000 2125
941 0.001000 2125
942 0.001000 2125
943 0.001000 2125
944 0.001000 2125
945 0.001000 2125
946 0.001000 2125
947 0.001000 2125
948 0.001000 2125
949 0.001000 2125
950 0.001000 2125
951 0.001000 2125
952 0.001000 2125
953 0.001000 2125
954 0.001000 2125
955 0.001000 2125
956 0.001000 2125
957 0.001000 2125
958 0.001000 2125
959 0.001000 2125
960 0.001000 2125
961 0.001000 2125
962 0.001000 2125
963 0.001000 2125
964 0.001000 2125
965 0.001000 2125
966 0.001000 2125
967 0.001000 2125
968 0.001000 2125
969 0.001000 2125
970 0.001000 2125
971 0.001000 2125
972 0.001000 2125
973 0.001000 2125
974 0.001000 2125
975 0.001000 2125
976 0.001000 2125
977 0.001000 2125
978 0.001000 2125
979 0.001000 2125
980 0.001000 2125
981 0.001000 2125
982 0.001000 2125
983 0.001000 2125
984 0.001000 2125
985 0.001000 2125
986 0.001000 2125
987 0.001000 2125
988 0.001000 2125
989 0.001000 2125
990 0.001000 2125
991 0.001000 2125
992 0.001000 2125
993 0.001000 2125
994 0.001000 2125
995 0.001000 2125
996 0.001000 2125
997 0.001000 2125
998 0.001000 2125
999 0.001000 2125
1000 0.001000 2125
1001 0.001000 2125
1002 0.001000 2125
1003 0.001000 2125
1004 0.001000 2125
1005 0.001000 2125
1006 0.001000 2125
1007 0.001000 2125
1008 0.001000 2125
1009 0.001000 2125
1010 0.001000 2125
1011 0.001000 2125
1012 0.001000 2125
1013 0.001000 2125
1014 0.001000 2125
1015 0.001000 2125
1016 0.001000 2125
1017 0.001000 2125
1018 0.001000 2125
1019 0.001000 2125
1020 0.001000 2125
1021 0.001000 2125
1022 0.001000 2125
1023 0.001000 2125
1024 0.001000 2125
1025 0.001000 2125
1026 0.001000 2125
1027 0.001000 2125
1028 0.001000 2125
1029 0.001000 2125
1030 0.001000 2125
1031 0.001000 2125
1032 0.001000 2125
1033 0.001000 2125
1034 0.001000 2125
1035 0.001000 2125
1036 0.001000 2125
1037 0.001000 2125
1038 0.001000 2125
1039 0.001000 2125
1040 0.001000 2125
1041 0.001000 2125
1042 0.001000 2125
1043 0.001000 2125
1044 0.001000 2125
1045 0.001000 2125
1046 0.001000 2125
1047 0.001000 2125
1048 0.001000 2125
1049 0.001000 2125
1050 0.001000 2125
1051 0.001000 2125
1052 0.001000 2125
1053 0.001000 2125
1054 0.001000 2125
1055 0.001000 2125
1056 0.001000 2125
1057 0.001000 2125
1058 0.001000 2125
1059 0.001000 2125
1060 0.001000 2125
1061 0.001000 2125
1062 0.001000 2125
1063 0.001000 2125
1064 0.001000 2125
1065 0.001000 2125
1066 0.001000 2125
1067 0.001000 2125
1068 0.001000 2125
1069 0.001000 2125
1070 0.001000 2125
1071 0.001000 2125
1072 0.001000 2125
1073 0.001000 2125
1074 0.001000 2125
1075 0.001000 2125
1076 0.001000 2125
1077 0.001000 2125
1078 0.001000 2125
1079 0.001000 2125
1080 0.001000 2125
1081 0.001000 2125
1082 0.001000 2125
1083 0.001000 2125
1084 0.001000 2125
1085 0.001000 2125
1086 0.001000 2125
1087 0.001000 2125
1088 0.001000 2125
1089 0.001000 2125
1090 0.001000 2125
1091 0.001000 2125
1092 0.001000 2125
1093 0.001000 2125
1094 0.001000 2125
1095 0.001000 2125
1096 0.001000 2125
1097 0.001000 2125
1098 0.001000 2125
1099 0.001000 2125
1100 0.001000 2125
1101 0.001000 2125
1102 0.001000 2125
1103 0.001000 2125
1104 0.001000 2125
1105 0.001000 2125
1106 0.001000 2125
1107 0.001000 2125
1108 0.001000 2125
1109 0.001000 2125
1110 0.001000 2125
1111 0.001000 2125
1112 0.001000 2125
1113 0.001000 2125
1114 0.001000 2125
1115 0.001000 2125
1116 0.001000 2125
1117 0.001000 2125
1118 0.001000 2125
1119 0.001000 2125
1120 0.001000 2125
1121 0.001000 2125
1122 0.001000 2125
1123 0.001000 2125
1124 0.001000 2125
1125 0.001000 2125
1126 0.001000 2125
1127 0.001000 2125
1128 0.001000 2125
1129 0.001000 2125
1130 0.001000 2125
1131 0.001000 2125
1132 0.001000 2125
1133 0.001000 2125
1134 0.001000 2125
1135 0.001000 2125
1136 0.001000 2125
1137 0.001000 2125
1138 0.001000 2125
1139 0.001000 2125
1140 0.001000 2125
1141 0.001000 2125
1142 0.001000 2125
1143 0.001000 2125
1144 0.001000 2125
1145 0.001000 2125
1146 0.001000 2125
1147 0.001000 2125
1148 0.001000 2125
1149 0.001000 2125
1150 0.001000 2125
1151 0.001000 2125
1152 0.001000 2125
1153 0.001000 2125
1154 0.001000 2125
1155 0.001000 2125
1156 0.001000 2125
1157 0.001000 2125
1158 0.001000 2125
1159 0.001000 2125
1160 0.001000 2125
1161 0.001000 2125
1162 0.001000 2125
1163 0.001000 2125
1164 0.001000 2125
1165 0.001000 2125
1166 0.001000 2125
1167 0.001000 2125
1168 0.001000 2125
1169 0.001000 2125
1170 0.001000 2125
1171 0.001000 2125
1172 0.001000 2125
1173 0.001000 2125
1174 0.001000 2125
1175 0.001000 2125
1176 0.001000 2125
1177 0.001000 2125
1178 0.001000 2125
1179 0.001000 2125
1180 0.001000 2125
1181 0.001000 2125
1182 0.001000 2125
1183 0.001000 2125
1184 0.001000 2125
1185 0.001000 2125
1186 0.001000 2125
1187 0.001000 2125
1188 0.001000 2125
1189 0.001000 2125
1190 0.001000 2125
1191 0.001000 2125
1192 0.001000 2125
1193 0.001000 2125
1194 0.001000 2125
1195 0.001000 2125
1196 0.001000 2125
1197 0.001000 2125
1198 0.001000 2125
1199 0.001000 2125
1200 0.001000 2125
1201 0.001000 2125
1202 0.001000 2125
1203 0.001000 2125
1204 0.001000 2125
1205 0.001000 2125
1206 0.001000 2125
1207 0.001000 2125
1208 0.001000 2125
1209 0.001000 2125
1210 0.001000 2125
1211 0.001000 2125
1212 0.001000 2125
1213 0.001000 2125
1214 0.001000 2125
1215 0.001000 2125
1216 0.001000 2125
1217 0.001000 2125
1218 0.001000 2125
1219 0.001000 2125
1220 0.001000 2125
1221 0.001000 2125
1222 0.001000 2125
1223 0.001000 2125
1224 0.001000 2125
1225 0.001000 2125
1226 0.001000 2125
1227 0.001000 2125
1228 0.001000 2125
1229 0.001000 2125
1230 0.001000 2125
1231 0.001000 2125
1232 0.001000 2125
1233 0.001000 2125
1234 0.001000 2125
1235 0.001000 2125
1236 0.001000 2125
1237 0.001000 2125
1238 0.001000 2125
1239 0.001000 2125
1240 0.001000 2125
1241 0.001000 2125
1242 0.001000 2125
1243 0.001000 2125
1244 0.001000 2125
1245 0.001000 2125
1246 0.001000 2125
1247 0.001000 2125
1248 0.001000 2125
1249 0.001000 2125
1250 0.001000 2125
1251 0.001000 2125
1252 0.001000 2125
1253 0.001000 2125
1254 0.001000 2125
1255 0.001000 2125
1256 0.001000 2125
1257 0.001000 2125
1258 0.001000 2125
1259 0.001000 2125
1260 0.001000 2125
1261 0.001000 2125
1262 0.001000 2125
1263 0.001000 2125
1264 0.001000 2125
1265 0.001000 2125
1266 0.001000 2125
1267 0.001000 2125
1268 0.001000 2125
1269 0.001000 2125
1270 0.001000 2125
1271 0.001000 2125
1272 0.001000 2125
1273 0.001000 2125
1274 0.001000 2125
1275 0.001000 2125
1276 0.001000 2125
1277 0.001000 2125
1278 0.001000 2125
1279 0.001000 2125
1280 0.001000 2125
1281 0.001000 2125
1282 0.001000 2125
1283 0.001000 2125
1284 0.001000 2125
1285 0.001000 2125
1286 0.001000 2125
1287 0.001000 2125
1288 0.001000 2125
1289 0.001000 2125
1290 0.001000 2125
1291 0.001000 2125
1292 0.001000 2125
1293 0.001000 2125
1294 0.001000 2125
1295 0.001000 2125
1296 0.001000 2125
1297 0.001000 2125
1298 0.001000 2125
1299 0.001000 2125
1300 0.001000 2125
1301 0.001000 2125
1302 0.001000 2125
1303 0.001000 2125
1304 0.001000 2125
1305 0.001000 2125
1306 0.001000 2125
1307 0.001000 2125
1308 0.001000 2125
1309 0.001000 2125
1310 0.001000 2125
1311 0.001000 2125
1312 0.001000 2125
1313 0.001000 2125
1314 0.001000 2125
1315 0.001000 2125
1316 0.001000 2125
1317 0.001000 2125
1318 0.001000 2125
1319 0.001000 2125
1320 0.001000 2125
1321 0.001000 2125
1322 0.001000 2125
1323 0.001000 2125
1324 0.001000 2125
1325 0.001000 2125
1326 0.001000 2125
1327 0.001000 2125
1328 0.001000 2125
1329 0.001000 2125
1330 0.001000 2125
1331 0.001000 2125
1332 0.001000 2125
1333 0.001000 2125
1334 0.001000 2125
1335 0.001000 2125
1336 0.001000 2125
1337 0.001000 2125
1338 0.001000 2125
1339 0.001000 2125
1340 0.001000 2125
1341 0.001000 2125
1342 0.001000 2125
1343 0.001000 2125
1344 0.001000 2125
1345 0.001000 2125
1346 0.001000 2125
1347 0.001000 2125
1348 0.001000 2125
1349 0.001000 2125
1350 0.001000 2125
1351 0.001000 2125
1352 0.001000 2125
1353 0.001000 2125
1354 0.001000 2125
1355 0.001000 2125
1356 0.001000 2125
1357 0.001000 2125
1358 0.001000 2125
1359 0.001000 2125
1360 0.001000 2125
1361 0.001000 2125
1362 0.001000 2125
1363 0.001000 2125
1364 0.001000 2125
1365 0.001000 2125
1366 0.001000 2125
1367 0.001000 2125
1368 0.001000 2125
1369 0.001000 2125
1370 0.001000 2125
1371 0.001000 2125
1372 0.001000 2125
1373 0.001000 2125
1374 0.001000 2125
1375 0.001000 2125
1376 0.001000 2125
1377 0.001000 2125
1378 0.001000 2125
1379 0.001000 2125
1380 0.001000 2125
1381 0.001000 2125
1382 0.001000 2125
1383 0.001000 2125
1384 0.001000 2125
1385 0.001000 2125
1386 0.001000 2125
1387 0.001000 2125
1388 0.001000 2125
1389 0.001000 2125
1390 0.001000 2125
1391 0.001000 2125
1392 0.001000 2125
1393 0.001000 2125
1394 0.001000 2125
1395 0.001000 2125
1396 0.001000 2125
1397 0.001000 2125
1398 0.001000 2125
1399 0.001000 2125
1400 0.001000 2125
1401 0.001000 2125
1402 0.001000 2125
1403 0.001000 2125
1404 0.001000 2125
1405 0.001000 2125
1406 0.001000 2125
1407 0.001000 2125
1408 0.001000 2125
1409 0.001000 2125
1410 0.001000 2125
1411 0.001000 2125
1412 0.001000 2125
1413 0.001000 2125
1414 0.001000 2125
1415 0.001000 2125
1416 0.001000 2125
1417 0.001000 2125
1418 0.001000 2125
1419 0.001000 2125
1420 0.001000 2125
1421 0.001000 2125
1422 0.001000 2125
1423 0.001000 2125
1424 0.001000 2125
1425 0.001000 2125
1426 0.001000 2125
1427 0.001000 2125
1428 0.001000 2125
1429 0.001000 2125
1430 0.001000 2125
1431 0.001000 2125
1432 0.001000 2125
1433 0.001000 2125
1434 0.001000 2125
1435 0.001000 2125
1436 0.001000 2125
1437 0.001000 2125
1438 0.001000 2125
1439 0.001000 2125
1440 0.001000 2125
1441 0.001000 2125
1442 0.001000 2125
1443 0.001000 2125
1444 0.001000 2125
1445 0.001000 2125
1446 0.001000 2125
1447 0.001000 2125
1448 0.001000 2125
1449 0.001000 2125
1450 0.001000 2125
1451 0.001000 2125
1452 0.001000 2125
1453 0.001000 2125
1454 0.001000 2125
1455 0.001000 2125
1456 0.001000 2125
1457 0.001000 2125
1458 0.001000 2125
1459 0.001000 2125
1460 0.001000 2125
1461 0.001000 2125
1462 0.001000 2125
1463 0.001000 2125
1464 0.001000 2125
1465 0.001000 2125
1466 0.001000 2125
1467 0.001000 2125
1468 0.001000 2125
1469 0.001000 2125
1470 0.001000 2125
1471 0.001000 2125
1472 0.001000 2125
1473 0.001000 2125
1474 0.001000 2125
1475 0.001000 2125
1476 0.001000 2125
1477 0.001000 2125
1478 0.001000 2125
1479 0.001000 2125
1480 0.001000 2125
1481 0.001000 2125
1482 0.001000 2125
1483 0.001000 2125
1484 0.001000 2125
1485 0.002000 2125
1486 0.002000 2125
1487 0.002000 2125
1488 0.002000 2125
1489 0.002000 2125
1490 0.002000 2125
1491 0.002000 2125
1492 0.002000 2125
1493 0.002000 2125
1494 0.002000 2125
1495 0.002000 2125
1496 0.002000 2125
1497 0.002000 2125
1498 0.002000 2125
1499 0.002000 2125
1500 0.002000 2125
1501 0.002000 2125
1502 0.002000 2125
1503 0.002000 2125
1504 0.002000 2125
1505 0.002000 2125
1506 0.002000 2125
1507 0.002000 2125
1508 0.002000 2125
1509 0.002000 2125
1510 0.002000 2125
1511 0.002000 2125
1512 0.002000 2125
1513 0.002000 2125
1514 0.002000 2125
1515 0.002000 2125
1516 0.002000 2125
1517 0.002000 2125
1518 0.002000 2125
1519 0.002000 2125
1520 0.002000 2125
1521 0.002000 2125
1522 0.002000 2125
1523 0.002000 2125
1524 0.002000 2125
1525 0.002000 2125
1526 0.002000 2125
1527 0.002000 2125
1528 0.002000 2125
1529 0.002000 2125
1530 0.002000 2125
1531 0.002000 2125
1532 0.002000 2125
1533 0.002000 2125
1534 0.002000 2125
1535 0.002000 2125
1536 0.002000 2125
1537 0.002000 2125
1538 0.002000 2125
1539 0.002000 2125
1540 0.002000 2125
1541 0.002000 2125
1542 0.002000 2125
1543 0.002000 2125
1544 0.002000 2125
1545 0.002000 2125
1546 0.002000 2125
1547 0.002000 2125
1548 0.002000 2125
1549 0.002000 2125
1550 0.002000 2125
1551 0.002000 2125
1552 0.002000 2125
1553 0.002000 2125
1554 0.002000 2125
1555 0.002000 2125
1556 0.002000 2125
1557 0.002000 2125
1558 0.002000 2125
1559 0.002000 2125
1560 0.002000 2125
1561 0.002000 2125
1562 0.002000 2125
1563 0.002000 2125
1564 0.002000 2125
1565 0.002000 2125
1566 0.002000 2125
1567 0.002000 2125
1568 0.002000 2125
1569 0.002000 2125
1570 0.002000 2125
1571 0.002000 2125
1572 0.002000 2125
1573 0.002000 2125
1574 0.002000 2125
1575 0.002000 2125
1576 0.002000 2125
1577 0.002000 2125
1578 0.002000 2125
1579 0.002000 2125
1580 0.002000 2125
1581 0.002000 2125
1582 0.002000 2125
1583 0.002000 2125
1584 0.002000 2125
1585 0.002000 2125
1586 0.002000 2125
1587 0.002000 2125
1588 0.002000 2125
1589 0.002000 2125
1590 0.002000 2125
1591 0.002000 2125
1592 0.002000 2125
1593 0.002000 2125
1594 0.002000 2125
1595 0.002000 2125
1596 0.002000 2125
1597 0.002000 2125
1598 0.002000 2125
1599 0.002000 2125
1600 0.002000 2125
1601 0.002000 2125
1602 0.002000 2125
1603 0.002000 2125
1604 0.002000 2125
1605 0.002000 2125
1606 0.002000 2125
1607 0.002000 2125
1608 0.002000 2125
1609 0.002000 2125
1610 0.002000 2125
1611 0.002000 2125
1612 0.002000 2125
1613 0.002000 2125
1614 0.002000 2125
1615 0.002000 2125
1616 0.002000 2125
1617 0.002000 2125
1618 0.002000 2125
1619 0.002000 2125
1620 0.002000 2125
1621 0.002000 2125
1622 0.002000 2125
1623 0.002000 2125
1624 0.002000 2125
1625 0.002000 2125
1626 0.002000 2125
1627 0.002000 2125
1628 0.002000 2125
1629 0.002000 2125
1630 0.002000 2125
1631 0.002000 2125
1632 0.002000 2125
1633 0.002000 2125
1634 0.002000 2125
1635 0.002000 2125
1636 0.002000 2125
1637 0.002000 2125
1638 0.002000 2125
1639 0.002000 2125
1640 0.002000 2125
1641 0.002000 2125
1642 0.002000 2125
1643 0.002000 2125
1644 0.002000 2125
1645 0.002000 2125
1646 0.002000 2125
1647 0.002000 2125
1648 0.002000 2125
1649 0.002000 2125
1650 0.002000 2125
1651 0.002000 2125
1652 0.002000 2125
1653 0.002000 2125
1654 0.002000 2125
1655 0.002000 2125
1656 0.002000 2125
1657 0.002000 2125
1658 0.002000 2125
1659 0.002000 2125
1660 0.002000 2125
1661 0.002000 2125
1662 0.002000 2125
1663 0.002000 2125
1664 0.002000 2125
1665 0.002000 2125
1666 0.002000 2125
1667 0.002000 2125
1668 0.002000 2125
1669 0.002000 2125
1670 0.002000 2125
1671 0.002000 2125
1672 0.002000 2125
1673 0.002000 2125
1674 0.002000 2125
1675 0.002000 2125
1676 0.003000 2125
1677 0.003000 2125
1678 0.003000 2125
1679 0.003000 2125
1680 0.003000 2125
1681 0.003000 2125
1682 0.003000 2125
1683 0.003000 2125
1684 0.003000 2125
1685 0.003000 2125
1686 0.003000 2125
1687 0.003000 2125
1688 0.003000 2125
1689 0.003000 2125
1690 0.003000 2125
1691 0.003000 2125
1692 0.003000 2125
1693 0.003000 2125
1694 0.003000 2125
1695 0.003000 2125
1696 0.003000 2125
1697 0.003000 2125
1698 0.003000 2125
1699 0.003000 2125
1700 0.003000 2125
1701 0.003000 2125
1702 0.003000 2125
1703 0.003000 2125
1704 0.003000 2125
1705 0.003000 2125
1706 0.003000 2125
1707 0.003000 2125
1708 0.003000 2125
1709 0.003000 2125
1710 0.003000 2125
1711 0.003000 2125
1712 0.003000 2125
1713 0.003000 2125
1714 0.003000 2125
1715 0.003000 2125
1716 0.003000 2125
1717 0.003000 2125
1718 0.003000 2125
1719 0.003000 2125
1720 0.003000 2125
1721 0.003000 2125
1722 0.003000 2125
1723 0.003000 2125
1724 0.003000 2125
1725 0.003000 2125
1726 0.003000 2125
1727 0.003000 2125
1728 0.003000 2125
1729 0.003000 2125
1730 0.003000 2125
1731 0.003000 2125
1732 0.003000 2125
1733 0.003000 2125
1734 0.003000 2125
1735 0.003000 2125
1736 0.003000 2125
1737 0.003000 2125
1738 0.003000 2125
1739 0.003000 2125
1740 0.003000 2125
1741 0.003000 2125
1742 0.003000 2125
1743 0.003000 2125
1744 0.003000 2125
1745 0.003000 2125
1746 0.003000 2125
1747 0.003000 2125
1748 0.003000 2125
1749 0.003000 2125
1750 0.003000 2125
1751 0.003000 2125
1752 0.003000 2125
1753 0.003000 2125
1754 0.003000 2125
1755 0.003000 2125
1756 0.003000 2125
1757 0.003000 2125
1758 0.003000 2125
1759 0.003000 2125
1760 0.003000 2125
1761 0.003000 2125
1762 0.003000 2125
1763 0.003000 2125
1764 0.003000 2125
1765 0.003000 2125
1766 0.003000 2125
1767 0.003000 2125
1768 0.003000 2125
1769 0.003000 2125
1770 0.003000 2125
1771 0.003000 2125
1772 0.003000 2125
1773 0.003000 2125
1774 0.003000 2125
1775 0.003000 2125
1776 0.003000 2125
1777 0.003000 2125
1778 0.003000 2125
1779 0.003000 2125
1780 0.003000 2125
1781 0.003000 2125
1782 0.003000 2125
1783 0.003000 2125
1784 0.003000 2125
1785 0.003000 2125
1786 0.003000 2125
1787 0.003000 2125
1788 0.003000 2125
1789 0.003000 2125
1790 0.003000 2125
1791 0.003000 2125
1792 0.003000 2125
1793 0.003000 2125
1794 0.003000 2125
1795 0.003000 2125
1796 0.003000 2125
1797 0.003000 2125
1798 0.003000 2125
1799 0.003000 2125
1800 0.003000 2125
1801 0.003000 2125
1802 0.003000 2125
1803 0.003000 2125
1804 0.003000 2125
1805 0.003000 2125
1806 0.003000 2125
1807 0.003000 2125
1808 0.003000 2125
1809 0.003000 2125
1810 0.003000 2125
1811 0.003000 2125
1812 0.003000 2125
1813 0.003000 2125
1814 0.003000 2125
1815 0.003000 2125
1816 0.003000 2125
1817 0.003000 2125
1818 0.003000 2125
1819 0.003000 2125
1820 0.003000 2125
1821 0.003000 2125
1822 0.003000 2125
1823 0.003000 2125
1824 0.003000 2125
1825 0.003000 2125
1826 0.003000 2125
1827 0.003000 2125
1828 0.003000 2125
1829 0.003000 2125
1830 0.003000 2125
1831 0.003000 2125
1832 0.003000 2125
1833 0.003000 2125
1834 0.003000 2125
1835 0.003000 2125
1836 0.003000 2125
1837 0.003000 2125
1838 0.003000 2125
1839 0.003000 2125
1840 0.003000 2125
1841 0.003000 2125
1842 0.003000 2125
1843 0.003000 2125
1844 0.003000 2125
1845 0.003000 2125
1846 0.003000 2125
1847 0.003000 2125
1848 0.003000 2125
1849 0.003000 2125
1850 0.003000 2125
1851 0.003000 2125
1852 0.003000 2125
1853 0.003000 2125
1854 0.003000 2125
1855 0.003000 2125
1856 0.003000 2125
1857 0.003000 2125
1858 0.003000 2125
1859 0.003000 2125
1860 0.003000 2125
1861 0.003000 2125
1862 0.003000 2125
1863 0.003000 2125
1864 0.003000 2125
1865 0.003000 2125
1866 0.003000 2125
1867 0.003000 2125
1868 0.003000 2125
1869 0.003000 2125
1870 0.003000 2125
1871 0.003000 2125
1872 0.003000 2125
1873 0.003000 2125
1874 0.003000 2125
1875 0.003000 2125
1876 0.003000 2125
1877 0.003000 2125
1878 0.003000 2125
1879 0.003000 2125
1880 0.003000 2125
1881 0.003000 2125
1882 0.003000 2125
1883 0.003000 2125
1884 0.003000 2125
1885 0.003000 2125
1886 0.003000 2125
1887 0.003000 2125
1888 0.003000 2125
1889 0.003000 2125
1890 0.003000 2125
1891 0.003000 2125
1892 0.003000 2125
1893 0.003000 2125
1894 0.003000 2125
1895 0.003000 2125
1896 0.003000 2125
1897 0.003000 2125
1898 0.003000 2125
1899 0.003000 2125
1900 0.003000 2125
1901 0.003000 2125
1902 0.003000 2125
1903 0.003000 2125
1904 0.003000 2125
1905 0.003000 2125
1906 0.003000 2125
1907 0.003000 2125
1908 0.003000 2125
1909 0.003000 2125
1910 0.003000 2125
1911 0.003000 2125
1912 0.003000 2125
1913 0.003000 2125
1914 0.003000 2125
1915 0.003000 2125
1916 0.003000 2125
1917 0.003000 2125
1918 0.003000 2125
1919 0.003000 2125
1920 0.003000 2125
1921 0.003000 2125
1922 0.003000 2125
1923 0.003000 2125
1924 0.003000 2125
1925 0.003000 2125
1926 0.003000 2125
1927 0.003000 2125
1928 0.003000 2125
1929 0.003000 2125
1930 0.003000 2125
1931 0.003000 2125
1932 0.003000 2125
1933 0.003000 2125
1934 0.003000 2125
1935 0.003000 2125
1936 0.003000 2125
1937 0.003000 2125
1938 0.003000 2125
1939 0.003000 2125
1940 0.003000 2125
1941 0.003000 2125
1942 0.003000 2125
1943 0.003000 2125
1944 0.003000 2125
1945 0.003000 2125
1946 0.003000 2125
1947 0.003000 2125
1948 0.003000 2125
1949 0.003000 2125
1950 0.003000 2125
1951 0.003000 2125
1952 0.003000 2125
1953 0.003000 2125
1954 0.003000 2125
1955 0.003000 2125
1956 0.003000 2125
1957 0.003000 2125
1958 0.003000 2125
1959 0.003000 2125
1960 0.003000 2125
1961 0.003000 2125
1962 0.003000 2125
1963 0.003000 2125
1964 0.003000 2125
1965 0.003000 2125
1966 0.003000 2125
1967 0.003000 2125
1968 0.003000 2125
1969 0.003000 2125
1970 0.003000 2125
1971 0.003000 2125
1972 0.003000 2125
1973 0.003000 2125
1974 0.003000 2125
1975 0.003000 2125
1976 0.003000 2125
1977 0.003000 2125
1978 0.003000 2125
1979 0.003000 2125
1980 0.003000 2125
1981 0.003000 2125
1982 0.003000 2125
1983 0.003000 2125
1984 0.003000 2125
1985 0.003000 2125
1986 0.003000 2125
1987 0.003000 2125
1988 0.003000 2125
1989 0.003000 2125
1990 0.003000 2125
1991 0.003000 2125
1992 0.003000 2125
1993 0.003000 2125
1994 0.003000 2125
1995 0.003000 2125
1996 0.003000 2125
1997 0.003000 2125
1998 0.003000 2125
1999 0.003000 2125
2000 0.003000 2125
2001 0.003000 2125
2002 0.003000 2125
2003 0.003000 2125
2004 0.003000 2125
2005 0.003000 2125
2006 0.003000 2125
2007 0.003000 2125
2008 0.003000 2125
2009 0.003000 2125
2010 0.003000 2125
2011 0.003000 2125
2012 0.003000 2125
2013 0.003000 2125
2014 0.003000 2125
2015 0.003000 2125
2016 0.003000 2125
2017 0.003000 2125
2018 0.003000 2125
2019 0.003000 2125
2020 0.003000 2125
2021 0.003000 2125
2022 0.003000 2125
2023 0.003000 2125
2024 0.003000 2125
2025 0.003000 2125
2026 0.003000 2125
2027 0.003000 2125
2028 0.003000 2125
2029 0.003000 2125
2030 0.003000 2125
2031 0.003000 2125
2032 0.003000 2125
2033 0.003000 2125
2034 0.003000 2125
2035 0.003000 2125
2036 0.003000 2125
2037 0.003000 2125
2038 0.003000 2125
2039 0.003000 2125
2040 0.003000 2125
2041 0.003000 2125
2042 0.003000 2125
2043 0.003000 2125
2044 0.003000 2125
2045 0.003000 2125
2046 0.003000 2125
2047 0.003000 2125
2048 0.003000 2125
2049 0.003000 2125
2050 0.003000 2125
2051 0.003000 2125
2052 0.003000 2125
2053 0.003000 2125
2054 0.003000 2125
2055 0.003000 2125
2056 0.003000 2125
2057 0.003000 2125
2058 0.003000 2125
2059 0.003000 2125
2060 0.003000 2125
2061 0.003000 2125
2062 0.003000 2125
2063 0.003000 2125
2064 0.003000 2125
2065 0.003000 2125
2066 0.003000 2125
2067 0.003000 2125
2068 0.003000 2125
2069 0.003000 2125
2070 0.003000 2125
2071 0.003000 2125
2072 0.003000 2125
2073 0.003000 2125
2074 0.003000 2125
2075 0.003000 2125
2076 0.003000 2125
2077 0.003000 2125
2078 0.003000 2125
2079 0.003000 2125
2080 0.003000 2125
2081 0.003000 2125
2082 0.003000 2125
2083 0.003000 2125
2084 0.003000 2125
2085 0.003000 2125
2086 0.004000 2125
2087 0.004000 2125
2088 0.004000 2125
2089 0.004000 2125
2090 0.004000 2125
2091 0.004000 2125
2092 0.004000 2125
2093 0.004000 2125
2094 0.004000 2125
2095 0.004000 2125
2096 0.004000 2125
2097 0.004000 2125
2098 0.004000 2125
2099 0.004000 2125
2100 0.004000 2125
2101 0.004000 2125
2102 0.004000 2125
2103 0.004000 2125
2104 0.004000 2125
2105 0.004000 2125
2106 0.004000 2125
2107 0.004000 2125
2108 0.004000 2125
2109 0.004000 2125
2110 0.004000 2125
2111 0.004000 2125
2112 0.004000 2125
2113 0.004000 2125
2114 0.004000 2125
2115 0.004000 2125
2116 0.004000 2125
2117 0.004000 2125
2118 0.004000 2125
2119 0.004000 2125
2120 0.004000 2125
2121 0.004000 2125
2122 0.004000 2125
2123 0.004000 2125
2124 0.004000 2125
2125 0.004000 2125
2126 0.004000 2125
2127 0.004000 2125
2128 0.004000 2125
2129 0.004000 2125
2130 0.004000 2125
2131 0.004000 2125
2132 0.004000 2125
2133 0.004000 2125
2134 0.004000 2125
2135 0.004000 2125
2136 0.004000 2125
2137 0.004000 2125
2138 0.004000 2125
2139 0.004000 2125
2140 0.004000 2125
2141 0.004000 2125
2142 0.004000 2125
2143 0.004000 2125
2144 0.004000 2125
2145 0.004000 2125
2146 0.004000 2125
2147 0.004000 2125
2148 0.004000 2125
2149 0.004000 2125
2150 0.004000 2125
2151 0.004000 2125
2152 0.004000 2125
2153 0.004000 2125
2154 0.004000 2125
2155 0.004000 2125
2156 0.004000 2125
2157 0.004000 2125
2158 0.004000 2125
2159 0.004000 2125
2160 0.004000 2125
2161 0.004000 2125
2162 0.004000 2125
2163 0.004000 2125
2164 0.004000 2125
2165 0.004000 2125
2166 0.004000 2125
2167 0.004000 2125
2168 0.004000 2125
2169 0.004000 2125
2170 0.004000 2125
2171 0.004000 2125
2172 0.004000 2125
2173 0.004000 2125
2174 0.004000 2125
2175 0.004000 2125
2176 0.004000 2125
2177 0.004000 2125
2178 0.004000 2125
2179 0.004000 2125
2180 0.004000 2125
2181 0.004000 2125
2182 0.004000 2125
2183 0.004000 2125
2184 0.004000 2125
2185 0.004000 2125
2186 0.004000 2125
2187 0.004000 2125
2188 0.004000 2125
2189 0.004000 2125
2190 0.004000 2125
2191 0.004000 2125
2192 0.004000 2125
2193 0.004000 2125
2194 0.004000 2125
2195 0.004000 2125
2196 0.004000 2125
2197 0.004000 2125
2198 0.004000 2125
2199 0.004000 2125
2200 0.004000 2125
2201 0.004000 2125
2202 0.004000 2125
2203 0.004000 2125
2204 0.004000 2125
2205 0.004000 2125
2206 0.004000 2125
2207 0.004000 2125
2208 0.004000 2125
2209 0.004000 2125
2210 0.004000 2125
2211 0.004000 2125
2212 0.004000 2125
2213 0.004000 2125
2214 0.004000 2125
2215 0.004000 2125
2216 0.004000 2125
2217 0.004000 2125
2218 0.004000 2125
2219 0.004000 2125
2220 0.004000 2125
2221 0.004000 2125
2222 0.004000 2125
2223 0.004000 2125
2224 0.004000 2125
2225 0.004000 2125
2226 0.004000 2125
2227 0.004000 2125
2228 0.004000 2125
2229 0.004000 2125
2230 0.004000 2125
2231 0.004000 2125
2232 0.004000 2125
2233 0.004000 2125
2234 0.004000 2125
2235 0.004000 2125
2236 0.004000 2125
2237 0.004000 2125
2238 0.004000 2125
2239 0.004000 2125
2240 0.004000 2125
2241 0.004000 2125
2242 0.004000 2125
2243 0.004000 2125
2244 0.004000 2125
2245 0.004000 2125
2246 0.004000 2125
2247 0.004000 2125
2248 0.004000 2125
2249 0.004000 2125
2250 0.004000 2125
2251 0.004000 2125
2252 0.004000 2125
2253 0.004000 2125
2254 0.004000 2125
2255 0.004000 2125
2256 0.004000 2125
2257 0.004000 2125
2258 0.004000 2125
2259 0.004000 2125
2260 0.004000 2125
2261 0.004000 2125
2262 0.004000 2125
2263 0.004000 2125
2264 0.004000 2125
2265 0.004000 2125
2266 0.004000 2125
2267 0.004000 2125
2268 0.004000 2125
2269 0.004000 2125
2270 0.004000 2125
2271 0.004000 2125
2272 0.004000 2125
2273 0.004000 2125
2274 0.004000 2125
2275 0.004000 2125
2276 0.004000 2125
2277 0.004000 2125
2278 0.004000 2125
2279 0.004000 2125
2280 0.004000 2125
2281 0.004000 2125
2282 0.004000 2125
2283 0.004000 2125
2284 0.004000 2125
2285 0.004000 2125
2286 0.004000 2125
2287 0.004000 2125
2288 0.004000 2125
2289 0.004000 2125
2290 0.004000 2125
2291 0.004000 2125
2292 0.004000 2125
2293 0.004000 2125
2294 0.004000 2125
2295 0.004000 2125
2296 0.004000 2125
2297 0.004000 2125
2298 0.005000 2125
2299 0.005000 2125
2300 0.005000 2125
2301 0.005000 2125
2302 0.005000 2125
2303 0.005000 2125
2304 0.005000 2125
2305 0.005000 2125
2306 0.005000 2125
2307 0.005000 2125
2308 0.005000 2125
2309 0.005000 2125
2310 0.005000 2125
2311 0.005000 2125
2312 0.005000 2125
2313 0.005000 2125
2314 0.005000 2125
2315 0.005000 2125
2316 0.005000 2125
2317 0.005000 2125
2318 0.005000 2125
2319 0.005000 2125
2320 0.005000 2125
2321 0.005000 2125
2322 0.005000 2125
2323 0.005000 2125
2324 0.005000 2125
2325 0.005000 2125
2326 0.005000 2125
2327 0.005000 2125
2328 0.005000 2125
2329 0.005000 2125
2330 0.005000 2125
2331 0.005000 2125
2332 0.005000 2125
2333 0.005000 2125
2334 0.005000 2125
2335 0.005000 2125
2336 0.005000 2125
2337 0.005000 2125
2338 0.005000 2125
2339 0.005000 2125
2340 0.005000 2125
2341 0.005000 2125
2342 0.005000 2125
2343 0.005000 2125
2344 0.005000 2125
2345 0.005000 2125
2346 0.005000 2125
2347 0.005000 2125
2348 0.005000 2125
2349 0.005000 2125
2350 0.005000 2125
2351 0.005000 2125
2352 0.005000 2125
2353 0.005000 2125
2354 0.005000 2125
2355 0.005000 2125
2356 0.005000 2125
2357 0.005000 2125
2358 0.005000 2125
2359 0.005000 2125
2360 0.005000 2125
2361 0.005000 2125
2362 0.005000 2125
2363 0.005000 2125
2364 0.005000 2125
2365 0.005000 2125
2366 0.005000 2125
2367 0.005000 2125
2368 0.005000 2125
2369 0.005000 2125
2370 0.005000 2125
2371 0.005000 2125
2372 0.005000 2125
2373 0.005000 2125
2374 0.005000 2125
2375 0.005000 2125
2376 0.005000 2125
2377 0.005000 2125
2378 0.005000 2125
2379 0.005000 2125
2380 0.005000 2125
2381 0.005000 2125
2382 0.005000 2125
2383 0.005000 2125
2384 0.005000 2125
2385 0.005000 2125
2386 0.005000 2125
2387 0.005000 2125
2388 0.005000 2125
2389 0.005000 2125
2390 0.005000 2125
2391 0.005000 2125
2392 0.005000 2125
2393 0.005000 2125
2394 0.005000 2125
2395 0.005000 2125
2396 0.005000 2125
2397 0.005000 2125
2398 0.005000 2125
2399 0.005000 2125
2400 0.005000 2125
2401 0.005000 2125
2402 0.005000 2125
2403 0.005000 2125
2404 0.005000 2125
2405 0.005000 2125
2406 0.005000 2125
2407 0.005000 2125
2408 0.005000 2125
2409 0.005000 2125
2410 0.005000 2125
2411 0.005000 2125
2412 0.005000 2125
2413 0.005000 2125
2414 0.005000 2125
2415 0.005000 2125
2416 0.005000 2125
2417 0.005000 2125
2418 0.005000 2125
2419 0.005000 2125
2420 0.005000 2125
2421 0.005000 2125
2422 0.005000 2125
2423 0.005000 2125
2424 0.005000 2125
2425 0.005000 2125
2426 0.005000 2125
2427 0.005000 2125
2428 0.005000 2125
2429 0.005000 2125
2430 0.005000 2125
2431 0.005000 2125
2432 0.005000 2125
2433 0.005000 2125
2434 0.005000 2125
2435 0.005000 2125
2436 0.005000 2125
2437 0.005000 2125
2438 0.005000 2125
2439 0.005000 2125
2440 0.005000 2125
2441 0.005000 2125
2442 0.005000 2125
2443 0.005000 2125
2444 0.005000 2125
2445 0.005000 2125
2446 0.005000 2125
2447 0.005000 2125
2448 0.005000 2125
2449 0.005000 2125
2450 0.005000 2125
2451 0.005000 2125
2452 0.005000 2125
2453 0.005000 2125
2454 0.005000 2125
2455 0.005000 2125
2456 0.005000 2125
2457 0.005000 2125
2458 0.005000 2125
2459 0.005000 2125
2460 0.005000 2125
2461 0.005000 2125
2462 0.005000 2125
2463 0.005000 2125
2464 0.005000 2125
2465 0.005000 2125
2466 0.005000 2125
2467 0.005000 2125
2468 0.005000 2125
2469 0.005000 2125
2470 0.005000 2125
2471 0.005000 2125
2472 0.005000 2125
2473 0.005000 2125
2474 0.005000 2125
2475 0.005000 2125
2476 0.005000 2125
2477 0.005000 2125
2478 0.005000 2125
2479 0.005000 2125
2480 0.005000 2125
2481 0.005000 2125
2482 0.005000 2125
2483 0.005000 2125
2484 0.005000 2125
2485 0.005000 2125
2486 0.005000 2125
2487 0.005000 2125
2488 0.005000 2125
2489 0.005000 2125
2490 0.005000 2125
2491 0.005000 2125
2492 0.005000 2125
2493 0.005000 2125
2494 0.005000 2125
2495 0.005000 2125
2496 0.005000 2125
2497 0.005000 2125
2498 0.005000 2125
2499 0.005000 2125
2500 0.005000 2125
2501 0.005000 2125
2502 0.005000 2125
2503 0.005000 2125
2504 0.005000 2125
2505 0.005000 2125
2506 0.005000 2125
2507 0.005000 2125
2508 0.005000 2125
2509 0.005000 2125
2510 0.005000 2125
2511 0.005000 2125
2512 0.005000 2125
2513 0.005000 2125
2514 0.005000 2125
2515 0.005000 2125
2516 0.005000 2125
2517 0.005000 2125
2518 0.005000 2125
2519 0.005000 2125
2520 0.005000 2125
2521 0.005000 2125
2522 0.005000 2125
2523 0.005000 2125
2524 0.005000 2125
2525 0.005000 2125
2526 0.005000 2125
2527 0.005000 2125
2528 0.005000 2125
2529 0.005000 2125
2530 0.005000 2125
2531 0.005000 2125
2532 0.005000 2125
2533 0.005000 2125
2534 0.005000 2125
2535 0.005000 2125
2536 0.005000 2125
2537 0.005000 2125
2538 0.005000 2125
2539 0.005000 2125
2540 0.005000 2125
2541 0.005000 2125
2542 0.005000 2125
2543 0.005000 2125
2544 0.005000 2125
2545 0.005000 2125
2546 0.005000 2125
2547 0.005000 2125
2548 0.005000 2125
2549 0.005000 2125
2550 0.005000 2125
2551 0.005000 2125
2552 0.005000 2125
2553 0.005000 2125
2554 0.005000 2125
2555 0.005000 2125
2556 0.005000 2125
2557 0.005000 2125
2558 0.005000 2125
2559 0.005000 2125
2560 0.005000 2125
2561 0.005000 2125
2562 0.005000 2125
2563 0.005000 2125
2564 0.005000 2125
2565 0.005000 2125
2566 0.005000 2125
2567 0.005000 2125
2568 0.005000 2125
2569 0.005000 2125
2570 0.005000 2125
2571 0.005000 2125
2572 0.005000 2125
2573 0.005000 2125
2574 0.005000 2125
2575 0.005000 2125
2576 0.005000 2125
2577 0.005000 2125
2578 0.005000 2125
2579 0.005000 2125
2580 0.005000 2125
2581 0.005000 2125
2582 0.005000 2125
2583 0.005000 2125
2584 0.005000 2125
2585 0.005000 2125
2586 0.005000 2125
2587 0.005000 2125
2588 0.005000 2125
2589 0.005000 2125
2590 0.005000 2125
2591 0.005000 2125
2592 0.005000 2125
2593 0.005000 2125
2594 0.005000 2125
2595 0.005000 2125
2596 0.005000 2125
2597 0.005000 2125
2598 0.005000 2125
2599 0.005000 2125
2600 0.005000 2125
2601 0.005000 2125
2602 0.005000 2125
2603 0.005000 2125
2604 0.005000 2125
2605 0.005000 2125
2606 0.005000 2125
2607 0.005000 2125
2608 0.005000 2125
2609 0.005000 2125
2610 0.005000 2125
2611 0.005000 2125
2612 0.005000 2125
2613 0.005000 2125
2614 0.005000 2125
2615 0.005000 2125
2616 0.005000 2125
2617 0.005000 2125
2618 0.005000 2125
2619 0.005000 2125
2620 0.005000 2125
2621 0.005000 2125
2622 0.005000 2125
2623 0.005000 2125
2624 0.005000 2125
2625 0.005000 2125
2626 0.005000 2125
2627 0.005000 2125
2628 0.005000 2125
2629 0.005000 2125
2630 0.005000 2125
2631 0.005000 2125
2632 0.005000 2125
2633 0.005000 2125
2634 0.005000 2125
2635 0.005000 2125
2636 0.005000 2125
2637 0.005000 2125
2638 0.005000 2125
2639 0.005000 2125
2640 0.005000 2125
2641 0.005000 2125
2642 0.005000 2125
2643 0.005000 2125
2644 0.005000 2125
2645 0.005000 2125
2646 0.005000 2125
2647 0.005000 2125
2648 0.005000 2125
2649 0.005000 2125
2650 0.005000 2125
2651 0.005000 2125
2652 0.005000 2125
2653 0.005000 2125
2654 0.005000 2125
2655 0.005000 2125
2656 0.005000 2125
2657 0.005000 2125
2658 0.005000 2125
2659 0.005000 2125
2660 0.005000 2125
2661 0.005000 2125
2662 0.005000 2125
2663 0.005000 2125
2664 0.006000 2125
2665 0.006000 2125
2666 0.006000 2125
2667 0.006000 2125
2668 0.006000 2125
2669 0.006000 2125
2670 0.006000 2125
2671 0.006000 2125
2672 0.006000 2125
2673 0.006000 2125
2674 0.006000 2125
2675 0.006000 2125
2676 0.006000 2125
2677 0.006000 2125
2678 0.006000 2125
2679 0.006000 2125
2680 0.006000 2125
2681 0.006000 2125
2682 0.006000 2125
2683 0.006000 2125
2684 0.006000 2125
2685 0.006000 2125
2686 0.006000 2125
2687 0.006000 2125
2688 0.006000 2125
2689 0.006000 2125
2690 0.006000 2125
2691 0.006000 2125
2692 0.006000 2125
2693 0.006000 2125
2694 0.006000 2125
2695 0.006000 2125
2696 0.006000 2125
2697 0.006000 2125
2698 0.006000 2125
2699 0.006000 2125
2700 0.006000 2125
2701 0.006000 2125
2702 0.006000 2125
2703 0.006000 2125
2704 0.006000 2125
2705 0.006000 2125
2706 0.006000 2125
2707 0.006000 2125
2708 0.006000 2125
2709 0.006000 2125
2710 0.006000 2125
2711 0.006000 2125
2712 0.006000 2125
2713 0.006000 2125
2714 0.006000 2125
2715 0.006000 2125
2716 0.006000 2125
2717 0.006000 2125
2718 0.006000 2125
2719 0.006000 2125
2720 0.006000 2125
2721 0.006000 2125
2722 0.006000 2125
2723 0.006000 2125
2724 0.006000 2125
2725 0.006000 2125
2726 0.006000 2125
2727 0.006000 2125
2728 0.006000 2125
2729 0.006000 2125
2730 0.006000 2125
2731 0.006000 2125
2732 0.006000 2125
2733 0.006000 2125
2734 0.006000 2125
2735 0.006000 2125
2736 0.006000 2125
2737 0.006000 2125
2738 0.006000 2125
2739 0.006000 2125
2740 0.006000 2125
2741 0.006000 2125
2742 0.006000 2125
2743 0.006000 2125
2744 0.006000 2125
2745 0.006000 2125
2746 0.006000 2125
2747 0.006000 2125
2748 0.006000 2125
2749 0.006000 2125
2750 0.006000 2125
2751 0.006000 2125
2752 0.006000 2125
2753 0.006000 2125
2754 0.006000 2125
2755 0.006000 2125
2756 0.006000 2125
2757 0.006000 2125
2758 0.006000 2125
2759 0.006000 2125
2760 0.006000 2125
2761 0.006000 2125
2762 0.006000 2125
2763 0.006000 2125
2764 0.006000 2125
2765 0.006000 2125
2766 0.006000 2125
2767 0.006000 2125
2768 0.006000 2125
2769 0.006000 2125
2770 0.006000 2125
2771 0.006000 2125
2772 0.006000 2125
2773 0.006000 2125
2774 0.006000 2125
2775 0.006000 2125
2776 0.006000 2125
2777 0.006000 2125
2778 0.006000 2125
2779 0.006000 2125
2780 0.006000 2125
2781 0.006000 2125
2782 0.006000 2125
2783 0.006000 2125
2784 0.006000 2125
2785 0.006000 2125
2786 0.006000 2125
2787 0.006000 2125
2788 0.006000 2125
2789 0.006000 2125
2790 0.006000 2125
2791 0.006000 2125
2792 0.006000 2125
2793 0.006000 2125
2794 0.006000 2125
2795 0.006000 2125
2796 0.006000 2125
2797 0.006000 2125
2798 0.006000 2125
2799 0.006000 2125
2800 0.006000 2125
2801 0.006000 2125
2802 0.006000 2125
2803 0.006000 2125
2804 0.006000 2125
2805 0.006000 2125
2806 0.006000 2125
2807 0.006000 2125
2808 0.006000 2125
2809 0.006000 2125
2810 0.006000 2125
2811 0.006000 2125
2812 0.006000 2125
2813 0.006000 2125
2814 0.006000 2125
2815 0.006000 2125
2816 0.006000 2125
2817 0.006000 2125
2818 0.006000 2125
2819 0.006000 2125
2820 0.006000 2125
2821 0.006000 2125
2822 0.006000 2125
2823 0.006000 2125
2824 0.006000 2125
2825 0.006000 2125
2826 0.006000 2125
2827 0.006000 2125
2828 0.006000 2125
2829 0.006000 2125
2830 0.006000 2125
2831 0.006000 2125
2832 0.006000 2125
2833 0.006000 2125
2834 0.006000 2125
2835 0.006000 2125
2836 0.006000 2125
2837 0.006000 2125
2838 0.006000 2125
2839 0.006000 2125
2840 0.006000 2125
2841 0.006000 2125
2842 0.006000 2125
2843 0.006000 2125
2844 0.006000 2125
2845 0.006000 2125
2846 0.006000 2125
2847 0.006000 2125
2848 0.006000 2125
2849 0.006000 2125
2850 0.006000 2125
2851 0.006000 2125
2852 0.006000 2125
2853 0.006000 2125
2854 0.006000 2125
2855 0.006000 2125
2856 0.006000 2125
2857 0.006000 2125
2858 0.006000 2125
2859 0.006000 2125
2860 0.006000 2125
2861 0.006000 2125
2862 0.006000 2125
2863 0.006000 2125
2864 0.006000 2125
2865 0.006000 2125
2866 0.006000 2125
2867 0.006000 2125
2868 0.006000 2125
2869 0.006000 2125
2870 0.006000 2125
2871 0.006000 2125
2872 0.006000 2125
2873 0.006000 2125
2874 0.006000 2125
2875 0.006000 2125
2876 0.006000 2125
2877 0.006000 2125
2878 0.006000 2125
2879 0.006000 2125
2880 0.006000 2125
2881 0.006000 2125
2882 0.006000 2125
2883 0.006000 2125
2884 0.006000 2125
2885 0.006000 2125
2886 0.006000 2125
2887 0.006000 2125
2888 0.006000 2125
2889 0.006000 2125
2890 0.006000 2125
2891 0.006000 2125
2892 0.006000 2125
2893 0.006000 2125
2894 0.006000 2125
2895 0.006000 2125
2896 0.006000 2125
2897 0.006000 2125
2898 0.006000 2125
2899 0.006000 2125
2900 0.006000 2125
2901 0.006000 2125
2902 0.006000 2125
2903 0.006000 2125
2904 0.006000 2125
2905 0.006000 2125
2906 0.006000 2125
2907 0.006000 2125
2908 0.006000 2125
2909 0.006000 2125
2910 0.006000 2125
2911 0.006000 2125
2912 0.006000 2125
2913 0.006000 2125
2914 0.006000 2125
2915 0.006000 2125
2916 0.006000 2125
2917 0.006000 2125
2918 0.006000 2125
2919 0.006000 2125
2920 0.006000 2125
2921 0.006000 2125
2922 0.006000 2125
2923 0.006000 2125
2924 0.006000 2125
2925 0.006000 2125
2926 0.006000 2125
2927 0.006000 2125
2928 0.006000 2125
2929 0.006000 2125
2930 0.006000 2125
2931 0.006000 2125
2932 0.006000 2125
2933 0.006000 2125
2934 0.006000 2125
2935 0.006000 2125
2936 0.006000 2125
2937 0.006000 2125
2938 0.006000 2125
2939 0.006000 2125
2940 0.006000 2125
2941 0.006000 2125
2942 0.006000 2125
2943 0.006000 2125
2944 0.006000 2125
2945 0.006000 2125
2946 0.006000 2125
2947 0.006000 2125
2948 0.006000 2125
2949 0.006000 2125
2950 0.006000 2125
2951 0.006000 2125
2952 0.006000 2125
2953 0.006000 2125
2954 0.006000 2125
2955 0.006000 2125
2956 0.006000 2125
2957 0.006000 2125
2958 0.006000 2125
2959 0.006000 2125
2960 0.006000 2125
2961 0.006000 2125
2962 0.006000 2125
2963 0.006000 2125
2964 0.006000 2125
2965 0.006000 2125
2966 0.006000 2125
2967 0.006000 2125
2968 0.006000 2125
2969 0.006000 2125
2970 0.006000 2125
2971 0.006000 2125
2972 0.006000 2125
2973 0.006000 2125
2974 0.006000 2125
2975 0.006000 2125
2976 0.006000 2125
2977 0.006000 2125
2978 0.006000 2125
2979 0.006000 2125
2980 0.006000 2125
2981 0.006000 2125
2982 0.006000 2125
2983 0.006000 2125
2984 0.006000 2125
2985 0.006000 2125
2986 0.006000 2125
2987 0.006000 2125
2988 0.006000 2125
2989 0.006000 2125
2990 0.006000 2125
2991 0.006000 2125
2992 0.006000 2125
2993 0.006000 2125
2994 0.006000 2125
2995 0.006000 2125
2996 0.006000 2125
2997 0.006000 2125
2998 0.006000 2125
2999 0.006000 2125
3000 0.006000 2125
# Final Best Cost: 2125
