# first_value: 2488
# Instance: eil76.tsp
# Method: random-search
# output: time cost
0 2488
1 0.000000 2488
2 0.000000 2464
3 0.000000 2464
4 0.000000 2464
5 0.000000 2464
6 0.000000 2251
7 0.000000 2251
8 0.000000 2251
9 0.000000 2251
10 0.000000 2251
11 0.000000 2251
12 0.000000 2251
13 0.000000 2251
14 0.000000 2251
15 0.000000 2251
16 0.000000 2251
17 0.000000 2224
18 0.000000 2224
19 0.000000 2224
20 0.000000 2224
21 0.000000 2224
22 0.000000 2224
23 0.000000 2224
24 0.000000 2224
25 0.000000 2224
26 0.000000 2224
27 0.000000 2224
28 0.000000 2224
29 0.000000 2224
30 0.000000 2224
31 0.000000 2224
32 0.000000 2224
33 0.000000 2224
34 0.000000 2224
35 0.000000 2224
36 0.000000 2224
37 0.000000 2224
38 0.000000 2224
39 0.000000 2224
40 0.000000 2224
41 0.000000 2224
42 0.000000 2224
43 0.000000 2224
44 0.000000 2224
45 0.000000 2224
46 0.000000 2224
47 0.000000 2224
48 0.000000 2224
49 0.000000 2224
50 0.000000 2224
51 0.000000 2224
52 0.000000 2224
53 0.000000 2224
54 0.000000 2224
55 0.000000 2224
56 0.000000 2224
57 0.000000 2224
58 0.000000 2224
59 0.000000 2224
60 0.000000 2224
61 0.000000 2224
62 0.000000 2224
63 0.000000 2224
64 0.000000 2224
65 0.000000 2224
66 0.000000 2224
67 0.000000 2224
68 0.000000 2224
69 0.000000 2224
70 0.000000 2224
71 0.000000 2224
72 0.000000 2224
73 0.000000 2224
74 0.000000 2224
75 0.000000 2224
76 0.000000 2224
77 0.000000 2224
78 0.000000 2224
79 0.000000 2224
80 0.000000 2224
81 0.000000 2224
82 0.000000 2224
83 0.000000 2224
84 0.000000 2224
85 0.000000 2224
86 0.000000 2224
87 0.000000 2224
88 0.000000 2224
89 0.000000 2224
90 0.000000 2224
91 0.000000 2224
92 0.000000 2224
93 0.000000 2224
94 0.000000 2224
95 0.000000 2224
96 0.000000 2224
97 0.000000 2224
98 0.000000 2224
99 0.000000 2224
100 0.000000 2224
101 0.000000 2224
102 0.000000 2224
103 0.000000 2190
104 0.000000 2190
105 0.000000 2190
106 0.000000 2190
107 0.000000 2190
108 0.000000 2190
109 0.000000 2190
110 0.000000 2190
111 0.000000 2190
112 0.000000 2190
113 0.000000 2190
114 0.000000 2190
115 0.000000 2190
116 0.000000 2190
117 0.000000 2190
118 0.000000 2190
119 0.000000 2190
120 0.000000 2190
121 0.000000 2190
122 0.000000 2190
123 0.000000 2190
124 0.000000 2190
125 0.000000 2190
126 0.000000 2190
127 0.000000 2190
128 0.000000 2190
129 0.000000 2190
130 0.000000 2190
131 0.000000 2190
132 0.000000 2190
133 0.000000 2190
134 0.000000 2190
135 0.000000 2190
136 0.000000 2190
137 0.000000 2190
138 0.000000 2190
139 0.000000 2190
140 0.000000 2171
141 0.000000 2171
142 0.000000 2171
143 0.000000 2171
144 0.000000 2171
145 0.000000 2171
146 0.000000 2171
147 0.000000 2171
148 0.000000 2171
149 0.000000 2171
150 0.000000 2171
151 0.000000 2171
152 0.000000 2171
153 0.000000 2171
154 0.000000 2171
155 0.000000 2171
156 0.000000 2171
157 0.000000 2171
158 0.000000 2171
159 0.000000 2171
160 0.000000 2171
161 0.000000 2171
162 0.000000 2171
163 0.000000 2171
164 0.000000 2171
165 0.000000 2171
166 0.000000 2171
167 0.000000 2171
168 0.000000 2171
169 0.000000 2171
170 0.000000 2171
171 0.000000 2171
172 0.000000 2171
173 0.000000 2171
174 0.000000 2171
175 0.000000 2171
176 0.000000 2171
177 0.000000 2171
178 0.000000 2171
179 0.000000 2171
180 0.000000 2171
181 0.000000 2171
182 0.000000 2171
183 0.000000 2171
184 0.000000 2171
185 0.000000 2171
186 0.000000 2171
187 0.000000 2171
188 0.000000 2171
189 0.000000 2171
190 0.000000 2171
191 0.000000 2171
192 0.000000 2171
193 0.000000 2171
194 0.000000 2171
195 0.000000 2171
196 0.000000 2171
197 0.000000 2171
198 0.001000 2171
199 0.001000 2171
200 0.001000 2171
201 0.001000 2171
202 0.001000 2171
203 0.001000 2171
204 0.001000 2171
205 0.001000 2171
206 0.001000 2171
207 0.001000 2171
208 0.001000 2171
209 0.001000 2171
210 0.001000 2171
211 0.001000 2171
212 0.001000 2171
213 0.001000 2171
214 0.001000 2171
215 0.001000 2171
216 0.001000 2171
217 0.001000 2171
218 0.001000 2171
219 0.001000 2171
220 0.001000 2171
221 0.001000 2171
222 0.001000 2171
223 0.001000 2171
224 0.001000 2171
225 0.001000 2171
226 0.001000 2171
227 0.001000 2171
228 0.001000 2171
229 0.001000 2171
230 0.001000 2171
231 0.001000 2171
232 0.001000 2171
233 0.001000 2171
234 0.001000 2171
235 0.001000 2171
236 0.001000 2171
237 0.001000 2171
238 0.001000 2171
239 0.001000 2171
240 0.001000 2171
241 0.001000 2171
242 0.001000 2171
243 0.001000 2171
244 0.001000 2171
245 0.001000 2171
246 0.001000 2171
247 0.001000 2171
248 0.001000 2171
249 0.001000 2171
250 0.001000 2171
251 0.001000 2171
252 0.001000 2171
253 0.001000 2171
254 0.001000 2171
255 0.001000 2171
256 0.001000 2171
257 0.001000 2171
258 0.001000 2171
259 0.001000 2171
260 0.001000 2171
261 0.001000 2171
262 0.001000 2171
263 0.001000 2171
264 0.001000 2171
265 0.001000 2171
266 0.001000 2171
267 0.001000 2171
268 0.001000 2171
269 0.001000 2171
270 0.001000 2171
271 0.001000 2171
272 0.001000 2171
273 0.001000 2171
274 0.001000 2171
275 0.001000 2171
276 0.001000 2171
277 0.001000 2171
278 0.001000 2171
279 0.001000 2171
280 0.001000 2171
281 0.001000 2171
282 0.001000 2171
283 0.001000 2171
284 0.001000 2171
285 0.001000 2171
286 0.001000 2171
287 0.001000 2171
288 0.001000 2171
289 0.001000 2171
290 0.001000 2171
291 0.001000 2171
292 0.001000 2171
293 0.001000 2171
294 0.001000 2171
295 0.001000 2171
296 0.001000 2171
297 0.001000 2171
298 0.001000 2171
299 0.001000 2171
300 0.001000 2171
301 0.001000 2171
302 0.001000 2171
303 0.001000 2171
304 0.001000 2171
305 0.001000 2171
306 0.001000 2171
307 0.001000 2171
308 0.001000 2171
309 0.001000 2171
310 0.001000 2171
311 0.001000 2171
312 0.001000 2171
313 0.001000 2171
314 0.001000 2171
315 0.001000 2171
316 0.001000 2171
317 0.001000 2171
318 0.001000 2171
319 0.001000 2171
320 0.001000 2171
321 0.001000 2171
322 0.001000 2171
323 0.001000 2171
324 0.001000 2171
325 0.001000 2171
326 0.001000 2171
327 0.001000 2171
328 0.001000 2171
329 0.001000 2171
330 0.001000 2171
331 0.001000 2171
332 0.001000 2171
333 0.001000 2163
334 0.001000 2163
335 0.001000 2163
336 0.001000 2163
337 0.001000 2163
338 0.001000 2163
339 0.001000 2163
340 0.001000 2163
341 0.001000 2163
342 0.001000 2163
343 0.001000 2163
344 0.001000 2163
345 0.001000 2163
346 0.001000 2163
347 0.001000 2163
348 0.001000 2163
349 0.001000 2163
350 0.001000 2163
351 0.001000 2163
352 0.001000 2163
353 0.001000 2163
354 0.001000 2163
355 0.001000 2163
356 0.001000 2163
357 0.001000 2163
358 0.001000 2163
359 0.001000 2163
360 0.001000 2163
361 0.001000 2163
362 0.001000 2163
363 0.001000 2163
364 0.001000 2163
365 0.001000 2163
366 0.001000 2163
367 0.001000 2163
368 0.001000 2163
369 0.001000 2163
370 0.001000 2163
371 0.001000 2163
372 0.001000 2163
373 0.001000 2163
374 0.001000 2163
375 0.001000 2163
376 0.001000 2163
377 0.001000 2163
378 0.001000 2163
379 0.001000 2163
380 0.001000 2163
381 0.001000 2163
382 0.001000 2163
383 0.001000 2163
384 0.001000 2163
385 0.001000 2163
386 0.001000 2163
387 0.001000 2163
388 0.001000 2163
389 0.001000 2163
390 0.001000 2163
391 0.001000 2163
392 0.001000 2163
393 0.001000 2163
394 0.001000 2163
395 0.001000 2163
396 0.001000 2163
397 0.001000 2163
398 0.001000 2163
399 0.001000 2163
400 0.001000 2163
401 0.001000 2163
402 0.001000 2163
403 0.001000 2163
404 0.001000 2163
405 0.001000 2163
406 0.001000 2163
407 0.001000 2163
408 0.001000 2163
409 0.001000 2163
410 0.001000 2163
411 0.001000 2163
412 0.001000 2163
413 0.001000 2163
414 0.001000 2163
415 0.001000 2163
416 0.001000 2163
417 0.001000 2163
418 0.001000 2163
419 0.001000 2163
420 0.001000 2163
421 0.001000 2163
422 0.001000 2163
423 0.001000 2163
424 0.001000 2163
425 0.001000 2163
426 0.001000 2163
427 0.001000 2163
428 0.001000 2163
429 0.001000 2163
430 0.001000 2163
431 0.001000 2163
432 0.001000 2163
433 0.001000 2163
434 0.001000 2163
435 0.001000 2163
436 0.001000 2163
437 0.001000 2163
438 0.001000 2163
439 0.001000 2163
440 0.001000 2163
441 0.001000 2163
442 0.001000 2163
443 0.001000 2163
444 0.001000 2163
445 0.001000 2163
446 0.001000 2163
447 0.001000 2163
448 0.001000 2163
449 0.001000 2163
450 0.001000 2163
451 0.001000 2163
452 0.001000 2163
453 0.001000 2163
454 0.001000 2163
455 0.001000 2163
456 0.001000 2163
457 0.001000 2163
458 0.001000 2163
459 0.001000 2163
460 0.001000 2163
461 0.001000 2163
462 0.001000 2163
463 0.001000 2163
464 0.001000 2163
465 0.001000 2163
466 0.001000 2163
467 0.001000 2163
468 0.001000 2163
469 0.001000 2163
470 0.001000 2163
471 0.001000 2163
472 0.001000 2163
473 0.001000 2163
474 0.001000 2163
475 0.001000 2163
476 0.001000 2163
477 0.001000 2163
478 0.001000 2163
479 0.001000 2163
480 0.001000 2163
481 0.001000 2163
482 0.001000 2163
483 0.001000 2163
484 0.001000 2163
485 0.001000 2163
486 0.001000 2163
487 0.001000 2163
488 0.001000 2163
489 0.001000 2163
490 0.001000 2163
491 0.001000 2163
492 0.001000 2163
493 0.001000 2163
494 0.001000 2163
495 0.001000 2163
496 0.001000 2163
497 0.001000 2163
498 0.001000 2163
499 0.001000 2163
500 0.001000 2163
501 0.001000 2163
502 0.001000 2163
503 0.001000 2163
504 0.001000 2163
505 0.001000 2163
506 0.001000 2163
507 0.001000 2163
508 0.001000 2163
509 0.001000 2163
510 0.001000 2163
511 0.001000 2163
512 0.001000 2163
513 0.001000 2163
514 0.001000 2163
515 0.001000 2163
516 0.001000 2163
517 0.001000 2163
518 0.001000 2163
519 0.001000 2163
520 0.001000 2163
521 0.001000 2163
522 0.001000 2163
523 0.001000 2163
524 0.001000 2163
525 0.001000 2163
526 0.001000 2163
527 0.001000 2163
528 0.001000 2163
529 0.001000 2163
530 0.001000 2163
531 0.001000 2163
532 0.001000 2163
533 0.001000 2163
534 0.001000 2163
535 0.001000 2163
536 0.001000 2163
537 0.001000 2163
538 0.001000 2163
539 0.001000 2163
540 0.001000 2163
541 0.001000 2163
542 0.001000 2163
543 0.001000 2163
544 0.001000 2163
545 0.001000 2163
546 0.001000 2163
547 0.001000 2163
548 0.001000 2163
549 0.001000 2163
550 0.001000 2163
551 0.001000 2163
552 0.001000 2163
553 0.001000 2163
554 0.001000 2163
555 0.001000 2163
556 0.001000 2163
557 0.001000 2163
558 0.001000 2163
559 0.001000 2163
560 0.001000 2163
561 0.001000 2163
562 0.001000 2163
563 0.001000 2163
564 0.001000 2163
565 0.001000 2163
566 0.001000 2163
567 0.001000 2163
568 0.001000 2163
569 0.001000 2163
570 0.001000 2163
571 0.001000 2163
572 0.001000 2163
573 0.001000 2163
574 0.001000 2163
575 0.001000 2163
576 0.001000 2163
577 0.001000 2163
578 0.001000 2163
579 0.001000 2163
580 0.001000 2163
581 0.001000 2163
582 0.001000 2163
583 0.001000 2163
584 0.001000 2163
585 0.001000 2163
586 0.001000 2163
587 0.001000 2163
588 0.001000 2163
589 0.001000 2163
590 0.001000 2163
591 0.001000 2163
592 0.001000 2163
593 0.001000 2163
594 0.001000 2163
595 0.001000 2163
596 0.001000 2163
597 0.001000 2163
598 0.001000 2163
599 0.001000 2163
600 0.001000 2163
601 0.001000 2163
602 0.001000 2163
603 0.001000 2163
604 0.001000 2163
605 0.001000 2163
606 0.001000 2163
607 0.001000 2163
608 0.001000 2163
609 0.001000 2163
610 0.001000 2163
611 0.001000 2163
612 0.001000 2163
613 0.001000 2163
614 0.001000 2163
615 0.001000 2163
616 0.001000 2163
617 0.001000 2163
618 0.001000 2163
619 0.001000 2163
620 0.001000 2163
621 0.001000 2163
622 0.001000 2163
623 0.001000 2163
624 0.001000 2163
625 0.001000 2163
626 0.001000 2163
627 0.001000 2163
628 0.001000 2163
629 0.001000 2163
630 0.001000 2163
631 0.001000 2163
632 0.001000 2163
633 0.001000 2163
634 0.001000 2163
635 0.001000 2163
636 0.001000 2163
637 0.001000 2163
638 0.001000 2163
639 0.001000 2163
640 0.001000 2163
641 0.001000 2163
642 0.001000 2163
643 0.001000 2163
644 0.001000 2163
645 0.001000 2163
646 0.001000 2163
647 0.001000 2163
648 0.001000 2163
649 0.001000 2163
650 0.001000 2163
651 0.001000 2163
652 0.001000 2163
653 0.001000 2163
654 0.001000 2163
655 0.001000 2163
656 0.001000 2163
657 0.001000 2163
658 0.001000 2163
659 0.001000 2163
660 0.001000 2163
661 0.001000 2163
662 0.001000 2163
663 0.001000 2163
664 0.001000 2163
665 0.001000 2163
666 0.001000 2163
667 0.001000 2163
668 0.001000 2163
669 0.001000 2163
670 0.001000 2163
671 0.001000 2163
672 0.001000 2163
673 0.001000 2163
674 0.001000 2163
675 0.001000 2163
676 0.001000 2163
677 0.001000 2163
678 0.001000 2163
679 0.001000 2163
680 0.001000 2163
681 0.001000 2163
682 0.001000 2163
683 0.001000 2163
684 0.001000 2163
685 0.001000 2163
686 0.001000 2163
687 0.001000 2163
688 0.001000 2163
689 0.001000 2163
690 0.001000 2163
691 0.001000 2163
692 0.001000 2163
693 0.001000 2163
694 0.001000 2163
695 0.001000 2163
696 0.001000 2163
697 0.001000 2163
698 0.001000 2163
699 0.001000 2163
700 0.001000 2163
701 0.001000 2163
702 0.001000 2163
703 0.001000 2163
704 0.001000 2163
705 0.001000 2163
706 0.001000 2163
707 0.001000 2163
708 0.001000 2163
709 0.001000 2163
710 0.001000 2163
711 0.001000 2163
712 0.001000 2163
713 0.001000 2163
714 0.001000 2163
715 0.001000 2163
716 0.001000 2163
717 0.001000 2163
718 0.001000 2163
719 0.001000 2163
720 0.001000 2163
721 0.001000 2163
722 0.001000 2163
723 0.001000 2163
724 0.001000 2163
725 0.001000 2163
726 0.001000 2163
727 0.001000 2163
728 0.001000 2163
729 0.001000 2163
730 0.001000 2163
731 0.001000 2163
732 0.001000 2163
733 0.001000 2163
734 0.001000 2163
735 0.001000 2163
736 0.001000 2163
737 0.001000 2163
738 0.001000 2163
739 0.001000 2163
740 0.001000 2163
741 0.001000 2163
742 0.001000 2163
743 0.001000 2163
744 0.001000 2163
745 0.001000 2163
746 0.001000 2163
747 0.001000 2163
748 0.001000 2163
749 0.001000 2163
750 0.001000 2163
751 0.001000 2163
752 0.001000 2163
753 0.001000 2163
754 0.001000 2163
755 0.001000 2163
756 0.001000 2163
757 0.001000 2163
758 0.001000 2163
759 0.001000 2163
760 0.001000 2163
761 0.001000 2163
762 0.001000 2163
763 0.001000 2163
764 0.001000 2163
765 0.001000 2163
766 0.001000 2163
767 0.001000 2163
768 0.001000 2163
769 0.001000 2163
770 0.001000 2163
771 0.001000 2163
772 0.001000 2163
773 0.001000 2163
774 0.001000 2163
775 0.001000 2163
776 0.001000 2163
777 0.001000 2163
778 0.001000 2163
779 0.001000 2163
780 0.001000 2163
781 0.001000 2163
782 0.001000 2163
783 0.001000 2163
784 0.001000 2163
785 0.001000 2163
786 0.001000 2163
787 0.001000 2163
788 0.001000 2163
789 0.001000 2163
790 0.001000 2163
791 0.001000 2163
792 0.001000 2163
793 0.001000 2163
794 0.001000 2163
795 0.001000 2163
796 0.001000 2163
797 0.001000 2163
798 0.001000 2163
799 0.001000 2163
800 0.001000 2163
801 0.001000 2163
802 0.001000 2163
803 0.001000 2163
804 0.001000 2163
805 0.001000 2163
806 0.001000 2163
807 0.001000 2163
808 0.001000 2163
809 0.001000 2163
810 0.001000 2163
811 0.001000 2163
812 0.001000 2163
813 0.001000 2163
814 0.001000 2163
815 0.001000 2163
816 0.001000 2163
817 0.001000 2163
818 0.001000 2163
819 0.001000 2163
820 0.001000 2163
821 0.001000 2163
822 0.001000 2163
823 0.001000 2163
824 0.001000 2163
825 0.001000 2163
826 0.001000 2163
827 0.001000 2163
828 0.001000 2163
829 0.001000 2163
830 0.001000 2163
831 0.001000 2163
832 0.001000 2163
833 0.001000 2163
834 0.001000 2163
835 0.001000 2163
836 0.001000 2163
837 0.001000 2163
838 0.001000 2163
839 0.001000 2163
840 0.001000 2163
841 0.001000 2163
842 0.001000 2163
843 0.001000 2163
844 0.001000 2163
845 0.001000 2163
846 0.001000 2163
847 0.001000 2163
848 0.001000 2163
849 0.001000 2163
850 0.001000 2163
851 0.001000 2163
852 0.001000 2163
853 0.001000 2163
854 0.001000 2163
855 0.001000 2163
856 0.001000 2163
857 0.001000 2163
858 0.001000 2163
859 0.001000 2163
860 0.001000 2163
861 0.001000 2163
862 0.001000 2163
863 0.001000 2163
864 0.001000 2163
865 0.001000 2163
866 0.001000 2163
867 0.001000 2163
868 0.001000 2163
869 0.001000 2163
870 0.001000 2163
871 0.001000 2163
872 0.001000 2163
873 0.001000 2163
874 0.001000 2163
875 0.001000 2163
876 0.001000 2163
877 0.001000 2163
878 0.001000 2163
879 0.001000 2163
880 0.001000 2163
881 0.001000 2163
882 0.001000 2163
883 0.001000 2163
884 0.001000 2163
885 0.001000 2163
886 0.001000 2163
887 0.001000 2163
888 0.001000 2163
889 0.001000 2163
890 0.001000 2163
891 0.001000 2163
892 0.001000 2163
893 0.001000 2163
894 0.001000 2163
895 0.001000 2163
896 0.001000 2163
897 0.001000 2163
898 0.001000 2163
899 0.001000 2163
900 0.001000 2163
901 0.001000 2163
902 0.001000 2163
903 0.001000 2163
904 0.001000 2163
905 0.001000 2163
906 0.001000 2163
907 0.001000 2163
908 0.001000 2163
909 0.001000 2163
910 0.001000 2163
911 0.001000 2163
912 0.001000 2163
913 0.001000 2163
914 0.001000 2163
915 0.001000 2163
916 0.001000 2163
917 0.001000 2163
918 0.001000 2163
919 0.001000 2163
920 0.001000 2163
921 0.001000 2163
922 0.001000 2163
923 0.001000 2163
924 0.001000 2163
925 0.001000 2163
926 0.001000 2163
927 0.001000 2163
928 0.001000 2163
929 0.001000 2163
930 0.001000 2163
931 0.001000 2163
932 0.001000 2163
933 0.001000 2163
934 0.001000 2163
935 0.001000 2163
936 0.001000 2163
937 0.001000 2163
938 0.001000 2163
939 0.001000 2163
940 0.001000 2163
941 0.001000 2163
942 0.001000 2163
943 0.001000 2163
944 0.001000 2163
945 0.001000 2163
946 0.001000 2163
947 0.001000 2163
948 0.001000 2163
949 0.001000 2163
950 0.001000 2163
951 0.001000 2163
952 0.001000 2163
953 0.001000 2163
954 0.001000 2163
955 0.001000 2163
956 0.001000 2163
957 0.001000 2163
958 0.001000 2163
959 0.001000 2163
960 0.001000 2163
961 0.001000 2163
962 0.001000 2163
963 0.001000 2163
964 0.001000 2163
965 0.001000 2163
966 0.001000 2163
967 0.001000 2163
968 0.001000 2163
969 0.001000 2163
970 0.001000 2163
971 0.001000 2163
972 0.001000 2163
973 0.001000 2163
974 0.001000 2163
975 0.001000 2163
976 0.001000 2163
977 0.001000 2163
978 0.001000 2163
979 0.001000 2163
980 0.001000 2163
981 0.001000 2163
982 0.001000 2163
983 0.001000 2163
984 0.001000 2163
985 0.001000 2163
986 0.001000 2163
987 0.001000 2163
988 0.001000 2163
989 0.001000 2163
990 0.001000 2163
991 0.001000 2163
992 0.001000 2163
993 0.001000 2163
994 0.001000 2163
995 0.001000 2163
996 0.001000 2163
997 0.001000 2163
998 0.001000 2163
999 0.001000 2163
1000 0.001000 2163
1001 0.001000 2163
1002 0.001000 2163
1003 0.001000 2163
1004 0.001000 2163
1005 0.001000 2163
1006 0.001000 2163
1007 0.001000 2163
1008 0.001000 2163
1009 0.001000 2163
1010 0.001000 2163
1011 0.001000 2163
1012 0.001000 2163
1013 0.001000 2163
1014 0.001000 2163
1015 0.001000 2163
1016 0.001000 2163
1017 0.001000 2163
1018 0.001000 2163
1019 0.001000 2163
1020 0.001000 2163
1021 0.001000 2163
1022 0.001000 2163
1023 0.001000 2163
1024 0.001000 2163
1025 0.001000 2163
1026 0.001000 2163
1027 0.001000 2163
1028 0.001000 2163
1029 0.001000 2163
1030 0.001000 2163
1031 0.001000 2163
1032 0.001000 2163
1033 0.001000 2163
1034 0.001000 2163
1035 0.001000 2163
1036 0.001000 2163
1037 0.001000 2163
1038 0.001000 2163
1039 0.001000 2163
1040 0.001000 2163
1041 0.001000 2163
1042 0.001000 2163
1043 0.001000 2163
1044 0.001000 2163
1045 0.001000 2163
1046 0.001000 2163
1047 0.001000 2163
1048 0.001000 2163
1049 0.001000 2163
1050 0.001000 2163
1051 0.001000 2163
1052 0.001000 2163
1053 0.001000 2163
1054 0.001000 2163
1055 0.001000 2163
1056 0.001000 2163
1057 0.001000 2163
1058 0.001000 2163
1059 0.001000 2163
1060 0.001000 2163
1061 0.001000 2163
1062 0.001000 2163
1063 0.001000 2163
1064 0.001000 2163
1065 0.001000 2163
1066 0.001000 2163
1067 0.001000 2163
1068 0.001000 2163
1069 0.001000 2163
1070 0.001000 2163
1071 0.001000 2163
1072 0.001000 2163
1073 0.001000 2163
1074 0.001000 2163
1075 0.001000 2163
1076 0.001000 2163
1077 0.001000 2163
1078 0.001000 2163
1079 0.001000 2163
1080 0.001000 2163
1081 0.001000 2163
1082 0.001000 2163
1083 0.001000 2163
1084 0.001000 2163
1085 0.001000 2163
1086 0.001000 2163
1087 0.001000 2163
1088 0.001000 2163
1089 0.001000 2163
1090 0.001000 2163
1091 0.001000 2163
1092 0.001000 2163
1093 0.001000 2163
1094 0.001000 2163
1095 0.001000 2163
1096 0.001000 2163
1097 0.001000 2163
1098 0.001000 2163
1099 0.001000 2163
1100 0.001000 2163
1101 0.001000 2163
1102 0.001000 2163
1103 0.001000 2163
1104 0.001000 2163
1105 0.001000 2163
1106 0.001000 2163
1107 0.001000 2163
1108 0.001000 2163
1109 0.001000 2163
1110 0.001000 2163
1111 0.001000 2163
1112 0.001000 2163
1113 0.001000 2163
1114 0.001000 2163
1115 0.001000 2163
1116 0.001000 2163
1117 0.001000 2163
1118 0.001000 2163
1119 0.001000 2163
1120 0.001000 2163
1121 0.001000 2163
1122 0.001000 2163
1123 0.001000 2163
1124 0.001000 2163
1125 0.001000 2163
1126 0.001000 2163
1127 0.001000 2163
1128 0.001000 2163
1129 0.001000 2163
1130 0.001000 2163
1131 0.001000 2163
1132 0.001000 2163
1133 0.001000 2163
1134 0.001000 2163
1135 0.001000 2163
1136 0.001000 2163
1137 0.001000 2163
1138 0.001000 2163
1139 0.001000 2163
1140 0.001000 2163
1141 0.001000 2163
1142 0.001000 2163
1143 0.001000 2163
1144 0.001000 2163
1145 0.001000 2163
1146 0.001000 2163
1147 0.001000 2163
1148 0.001000 2163
1149 0.001000 2163
1150 0.001000 2163
1151 0.001000 2163
1152 0.001000 2163
1153 0.001000 2163
1154 0.001000 2163
1155 0.001000 2163
1156 0.001000 2163
1157 0.001000 2163
1158 0.001000 2163
1159 0.001000 2163
1160 0.001000 2163
1161 0.001000 2163
1162 0.001000 2163
1163 0.001000 2163
1164 0.001000 2163
1165 0.001000 2163
1166 0.001000 2163
1167 0.001000 2163
1168 0.001000 2163
1169 0.001000 2163
1170 0.001000 2163
1171 0.001000 2163
1172 0.001000 2163
1173 0.001000 2163
1174 0.001000 2163
1175 0.001000 2163
1176 0.001000 2163
1177 0.001000 2163
1178 0.001000 2163
1179 0.001000 2163
1180 0.001000 2163
1181 0.001000 2163
1182 0.001000 2163
1183 0.001000 2163
1184 0.001000 2163
1185 0.001000 2163
1186 0.001000 2163
1187 0.001000 2163
1188 0.001000 2163
1189 0.001000 2163
1190 0.001000 2163
1191 0.001000 2163
1192 0.001000 2163
1193 0.001000 2163
1194 0.001000 2163
1195 0.001000 2163
1196 0.001000 2163
1197 0.001000 2163
1198 0.001000 2163
1199 0.001000 2163
1200 0.001000 2163
1201 0.001000 2163
1202 0.001000 2163
1203 0.001000 2163
1204 0.001000 2163
1205 0.001000 2163
1206 0.001000 2163
1207 0.001000 2163
1208 0.001000 2163
1209 0.001000 2163
1210 0.001000 2163
1211 0.001000 2163
1212 0.001000 2163
1213 0.001000 2163
1214 0.001000 2163
1215 0.001000 2163
1216 0.001000 2163
1217 0.001000 2163
1218 0.001000 2163
1219 0.001000 2163
1220 0.001000 2163
1221 0.001000 2163
1222 0.001000 2163
1223 0.001000 2163
1224 0.001000 2163
1225 0.002000 2163
1226 0.002000 2163
1227 0.002000 2163
1228 0.002000 2163
1229 0.002000 2163
1230 0.002000 2163
1231 0.002000 2163
1232 0.002000 2163
1233 0.002000 2163
1234 0.002000 2163
1235 0.002000 2163
1236 0.002000 2163
1237 0.002000 2163
1238 0.002000 2163
1239 0.002000 2163
1240 0.002000 2163
1241 0.002000 2163
1242 0.002000 2163
1243 0.002000 2163
1244 0.002000 2163
1245 0.002000 2163
1246 0.002000 2163
1247 0.002000 2163
1248 0.002000 2163
1249 0.002000 2163
1250 0.002000 2163
1251 0.002000 2163
1252 0.002000 2163
1253 0.002000 2163
1254 0.002000 2163
1255 0.002000 2163
1256 0.002000 2163
1257 0.002000 2163
1258 0.002000 2163
1259 0.002000 2163
1260 0.002000 2163
1261 0.002000 2163
1262 0.002000 2163
1263 0.002000 2163
1264 0.002000 2163
1265 0.002000 2163
1266 0.002000 2163
1267 0.002000 2163
1268 0.002000 2163
1269 0.002000 2163
1270 0.002000 2163
1271 0.002000 2163
1272 0.002000 2163
1273 0.002000 2163
1274 0.002000 2163
1275 0.002000 2163
1276 0.002000 2163
1277 0.002000 2163
1278 0.002000 2163
1279 0.002000 2163
1280 0.002000 2163
1281 0.002000 2163
1282 0.002000 2163
1283 0.002000 2163
1284 0.002000 2163
1285 0.002000 2163
1286 0.002000 2163
1287 0.002000 2163
1288 0.002000 2163
1289 0.002000 2163
1290 0.002000 2163
1291 0.002000 2163
1292 0.002000 2163
1293 0.002000 2163
1294 0.002000 2163
1295 0.002000 2163
1296 0.002000 2163
1297 0.002000 2163
1298 0.002000 2163
1299 0.002000 2163
1300 0.002000 2163
1301 0.002000 2163
1302 0.002000 2163
1303 0.002000 2163
1304 0.002000 2163
1305 0.002000 2163
1306 0.002000 2163
1307 0.002000 2163
1308 0.002000 2163
1309 0.002000 2163
1310 0.002000 2163
1311 0.002000 2163
1312 0.002000 2163
1313 0.002000 2163
1314 0.002000 2163
1315 0.002000 2163
1316 0.002000 2163
1317 0.002000 2163
1318 0.002000 2163
1319 0.002000 2163
1320 0.002000 2163
1321 0.002000 2163
1322 0.002000 2163
1323 0.002000 2163
1324 0.002000 2163
1325 0.002000 2163
1326 0.002000 2163
1327 0.002000 2163
1328 0.002000 2163
1329 0.002000 2163
1330 0.002000 2163
1331 0.002000 2163
1332 0.002000 2163
1333 0.002000 2163
1334 0.002000 2163
1335 0.002000 2163
1336 0.002000 2163
1337 0.002000 2163
1338 0.002000 2163
1339 0.002000 2163
1340 0.002000 2163
1341 0.002000 2163
1342 0.002000 2163
1343 0.002000 2163
1344 0.002000 2163
1345 0.002000 2163
1346 0.002000 2163
1347 0.002000 2163
1348 0.002000 2163
1349 0.002000 2163
1350 0.002000 2163
1351 0.002000 2163
1352 0.002000 2163
1353 0.002000 2163
1354 0.002000 2163
1355 0.002000 2163
1356 0.002000 2163
1357 0.002000 2163
1358 0.002000 2163
1359 0.002000 2163
1360 0.002000 2163
1361 0.002000 2163
1362 0.002000 2163
1363 0.002000 2163
1364 0.002000 2163
1365 0.002000 2163
1366 0.002000 2163
1367 0.002000 2163
1368 0.002000 2163
1369 0.002000 2163
1370 0.002000 2163
1371 0.002000 2163
1372 0.002000 2163
1373 0.002000 2163
1374 0.002000 2163
1375 0.002000 2163
1376 0.002000 2163
1377 0.002000 2163
1378 0.002000 2163
1379 0.002000 2163
1380 0.002000 2163
1381 0.002000 2163
1382 0.002000 2163
1383 0.002000 2163
1384 0.002000 2163
1385 0.002000 2163
1386 0.002000 2163
1387 0.002000 2163
1388 0.002000 2163
1389 0.002000 2163
1390 0.002000 2163
1391 0.002000 2163
1392 0.002000 2163
1393 0.002000 2163
1394 0.002000 2163
1395 0.002000 2163
1396 0.002000 2163
1397 0.002000 2163
1398 0.002000 2163
1399 0.002000 2163
1400 0.002000 2163
1401 0.002000 2163
1402 0.002000 2163
1403 0.002000 2163
1404 0.002000 2163
1405 0.002000 2163
1406 0.002000 2163
1407 0.002000 2163
1408 0.002000 2163
1409 0.002000 2163
1410 0.002000 2163
1411 0.002000 2163
1412 0.002000 2163
1413 0.002000 2163
1414 0.002000 2163
1415 0.002000 2163
1416 0.002000 2163
1417 0.002000 2163
1418 0.002000 2163
1419 0.002000 2163
1420 0.002000 2163
1421 0.002000 2163
1422 0.002000 2163
1423 0.002000 2163
1424 0.002000 2163
1425 0.002000 2163
1426 0.002000 2163
1427 0.002000 2163
1428 0.002000 2163
1429 0.002000 2163
1430 0.002000 2163
1431 0.002000 2163
1432 0.002000 2163
1433 0.002000 2163
1434 0.002000 2163
1435 0.002000 2163
1436 0.002000 2163
1437 0.002000 2163
1438 0.002000 2163
1439 0.002000 2163
1440 0.002000 2163
1441 0.002000 2163
1442 0.002000 2163
1443 0.002000 2163
1444 0.002000 2163
1445 0.002000 2163
1446 0.002000 2163
1447 0.002000 2163
1448 0.002000 2163
1449 0.002000 2163
1450 0.002000 2163
1451 0.002000 2163
1452 0.002000 2163
1453 0.002000 2163
1454 0.002000 2163
1455 0.002000 2163
1456 0.002000 2163
1457 0.002000 2163
1458 0.002000 2163
1459 0.002000 2163
1460 0.002000 2163
1461 0.002000 2163
1462 0.002000 2163
1463 0.002000 2163
1464 0.002000 2163
1465 0.002000 2163
1466 0.002000 2163
1467 0.002000 2163
1468 0.002000 2163
1469 0.002000 2163
1470 0.002000 2163
1471 0.002000 2163
1472 0.002000 2163
1473 0.002000 2163
1474 0.002000 2163
1475 0.002000 2163
1476 0.002000 2163
1477 0.002000 2163
1478 0.002000 2163
1479 0.002000 2163
1480 0.002000 2163
1481 0.002000 2163
1482 0.002000 2163
1483 0.002000 2163
1484 0.002000 2163
1485 0.002000 2163
1486 0.002000 2163
1487 0.002000 2163
1488 0.002000 2163
1489 0.002000 2163
1490 0.002000 2163
1491 0.002000 2163
1492 0.002000 2163
1493 0.002000 2163
1494 0.002000 2163
1495 0.002000 2163
1496 0.002000 2163
1497 0.002000 2163
1498 0.002000 2163
1499 0.002000 2163
1500 0.002000 2163
1501 0.002000 2163
1502 0.002000 2163
1503 0.002000 2163
1504 0.002000 2163
1505 0.002000 2163
1506 0.002000 2163
1507 0.002000 2163
1508 0.002000 2163
1509 0.002000 2163
1510 0.002000 2163
1511 0.002000 2163
1512 0.002000 2163
1513 0.002000 2163
1514 0.002000 2163
1515 0.002000 2163
1516 0.002000 2163
1517 0.002000 2163
1518 0.002000 2163
1519 0.002000 2163
1520 0.002000 2163
1521 0.002000 2163
1522 0.002000 2163
1523 0.002000 2163
1524 0.002000 2163
1525 0.002000 2163
1526 0.002000 2163
1527 0.002000 2163
1528 0.002000 2163
1529 0.002000 2163
1530 0.002000 2163
1531 0.002000 2163
1532 0.002000 2163
1533 0.002000 2163
1534 0.002000 2163
1535 0.002000 2163
1536 0.002000 2163
1537 0.002000 2163
1538 0.002000 2163
1539 0.002000 2163
1540 0.002000 2163
1541 0.002000 2163
1542 0.002000 2163
1543 0.002000 2163
1544 0.002000 2163
1545 0.002000 2163
1546 0.002000 2163
1547 0.002000 2163
1548 0.002000 2163
1549 0.002000 2163
1550 0.002000 2163
1551 0.002000 2163
1552 0.002000 2163
1553 0.002000 2163
1554 0.002000 2163
1555 0.002000 2163
1556 0.002000 2163
1557 0.002000 2163
1558 0.002000 2163
1559 0.002000 2163
1560 0.002000 2163
1561 0.002000 2163
1562 0.002000 2163
1563 0.002000 2163
1564 0.002000 2163
1565 0.002000 2163
1566 0.002000 2163
1567 0.002000 2163
1568 0.002000 2163
1569 0.002000 2163
1570 0.002000 2163
1571 0.002000 2163
1572 0.002000 2163
1573 0.002000 2163
1574 0.002000 2163
1575 0.002000 2163
1576 0.002000 2163
1577 0.002000 2163
1578 0.002000 2163
1579 0.002000 2163
1580 0.002000 2163
1581 0.002000 2163
1582 0.002000 2163
1583 0.002000 2163
1584 0.002000 2163
1585 0.002000 2163
1586 0.002000 2163
1587 0.002000 2163
1588 0.002000 2163
1589 0.002000 2163
1590 0.002000 2163
1591 0.002000 2163
1592 0.002000 2163
1593 0.002000 2163
1594 0.002000 2163
1595 0.002000 2163
1596 0.002000 2163
1597 0.002000 2163
1598 0.002000 2163
1599 0.002000 2163
1600 0.002000 2163
1601 0.002000 2163
1602 0.002000 2163
1603 0.002000 2163
1604 0.002000 2163
1605 0.002000 2163
1606 0.002000 2163
1607 0.002000 2163
1608 0.002000 2163
1609 0.002000 2163
1610 0.002000 2163
1611 0.002000 2163
1612 0.002000 2163
1613 0.002000 2163
1614 0.002000 2163
1615 0.002000 2163
1616 0.002000 2163
1617 0.002000 2163
1618 0.002000 2163
1619 0.002000 2163
1620 0.002000 2163
1621 0.002000 2163
1622 0.002000 2163
1623 0.002000 2163
1624 0.002000 2163
1625 0.002000 2163
1626 0.002000 2163
1627 0.002000 2163
1628 0.002000 2163
1629 0.002000 2163
1630 0.002000 2163
1631 0.002000 2163
1632 0.002000 2163
1633 0.002000 2163
1634 0.002000 2163
1635 0.002000 2163
1636 0.002000 2163
1637 0.002000 2163
1638 0.002000 2163
1639 0.002000 2163
1640 0.002000 2163
1641 0.002000 2163
1642 0.002000 2163
1643 0.002000 2163
1644 0.002000 2163
1645 0.002000 2163
1646 0.002000 2163
1647 0.002000 2163
1648 0.002000 2163
1649 0.002000 2163
1650 0.002000 2163
1651 0.002000 2163
1652 0.002000 2163
1653 0.002000 2163
1654 0.002000 2163
1655 0.002000 2163
1656 0.002000 2163
1657 0.002000 2163
1658 0.002000 2163
1659 0.002000 2163
1660 0.002000 2163
1661 0.002000 2163
1662 0.002000 2163
1663 0.002000 2163
1664 0.002000 2163
1665 0.002000 2163
1666 0.002000 2163
1667 0.002000 2163
1668 0.002000 2163
1669 0.002000 2163
1670 0.002000 2163
1671 0.002000 2163
1672 0.002000 2163
1673 0.002000 2163
1674 0.002000 2163
1675 0.002000 2163
1676 0.002000 2163
1677 0.002000 2163
1678 0.002000 2163
1679 0.002000 2163
1680 0.002000 2163
1681 0.002000 2163
1682 0.002000 2163
1683 0.002000 2163
1684 0.002000 2163
1685 0.002000 2163
1686 0.002000 2163
1687 0.002000 2163
1688 0.002000 2163
1689 0.002000 2163
1690 0.002000 2163
1691 0.002000 2163
1692 0.002000 2163
1693 0.002000 2163
1694 0.002000 2163
1695 0.002000 2163
1696 0.002000 2163
1697 0.002000 2163
1698 0.002000 2163
1699 0.002000 2163
1700 0.002000 2163
1701 0.002000 2163
1702 0.002000 2163
1703 0.002000 2163
1704 0.002000 2163
1705 0.002000 2163
1706 0.002000 2163
1707 0.002000 2163
1708 0.002000 2163
1709 0.002000 2163
1710 0.002000 2163
1711 0.002000 2163
1712 0.002000 2163
1713 0.002000 2163
1714 0.002000 2163
1715 0.002000 2163
1716 0.002000 2163
1717 0.002000 2163
1718 0.002000 2163
1719 0.002000 2163
1720 0.002000 2163
1721 0.002000 2163
1722 0.002000 2163
1723 0.002000 2163
1724 0.002000 2163
1725 0.002000 2163
1726 0.002000 2163
1727 0.002000 2163
1728 0.002000 2163
1729 0.002000 2163
1730 0.002000 2163
1731 0.002000 2163
1732 0.002000 2163
1733 0.002000 2163
1734 0.002000 2163
1735 0.002000 2163
1736 0.002000 2163
1737 0.002000 2163
1738 0.002000 2163
1739 0.002000 2163
1740 0.002000 2163
1741 0.002000 2163
1742 0.002000 2163
1743 0.002000 2163
1744 0.002000 2163
1745 0.002000 2163
1746 0.002000 2163
1747 0.002000 2163
1748 0.002000 2163
1749 0.002000 2163
1750 0.002000 2163
1751 0.002000 2163
1752 0.002000 2163
1753 0.002000 2163
1754 0.002000 2163
1755 0.002000 2163
1756 0.002000 2163
1757 0.002000 2163
1758 0.002000 2163
1759 0.002000 2163
1760 0.002000 2163
1761 0.002000 2163
1762 0.002000 2163
1763 0.002000 2163
1764 0.002000 2163
1765 0.002000 2163
1766 0.002000 2163
1767 0.003000 2163
1768 0.003000 2163
1769 0.003000 2163
1770 0.003000 2163
1771 0.003000 2163
1772 0.003000 2163
1773 0.003000 2163
1774 0.003000 2163
1775 0.003000 2163
1776 0.003000 2163
1777 0.003000 2163
1778 0.003000 2163
1779 0.003000 2163
1780 0.003000 2163
1781 0.003000 2163
1782 0.003000 2163
1783 0.003000 2163
1784 0.003000 2163
1785 0.003000 2163
1786 0.003000 2163
1787 0.003000 2163
1788 0.003000 2163
1789 0.003000 2163
1790 0.003000 2163
1791 0.003000 2163
1792 0.003000 2163
1793 0.003000 2163
1794 0.003000 2163
1795 0.003000 2163
1796 0.003000 2163
1797 0.003000 2163
1798 0.003000 2163
1799 0.003000 2163
1800 0.003000 2163
1801 0.003000 2163
1802 0.003000 2163
1803 0.003000 2163
1804 0.003000 2163
1805 0.003000 2163
1806 0.003000 2163
1807 0.003000 2163
1808 0.003000 2163
1809 0.003000 2163
1810 0.003000 2163
1811 0.003000 2163
1812 0.003000 2163
1813 0.003000 2163
1814 0.003000 2163
1815 0.003000 2163
1816 0.003000 2163
1817 0.003000 2163
1818 0.003000 2163
1819 0.003000 2163
1820 0.003000 2163
1821 0.003000 2163
1822 0.003000 2163
1823 0.003000 2163
1824 0.003000 2163
1825 0.003000 2163
1826 0.003000 2163
1827 0.003000 2163
1828 0.003000 2163
1829 0.003000 2163
1830 0.003000 2163
1831 0.003000 2163
1832 0.003000 2163
1833 0.003000 2163
1834 0.003000 2163
1835 0.003000 2163
1836 0.003000 2163
1837 0.003000 2163
1838 0.003000 2163
1839 0.003000 2163
1840 0.003000 2163
1841 0.003000 2163
1842 0.003000 2163
1843 0.003000 2163
1844 0.003000 2163
1845 0.003000 2163
1846 0.003000 2163
1847 0.003000 2163
1848 0.003000 2163
1849 0.003000 2163
1850 0.003000 2163
1851 0.003000 2163
1852 0.003000 2163
1853 0.003000 2163
1854 0.003000 2163
1855 0.003000 2163
1856 0.003000 2163
1857 0.003000 2163
1858 0.003000 2163
1859 0.003000 2163
1860 0.003000 2163
1861 0.003000 2163
1862 0.003000 2163
1863 0.003000 2163
1864 0.003000 2163
1865 0.003000 2163
1866 0.003000 2163
1867 0.003000 2163
1868 0.003000 2163
1869 0.003000 2163
1870 0.003000 2163
1871 0.003000 2163
1872 0.003000 2163
1873 0.003000 2163
1874 0.003000 2163
1875 0.003000 2163
1876 0.003000 2163
1877 0.003000 2163
1878 0.003000 2163
1879 0.003000 2163
1880 0.003000 2163
1881 0.003000 2163
1882 0.003000 2163
1883 0.003000 2163
1884 0.003000 2163
1885 0.003000 2163
1886 0.003000 2163
1887 0.003000 2163
1888 0.003000 2163
1889 0.003000 2163
1890 0.003000 2163
1891 0.003000 2163
1892 0.003000 2163
1893 0.003000 2163
1894 0.003000 2163
1895 0.003000 2163
1896 0.003000 2163
1897 0.003000 2163
1898 0.003000 2163
1899 0.003000 2163
1900 0.003000 2163
1901 0.003000 2163
1902 0.003000 2163
1903 0.003000 2163
1904 0.003000 2163
1905 0.003000 2163
1906 0.003000 2163
1907 0.003000 2163
1908 0.003000 2163
1909 0.003000 2163
1910 0.003000 2163
1911 0.003000 2163
1912 0.003000 2163
1913 0.003000 2163
1914 0.003000 2163
1915 0.003000 2163
1916 0.003000 2163
1917 0.003000 2163
1918 0.003000 2163
1919 0.003000 2163
1920 0.003000 2163
1921 0.003000 2163
1922 0.003000 2163
1923 0.003000 2163
1924 0.003000 2163
1925 0.003000 2163
1926 0.003000 2163
1927 0.003000 2163
1928 0.003000 2163
1929 0.003000 2163
1930 0.003000 2163
1931 0.003000 2163
1932 0.003000 2163
1933 0.003000 2163
1934 0.003000 2163
1935 0.003000 2163
1936 0.003000 2163
1937 0.003000 2163
1938 0.003000 2163
1939 0.003000 2163
1940 0.003000 2163
1941 0.003000 2163
1942 0.003000 2163
1943 0.003000 2163
1944 0.003000 2163
1945 0.003000 2163
1946 0.003000 2163
1947 0.003000 2163
1948 0.003000 2163
1949 0.003000 2163
1950 0.003000 2163
1951 0.003000 2163
1952 0.003000 2163
1953 0.003000 2163
1954 0.003000 2163
1955 0.003000 2163
1956 0.003000 2163
1957 0.003000 2163
1958 0.003000 2163
1959 0.003000 2163
1960 0.003000 2163
1961 0.003000 2163
1962 0.003000 2163
1963 0.003000 2163
1964 0.003000 2163
1965 0.003000 2163
1966 0.003000 2163
1967 0.003000 2163
1968 0.003000 2163
1969 0.003000 2163
1970 0.003000 2163
1971 0.003000 2163
1972 0.003000 2163
1973 0.003000 2163
1974 0.003000 2163
1975 0.003000 2163
1976 0.003000 2163
1977 0.003000 2163
1978 0.003000 2163
1979 0.003000 2163
1980 0.003000 2163
1981 0.003000 2163
1982 0.003000 2163
1983 0.003000 2163
1984 0.003000 2163
1985 0.003000 2163
1986 0.003000 2163
1987 0.003000 2163
1988 0.003000 2163
1989 0.003000 2163
1990 0.003000 2163
1991 0.003000 2163
1992 0.003000 2163
1993 0.003000 2163
1994 0.003000 2163
1995 0.003000 2163
1996 0.003000 2163
1997 0.003000 2163
1998 0.003000 2163
1999 0.003000 2163
2000 0.003000 2163
2001 0.003000 2163
2002 0.003000 2093
2003 0.003000 2093
2004 0.003000 2093
2005 0.003000 2093
2006 0.003000 2093
2007 0.003000 2093
2008 0.003000 2093
2009 0.003000 2093
2010 0.003000 2093
2011 0.003000 2093
2012 0.003000 2093
2013 0.003000 2093
2014 0.003000 2093
2015 0.003000 2093
2016 0.003000 2093
2017 0.003000 2093
2018 0.003000 2093
2019 0.003000 2093
2020 0.003000 2093
2021 0.003000 2093
2022 0.003000 2093
2023 0.003000 2093
2024 0.003000 2093
2025 0.003000 2093
2026 0.003000 2093
2027 0.003000 2093
2028 0.003000 2093
2029 0.003000 2093
2030 0.003000 2093
2031 0.004000 2093
2032 0.004000 2093
2033 0.004000 2093
2034 0.004000 2093
2035 0.004000 2093
2036 0.004000 2093
2037 0.004000 2093
2038 0.004000 2093
2039 0.004000 2093
2040 0.004000 2093
2041 0.004000 2093
2042 0.004000 2093
2043 0.004000 2093
2044 0.004000 2093
2045 0.004000 2093
2046 0.004000 2093
2047 0.004000 2093
2048 0.004000 2093
2049 0.004000 2093
2050 0.004000 2093
2051 0.004000 2093
2052 0.004000 2093
2053 0.004000 2093
2054 0.004000 2093
2055 0.004000 2093
2056 0.004000 2093
2057 0.004000 2093
2058 0.004000 2093
2059 0.004000 2093
2060 0.004000 2093
2061 0.004000 2093
2062 0.004000 2093
2063 0.004000 2093
2064 0.004000 2093
2065 0.004000 2093
2066 0.004000 2093
2067 0.004000 2093
2068 0.004000 2093
2069 0.004000 2093
2070 0.004000 2093
2071 0.004000 2093
2072 0.004000 2093
2073 0.004000 2093
2074 0.004000 2093
2075 0.004000 2093
2076 0.004000 2093
2077 0.004000 2093
2078 0.004000 2093
2079 0.004000 2093
2080 0.004000 2093
2081 0.004000 2093
2082 0.004000 2093
2083 0.004000 2093
2084 0.004000 2093
2085 0.004000 2093
2086 0.004000 2093
2087 0.004000 2093
2088 0.004000 2093
2089 0.004000 2093
2090 0.004000 2093
2091 0.004000 2093
2092 0.004000 2093
2093 0.004000 2093
2094 0.004000 2093
2095 0.004000 2093
2096 0.004000 2093
2097 0.004000 2093
2098 0.004000 2093
2099 0.004000 2093
2100 0.004000 2093
2101 0.004000 2093
2102 0.004000 2093
2103 0.004000 2093
2104 0.004000 2093
2105 0.004000 2093
2106 0.004000 2093
2107 0.004000 2093
2108 0.004000 2093
2109 0.004000 2093
2110 0.004000 2093
2111 0.004000 2093
2112 0.004000 2093
2113 0.004000 2093
2114 0.004000 2093
2115 0.004000 2093
2116 0.004000 2093
2117 0.004000 2093
2118 0.004000 2093
2119 0.004000 2093
2120 0.004000 2093
2121 0.004000 2093
2122 0.004000 2093
2123 0.004000 2093
2124 0.004000 2093
2125 0.004000 2093
2126 0.004000 2093
2127 0.004000 2093
2128 0.004000 2093
2129 0.004000 2093
2130 0.004000 2093
2131 0.004000 2093
2132 0.004000 2093
2133 0.004000 2093
2134 0.004000 2093
2135 0.004000 2093
2136 0.004000 2093
2137 0.004000 2093
2138 0.004000 2093
2139 0.004000 2093
2140 0.004000 2093
2141 0.004000 2093
2142 0.004000 2093
2143 0.004000 2093
2144 0.004000 2093
2145 0.004000 2093
2146 0.004000 2093
2147 0.004000 2093
2148 0.004000 2093
2149 0.004000 2093
2150 0.004000 2093
2151 0.004000 2093
2152 0.004000 2093
2153 0.004000 2093
2154 0.004000 2093
2155 0.004000 2093
2156 0.004000 2093
2157 0.004000 2093
2158 0.004000 2093
2159 0.004000 2093
2160 0.004000 2093
2161 0.004000 2093
2162 0.004000 2093
2163 0.004000 2093
2164 0.004000 2093
2165 0.004000 2093
2166 0.004000 2093
2167 0.004000 2093
2168 0.004000 2093
2169 0.004000 2093
2170 0.004000 2093
2171 0.004000 2093
2172 0.004000 2093
2173 0.004000 2093
2174 0.004000 2093
2175 0.004000 2093
2176 0.004000 2093
2177 0.004000 2093
2178 0.004000 2093
2179 0.004000 2093
2180 0.004000 2093
2181 0.004000 2093
2182 0.004000 2093
2183 0.004000 2093
2184 0.004000 2093
2185 0.004000 2093
2186 0.004000 2093
2187 0.004000 2093
2188 0.004000 2093
2189 0.004000 2093
2190 0.004000 2093
2191 0.004000 2093
2192 0.004000 2093
2193 0.004000 2093
2194 0.004000 2093
2195 0.004000 2093
2196 0.004000 2093
2197 0.004000 2093
2198 0.004000 2093
2199 0.004000 2093
2200 0.004000 2093
2201 0.004000 2093
2202 0.004000 2093
2203 0.004000 2093
2204 0.004000 2093
2205 0.004000 2093
2206 0.004000 2093
2207 0.004000 2093
2208 0.004000 2093
2209 0.004000 2093
2210 0.004000 2093
2211 0.004000 2093
2212 0.004000 2093
2213 0.004000 2093
2214 0.004000 2093
2215 0.004000 2093
2216 0.004000 2093
2217 0.004000 2093
2218 0.004000 2093
2219 0.004000 2093
2220 0.004000 2093
2221 0.004000 2093
2222 0.004000 2093
2223 0.004000 2093
2224 0.004000 2093
2225 0.004000 2093
2226 0.004000 2093
2227 0.004000 2093
2228 0.004000 2093
2229 0.004000 2093
2230 0.004000 2093
2231 0.004000 2093
2232 0.004000 2093
2233 0.004000 2093
2234 0.004000 2093
2235 0.004000 2093
2236 0.004000 2093
2237 0.004000 2093
2238 0.004000 2093
2239 0.004000 2093
2240 0.004000 2093
2241 0.004000 2093
2242 0.004000 2093
2243 0.004000 2093
2244 0.004000 2093
2245 0.004000 2093
2246 0.004000 2093
2247 0.004000 2093
2248 0.004000 2093
2249 0.004000 2093
2250 0.004000 2093
2251 0.004000 2093
2252 0.004000 2093
2253 0.004000 2093
2254 0.004000 2093
2255 0.004000 2093
2256 0.004000 2093
2257 0.004000 2093
2258 0.004000 2093
2259 0.004000 2093
2260 0.004000 2093
2261 0.004000 2093
2262 0.004000 2093
2263 0.004000 2093
2264 0.004000 2093
2265 0.004000 2093
2266 0.004000 2093
2267 0.004000 2093
2268 0.004000 2093
2269 0.004000 2093
2270 0.004000 2093
2271 0.004000 2093
2272 0.004000 2093
2273 0.004000 2093
2274 0.004000 2093
2275 0.004000 2093
2276 0.004000 2093
2277 0.004000 2093
2278 0.004000 2093
2279 0.004000 2093
2280 0.004000 2093
2281 0.004000 2093
2282 0.004000 2093
2283 0.004000 2093
2284 0.004000 2093
2285 0.004000 2093
2286 0.004000 2093
2287 0.004000 2093
2288 0.004000 2093
2289 0.004000 2093
2290 0.004000 2093
2291 0.004000 2093
2292 0.004000 2093
2293 0.004000 2093
2294 0.004000 2093
2295 0.004000 2093
2296 0.004000 2093
2297 0.004000 2093
2298 0.004000 2093
2299 0.004000 2093
2300 0.004000 2093
2301 0.004000 2093
2302 0.004000 2093
2303 0.004000 2093
2304 0.004000 2093
2305 0.004000 2093
2306 0.004000 2093
2307 0.004000 2093
2308 0.004000 2093
2309 0.004000 2093
2310 0.004000 2093
2311 0.004000 2093
2312 0.004000 2093
2313 0.004000 2093
2314 0.004000 2093
2315 0.004000 2093
2316 0.004000 2093
2317 0.004000 2093
2318 0.004000 2093
2319 0.004000 2093
2320 0.004000 2093
2321 0.004000 2093
2322 0.004000 2093
2323 0.004000 2093
2324 0.004000 2093
2325 0.004000 2093
2326 0.004000 2093
2327 0.004000 2093
2328 0.004000 2093
2329 0.004000 2093
2330 0.004000 2093
2331 0.004000 2093
2332 0.004000 2093
2333 0.004000 2093
2334 0.004000 2093
2335 0.004000 2093
2336 0.004000 2093
2337 0.004000 2093
2338 0.004000 2093
2339 0.004000 2093
2340 0.004000 2093
2341 0.004000 2093
2342 0.004000 2093
2343 0.004000 2093
2344 0.004000 2093
2345 0.004000 2093
2346 0.004000 2093
2347 0.004000 2093
2348 0.004000 2093
2349 0.004000 2093
2350 0.004000 2093
2351 0.004000 2093
2352 0.004000 2093
2353 0.004000 2093
2354 0.004000 2093
2355 0.004000 2093
2356 0.004000 2093
2357 0.004000 2093
2358 0.004000 2093
2359 0.004000 2093
2360 0.004000 2093
2361 0.004000 2093
2362 0.004000 2093
2363 0.004000 2093
2364 0.004000 2093
2365 0.004000 2093
2366 0.004000 2093
2367 0.004000 2093
2368 0.004000 2093
2369 0.004000 2093
2370 0.004000 2093
2371 0.004000 2093
2372 0.004000 2093
2373 0.004000 2093
2374 0.004000 2093
2375 0.004000 2093
2376 0.004000 2093
2377 0.004000 2093
2378 0.004000 2093
2379 0.004000 2093
2380 0.004000 2093
2381 0.004000 2093
2382 0.004000 2093
2383 0.004000 2093
2384 0.004000 2093
2385 0.004000 2093
2386 0.004000 2093
2387 0.004000 2093
2388 0.004000 2093
2389 0.004000 2093
2390 0.004000 2093
2391 0.004000 2093
2392 0.004000 2093
2393 0.004000 2093
2394 0.004000 2093
2395 0.004000 2093
2396 0.004000 2093
2397 0.004000 2093
2398 0.004000 2093
2399 0.004000 2093
2400 0.004000 2093
2401 0.004000 2093
2402 0.004000 2093
2403 0.004000 2093
2404 0.004000 2093
2405 0.004000 2093
2406 0.004000 2093
2407 0.004000 2093
2408 0.004000 2093
2409 0.004000 2093
2410 0.004000 2093
2411 0.004000 2093
2412 0.004000 2093
2413 0.004000 2093
2414 0.004000 2093
2415 0.004000 2093
2416 0.004000 2093
2417 0.004000 2093
2418 0.004000 2093
2419 0.004000 2093
2420 0.004000 2093
2421 0.004000 2093
2422 0.004000 2093
2423 0.004000 2093
2424 0.004000 2093
2425 0.004000 2093
2426 0.004000 2093
2427 0.004000 2093
2428 0.004000 2093
2429 0.004000 2093
2430 0.004000 2093
2431 0.004000 2093
2432 0.004000 2093
2433 0.004000 2093
2434 0.004000 2093
2435 0.004000 2093
2436 0.004000 2093
2437 0.004000 2093
2438 0.004000 2093
2439 0.004000 2093
2440 0.004000 2093
2441 0.004000 2093
2442 0.004000 2093
2443 0.004000 2093
2444 0.004000 2093
2445 0.004000 2093
2446 0.004000 2093
2447 0.004000 2093
2448 0.004000 2093
2449 0.004000 2093
2450 0.004000 2093
2451 0.004000 2093
2452 0.004000 2093
2453 0.004000 2093
2454 0.004000 2093
2455 0.004000 2093
2456 0.004000 2093
2457 0.004000 2093
2458 0.004000 2093
2459 0.004000 2093
2460 0.004000 2093
2461 0.004000 2093
2462 0.004000 2093
2463 0.004000 2093
2464 0.004000 2093
2465 0.004000 2093
2466 0.004000 2093
2467 0.004000 2093
2468 0.004000 2093
2469 0.004000 2093
2470 0.004000 2093
2471 0.004000 2093
2472 0.004000 2093
2473 0.004000 2093
2474 0.004000 2093
2475 0.004000 2093
2476 0.004000 2093
2477 0.004000 2093
2478 0.004000 2093
2479 0.004000 2093
2480 0.004000 2093
2481 0.004000 2093
2482 0.004000 2093
2483 0.004000 2093
2484 0.004000 2093
2485 0.004000 2093
2486 0.004000 2093
2487 0.004000 2093
2488 0.004000 2093
2489 0.004000 2093
2490 0.004000 2093
2491 0.004000 2093
2492 0.004000 2093
2493 0.004000 2093
2494 0.004000 2093
2495 0.004000 2093
2496 0.004000 2093
2497 0.004000 2093
2498 0.004000 2093
2499 0.004000 2093
2500 0.004000 2093
2501 0.004000 2093
2502 0.004000 2093
2503 0.004000 2093
2504 0.005000 2093
2505 0.005000 2093
2506 0.005000 2093
2507 0.005000 2093
2508 0.005000 2093
2509 0.005000 2093
2510 0.005000 2093
2511 0.005000 2093
2512 0.005000 2093
2513 0.005000 2093
2514 0.005000 2093
2515 0.005000 2093
2516 0.005000 2093
2517 0.005000 2093
2518 0.005000 2093
2519 0.005000 2093
2520 0.005000 2093
2521 0.005000 2093
2522 0.005000 2093
2523 0.005000 2093
2524 0.005000 2093
2525 0.005000 2093
2526 0.005000 2093
2527 0.005000 2093
2528 0.005000 2093
2529 0.005000 2093
2530 0.005000 2093
2531 0.005000 2093
2532 0.005000 2093
2533 0.005000 2093
2534 0.005000 2093
2535 0.005000 2093
2536 0.005000 2093
2537 0.005000 2093
2538 0.005000 2093
2539 0.005000 2093
2540 0.005000 2093
2541 0.005000 2093
2542 0.005000 2093
2543 0.005000 2093
2544 0.005000 2093
2545 0.005000 2093
2546 0.005000 2093
2547 0.005000 2093
2548 0.005000 2093
2549 0.005000 2093
2550 0.005000 2093
2551 0.005000 2093
2552 0.005000 2093
2553 0.005000 2093
2554 0.005000 2093
2555 0.005000 2093
2556 0.005000 2093
2557 0.005000 2093
2558 0.005000 2093
2559 0.005000 2093
2560 0.005000 2093
2561 0.005000 2093
2562 0.005000 2093
2563 0.005000 2093
2564 0.005000 2093
2565 0.005000 2093
2566 0.005000 2093
2567 0.005000 2093
2568 0.005000 2093
2569 0.005000 2093
2570 0.005000 2093
2571 0.005000 2093
2572 0.005000 2093
2573 0.005000 2093
2574 0.005000 2093
2575 0.005000 2093
2576 0.005000 2093
2577 0.005000 2093
2578 0.005000 2093
2579 0.005000 2093
2580 0.005000 2093
2581 0.005000 2093
2582 0.005000 2093
2583 0.005000 2093
2584 0.005000 2093
2585 0.005000 2093
2586 0.005000 2093
2587 0.005000 2093
2588 0.005000 2093
2589 0.005000 2093
2590 0.005000 2093
2591 0.005000 2093
2592 0.005000 2093
2593 0.005000 2093
2594 0.005000 2093
2595 0.005000 2093
2596 0.005000 2093
2597 0.005000 2093
2598 0.005000 2093
2599 0.005000 2093
2600 0.005000 2093
2601 0.005000 2093
2602 0.005000 2093
2603 0.005000 2093
2604 0.005000 2093
2605 0.005000 2093
2606 0.005000 2093
2607 0.005000 2093
2608 0.005000 2093
2609 0.005000 2093
2610 0.005000 2093
2611 0.005000 2093
2612 0.005000 2093
2613 0.005000 2093
2614 0.005000 2093
2615 0.005000 2093
2616 0.005000 2093
2617 0.005000 2093
2618 0.005000 2093
2619 0.005000 2093
2620 0.005000 2093
2621 0.005000 2093
2622 0.005000 2093
2623 0.005000 2093
2624 0.005000 2093
2625 0.005000 2093
2626 0.005000 2093
2627 0.005000 2093
2628 0.005000 2093
2629 0.005000 2093
2630 0.005000 2093
2631 0.005000 2093
2632 0.005000 2093
2633 0.005000 2093
2634 0.005000 2093
2635 0.005000 2093
2636 0.005000 2093
2637 0.005000 2093
2638 0.005000 2093
2639 0.005000 2093
2640 0.005000 2093
2641 0.005000 2093
2642 0.005000 2093
2643 0.005000 2093
2644 0.005000 2093
2645 0.005000 2093
2646 0.005000 2093
2647 0.005000 2093
2648 0.005000 2093
2649 0.005000 2093
2650 0.005000 2093
2651 0.005000 2093
2652 0.005000 2093
2653 0.005000 2093
2654 0.005000 2093
2655 0.005000 2093
2656 0.005000 2093
2657 0.005000 2093
2658 0.005000 2093
2659 0.005000 2093
2660 0.005000 2093
2661 0.005000 2093
2662 0.005000 2093
2663 0.005000 2093
2664 0.005000 2093
2665 0.005000 2093
2666 0.005000 2093
2667 0.005000 2093
2668 0.005000 2093
2669 0.005000 2093
2670 0.005000 2093
2671 0.005000 2093
2672 0.005000 2093
2673 0.005000 2093
2674 0.005000 2093
2675 0.005000 2093
2676 0.005000 2093
2677 0.005000 2093
2678 0.005000 2093
2679 0.005000 2093
2680 0.005000 2093
2681 0.005000 2093
2682 0.005000 2093
2683 0.005000 2093
2684 0.005000 2093
2685 0.005000 2093
2686 0.005000 2093
2687 0.005000 2093
2688 0.005000 2093
2689 0.005000 2093
2690 0.005000 2093
2691 0.005000 2093
2692 0.005000 2093
2693 0.005000 2093
2694 0.005000 2093
2695 0.005000 2093
2696 0.005000 2093
2697 0.005000 2093
2698 0.005000 2093
2699 0.005000 2093
2700 0.005000 2093
2701 0.005000 2093
2702 0.005000 2093
2703 0.005000 2093
2704 0.005000 2093
2705 0.005000 2093
2706 0.005000 2093
2707 0.005000 2093
2708 0.005000 2093
2709 0.005000 2093
2710 0.005000 2093
2711 0.005000 2093
2712 0.005000 2093
2713 0.005000 2093
2714 0.005000 2093
2715 0.005000 2093
2716 0.005000 2093
2717 0.005000 2093
2718 0.005000 2093
2719 0.005000 2093
2720 0.005000 2093
2721 0.005000 2093
2722 0.005000 2093
2723 0.005000 2093
2724 0.005000 2093
2725 0.005000 2093
2726 0.005000 2093
2727 0.005000 2093
2728 0.005000 2093
2729 0.005000 2093
2730 0.005000 2093
2731 0.005000 2093
2732 0.005000 2093
2733 0.005000 2093
2734 0.005000 2093
2735 0.005000 2093
2736 0.005000 2093
2737 0.005000 2093
2738 0.005000 2093
2739 0.005000 2093
2740 0.005000 2093
2741 0.005000 2093
2742 0.005000 2093
2743 0.005000 2093
2744 0.005000 2093
2745 0.005000 2093
2746 0.005000 2093
2747 0.005000 2093
2748 0.005000 2093
2749 0.005000 2093
2750 0.005000 2093
2751 0.005000 2093
2752 0.005000 2093
2753 0.005000 2093
2754 0.005000 2093
2755 0.005000 2093
2756 0.005000 2093
2757 0.005000 2093
2758 0.005000 2093
2759 0.005000 2093
2760 0.005000 2093
2761 0.005000 2093
2762 0.005000 2093
2763 0.005000 2093
2764 0.005000 2093
2765 0.005000 2093
2766 0.005000 2093
2767 0.005000 2093
2768 0.005000 2093
2769 0.005000 2093
2770 0.005000 2093
2771 0.005000 2093
2772 0.005000 2093
2773 0.005000 2093
2774 0.005000 2093
2775 0.005000 2093
2776 0.005000 2093
2777 0.005000 2093
2778 0.005000 2093
2779 0.005000 2093
2780 0.005000 2093
2781 0.005000 2093
2782 0.005000 2093
2783 0.005000 2093
2784 0.005000 2093
2785 0.005000 2093
2786 0.005000 2093
2787 0.005000 2093
2788 0.005000 2093
2789 0.005000 2093
2790 0.005000 2093
2791 0.005000 2093
2792 0.005000 2093
2793 0.005000 2093
2794 0.005000 2093
2795 0.005000 2093
2796 0.005000 2093
2797 0.005000 2093
2798 0.005000 2093
2799 0.005000 2093
2800 0.005000 2093
2801 0.005000 2093
2802 0.005000 2093
2803 0.005000 2093
2804 0.005000 2093
2805 0.005000 2093
2806 0.005000 2093
2807 0.005000 2093
2808 0.005000 2093
2809 0.005000 2093
2810 0.005000 2093
2811 0.005000 2093
2812 0.005000 2093
2813 0.005000 2093
2814 0.005000 2093
2815 0.005000 2093
2816 0.005000 2093
2817 0.005000 2093
2818 0.005000 2093
2819 0.005000 2093
2820 0.005000 2093
2821 0.005000 2093
2822 0.005000 2093
2823 0.005000 2093
2824 0.005000 2093
2825 0.005000 2093
2826 0.005000 2093
2827 0.005000 2093
2828 0.005000 2093
2829 0.005000 2093
2830 0.005000 2093
2831 0.005000 2093
2832 0.005000 2093
2833 0.005000 2093
2834 0.005000 2093
2835 0.005000 2093
2836 0.005000 2093
2837 0.005000 2093
2838 0.005000 2093
2839 0.005000 2093
2840 0.005000 2093
2841 0.005000 2093
2842 0.005000 2093
2843 0.005000 2093
2844 0.005000 2093
2845 0.005000 2093
2846 0.005000 2093
2847 0.005000 2093
2848 0.005000 2093
2849 0.005000 2093
2850 0.005000 2093
2851 0.005000 2093
2852 0.005000 2093
2853 0.005000 2093
2854 0.005000 2093
2855 0.005000 2093
2856 0.005000 2093
2857 0.005000 2093
2858 0.005000 2093
2859 0.005000 2093
2860 0.005000 2093
2861 0.005000 2093
2862 0.005000 2093
2863 0.005000 2093
2864 0.005000 2093
2865 0.005000 2093
2866 0.005000 2093
2867 0.005000 2093
2868 0.005000 2093
2869 0.005000 2093
2870 0.005000 2093
2871 0.005000 2093
2872 0.005000 2093
2873 0.005000 2093
2874 0.005000 2093
2875 0.005000 2093
2876 0.005000 2093
2877 0.005000 2093
2878 0.005000 2093
2879 0.005000 2093
2880 0.005000 2093
2881 0.005000 2093
2882 0.005000 2093
2883 0.005000 2093
2884 0.005000 2093
2885 0.005000 2093
2886 0.005000 2093
2887 0.005000 2093
2888 0.005000 2093
2889 0.005000 2093
2890 0.005000 2093
2891 0.005000 2093
2892 0.005000 2093
2893 0.005000 2093
2894 0.005000 2093
2895 0.005000 2093
2896 0.005000 2093
2897 0.005000 2093
2898 0.005000 2093
2899 0.005000 2093
2900 0.005000 2093
2901 0.005000 2093
2902 0.005000 2093
2903 0.005000 2093
2904 0.005000 2093
2905 0.005000 2093
2906 0.005000 2093
2907 0.005000 2093
2908 0.005000 2093
2909 0.005000 2093
2910 0.005000 2093
2911 0.005000 2093
2912 0.005000 2093
2913 0.005000 2093
2914 0.005000 2093
2915 0.005000 2093
2916 0.005000 2093
2917 0.005000 2093
2918 0.005000 2093
2919 0.005000 2093
2920 0.005000 2093
2921 0.005000 2093
2922 0.005000 2093
2923 0.005000 2093
2924 0.005000 2093
2925 0.005000 2093
2926 0.005000 2093
2927 0.005000 2093
2928 0.005000 2093
2929 0.005000 2093
2930 0.005000 2093
2931 0.005000 2093
2932 0.005000 2093
2933 0.005000 2093
2934 0.005000 2093
2935 0.005000 2093
2936 0.005000 2093
2937 0.005000 2093
2938 0.005000 2093
2939 0.005000 2093
2940 0.005000 2093
2941 0.005000 2093
2942 0.005000 2093
2943 0.005000 2093
2944 0.005000 2093
2945 0.005000 2093
2946 0.005000 2080
2947 0.005000 2080
2948 0.005000 2080
2949 0.005000 2080
2950 0.005000 2080
2951 0.005000 2080
2952 0.005000 2080
2953 0.005000 2080
2954 0.005000 2080
2955 0.005000 2080
2956 0.005000 2080
2957 0.005000 2080
2958 0.005000 2080
2959 0.005000 2080
2960 0.005000 2080
2961 0.005000 2080
2962 0.005000 2080
2963 0.005000 2080
2964 0.005000 2080
2965 0.005000 2080
2966 0.005000 2080
2967 0.005000 2080
2968 0.005000 2080
2969 0.005000 2080
2970 0.005000 2080
2971 0.005000 2080
2972 0.005000 2080
2973 0.005000 2080
2974 0.005000 2080
2975 0.005000 2080
2976 0.005000 2080
2977 0.005000 2080
2978 0.005000 2080
2979 0.005000 2080
2980 0.005000 2080
2981 0.005000 2080
2982 0.005000 2080
2983 0.005000 2080
2984 0.005000 2080
2985 0.005000 2080
2986 0.005000 2080
2987 0.005000 2080
2988 0.005000 2080
2989 0.005000 2080
2990 0.005000 2080
2991 0.005000 2080
2992 0.005000 2080
2993 0.005000 2080
2994 0.005000 2080
2995 0.005000 2080
2996 0.005000 2080
2997 0.005000 2080
2998 0.005000 2080
2999 0.005000 2080
3000 0.005000 2080
# Final Best Cost: 2080
