# first_value: 2503
# Instance: eil76.tsp
# Method: random-search
# output: time cost
0 2503
1 0.000000 2466
2 0.000000 2466
3 0.000000 2466
4 0.000000 2466
5 0.000000 2466
6 0.000000 2400
7 0.000000 2400
8 0.000000 2400
9 0.000000 2400
10 0.000000 2400
11 0.000000 2400
12 0.000000 2400
13 0.000000 2400
14 0.000000 2400
15 0.000000 2400
16 0.000000 2400
17 0.000000 2400
18 0.000000 2400
19 0.000000 2400
20 0.000000 2400
21 0.000000 2400
22 0.000000 2400
23 0.000000 2400
24 0.000000 2400
25 0.000000 2400
26 0.000000 2400
27 0.000000 2400
28 0.000000 2400
29 0.000000 2400
30 0.000000 2293
31 0.000000 2231
32 0.000000 2231
33 0.000000 2231
34 0.000000 2231
35 0.000000 2231
36 0.000000 2231
37 0.000000 2231
38 0.000000 2231
39 0.000000 2231
40 0.000000 2231
41 0.000000 2231
42 0.000000 2231
43 0.000000 2231
44 0.000000 2231
45 0.000000 2231
46 0.000000 2231
47 0.000000 2231
48 0.000000 2231
49 0.000000 2231
50 0.000000 2231
51 0.000000 2231
52 0.000000 2231
53 0.000000 2231
54 0.000000 2231
55 0.000000 2231
56 0.000000 2231
57 0.000000 2225
58 0.000000 2225
59 0.000000 2225
60 0.000000 2225
61 0.000000 2225
62 0.000000 2225
63 0.000000 2225
64 0.000000 2225
65 0.000000 2225
66 0.000000 2225
67 0.000000 2225
68 0.000000 2225
69 0.000000 2225
70 0.000000 2225
71 0.000000 2225
72 0.000000 2225
73 0.000000 2225
74 0.000000 2225
75 0.000000 2225
76 0.000000 2225
77 0.000000 2225
78 0.000000 2225
79 0.000000 2225
80 0.000000 2225
81 0.000000 2225
82 0.000000 2225
83 0.000000 2225
84 0.000000 2225
85 0.000000 2225
86 0.000000 2225
87 0.000000 2225
88 0.000000 2225
89 0.000000 2225
90 0.000000 2225
91 0.000000 2225
92 0.000000 2225
93 0.000000 2225
94 0.000000 2225
95 0.000000 2225
96 0.000000 2225
97 0.000000 2225
98 0.000000 2225
99 0.000000 2225
100 0.000000 2225
101 0.000000 2225
102 0.000000 2225
103 0.000000 2225
104 0.000000 2225
105 0.000000 2225
106 0.000000 2225
107 0.000000 2225
108 0.000000 2225
109 0.000000 2225
110 0.000000 2225
111 0.000000 2225
112 0.000000 2225
113 0.000000 2225
114 0.000000 2225
115 0.000000 2225
116 0.000000 2225
117 0.000000 2225
118 0.000000 2225
119 0.000000 2225
120 0.000000 2225
121 0.000000 2225
122 0.000000 2225
123 0.000000 2225
124 0.000000 2225
125 0.000000 2225
126 0.000000 2225
127 0.000000 2225
128 0.000000 2225
129 0.000000 2225
130 0.000000 2225
131 0.000000 2225
132 0.000000 2225
133 0.000000 2225
134 0.000000 2225
135 0.000000 2225
136 0.000000 2225
137 0.000000 2225
138 0.000000 2225
139 0.000000 2225
140 0.000000 2225
141 0.000000 2225
142 0.000000 2225
143 0.000000 2225
144 0.000000 2225
145 0.000000 2225
146 0.000000 2225
147 0.000000 2225
148 0.000000 2225
149 0.000000 2225
150 0.000000 2225
151 0.000000 2225
152 0.000000 2225
153 0.000000 2225
154 0.000000 2225
155 0.000000 2225
156 0.000000 2225
157 0.000000 2225
158 0.000000 2225
159 0.000000 2225
160 0.000000 2225
161 0.000000 2225
162 0.000000 2225
163 0.000000 2225
164 0.000000 2225
165 0.000000 2225
166 0.000000 2225
167 0.000000 2225
168 0.000000 2225
169 0.000000 2225
170 0.000000 2225
171 0.000000 2225
172 0.000000 2225
173 0.000000 2225
174 0.000000 2225
175 0.000000 2225
176 0.000000 2225
177 0.000000 2225
178 0.000000 2225
179 0.000000 2225
180 0.000000 2225
181 0.000000 2225
182 0.000000 2225
183 0.000000 2225
184 0.000000 2225
185 0.000000 2225
186 0.000000 2225
187 0.000000 2225
188 0.000000 2225
189 0.000000 2225
190 0.000000 2218
191 0.000000 2218
192 0.000000 2218
193 0.000000 2218
194 0.000000 2218
195 0.000000 2217
196 0.000000 2217
197 0.000000 2217
198 0.000000 2217
199 0.000000 2217
200 0.000000 2217
201 0.000000 2217
202 0.000000 2217
203 0.000000 2217
204 0.000000 2217
205 0.000000 2217
206 0.000000 2217
207 0.000000 2217
208 0.000000 2217
209 0.000000 2217
210 0.000000 2217
211 0.000000 2217
212 0.000000 2217
213 0.000000 2217
214 0.000000 2217
215 0.000000 2217
216 0.000000 2217
217 0.000000 2217
218 0.000000 2217
219 0.000000 2217
220 0.000000 2217
221 0.000000 2217
222 0.000000 2217
223 0.000000 2217
224 0.000000 2217
225 0.000000 2217
226 0.000000 2217
227 0.000000 2217
228 0.000000 2217
229 0.000000 2217
230 0.000000 2217
231 0.000000 2217
232 0.000000 2217
233 0.000000 2217
234 0.000000 2217
235 0.000000 2217
236 0.000000 2217
237 0.000000 2217
238 0.000000 2217
239 0.000000 2217
240 0.000000 2217
241 0.000000 2217
242 0.000000 2217
243 0.000000 2217
244 0.000000 2217
245 0.000000 2217
246 0.000000 2217
247 0.000000 2217
248 0.000000 2208
249 0.000000 2208
250 0.000000 2208
251 0.000000 2208
252 0.000000 2208
253 0.000000 2208
254 0.000000 2208
255 0.000000 2208
256 0.000000 2208
257 0.000000 2208
258 0.000000 2208
259 0.000000 2208
260 0.000000 2208
261 0.000000 2208
262 0.000000 2208
263 0.000000 2208
264 0.000000 2208
265 0.000000 2208
266 0.000000 2208
267 0.000000 2208
268 0.000000 2208
269 0.000000 2208
270 0.000000 2208
271 0.000000 2208
272 0.000000 2208
273 0.000000 2208
274 0.000000 2208
275 0.000000 2208
276 0.000000 2208
277 0.000000 2208
278 0.000000 2208
279 0.000000 2208
280 0.000000 2208
281 0.000000 2208
282 0.000000 2208
283 0.000000 2208
284 0.000000 2208
285 0.000000 2208
286 0.000000 2208
287 0.000000 2208
288 0.000000 2208
289 0.000000 2208
290 0.000000 2208
291 0.000000 2208
292 0.000000 2208
293 0.000000 2208
294 0.000000 2208
295 0.000000 2208
296 0.000000 2208
297 0.000000 2208
298 0.000000 2208
299 0.000000 2208
300 0.000000 2208
301 0.000000 2208
302 0.000000 2208
303 0.000000 2208
304 0.000000 2208
305 0.000000 2208
306 0.000000 2208
307 0.000000 2208
308 0.000000 2208
309 0.000000 2208
310 0.000000 2208
311 0.000000 2208
312 0.000000 2208
313 0.000000 2208
314 0.000000 2208
315 0.000000 2208
316 0.000000 2208
317 0.000000 2208
318 0.000000 2208
319 0.000000 2208
320 0.000000 2208
321 0.000000 2208
322 0.000000 2208
323 0.000000 2208
324 0.000000 2208
325 0.000000 2208
326 0.000000 2208
327 0.000000 2208
328 0.000000 2208
329 0.000000 2208
330 0.000000 2208
331 0.000000 2208
332 0.000000 2208
333 0.000000 2208
334 0.000000 2208
335 0.000000 2208
336 0.000000 2208
337 0.000000 2208
338 0.000000 2208
339 0.000000 2208
340 0.000000 2208
341 0.000000 2208
342 0.000000 2208
343 0.000000 2208
344 0.000000 2208
345 0.000000 2208
346 0.000000 2208
347 0.000000 2208
348 0.000000 2208
349 0.000000 2208
350 0.000000 2208
351 0.000000 2208
352 0.000000 2208
353 0.000000 2208
354 0.000000 2208
355 0.000000 2208
356 0.000000 2208
357 0.000000 2208
358 0.000000 2208
359 0.000000 2208
360 0.000000 2208
361 0.000000 2208
362 0.000000 2208
363 0.000000 2208
364 0.000000 2208
365 0.000000 2208
366 0.000000 2208
367 0.000000 2208
368 0.000000 2208
369 0.000000 2208
370 0.000000 2208
371 0.000000 2196
372 0.000000 2196
373 0.000000 2196
374 0.000000 2196
375 0.000000 2196
376 0.000000 2196
377 0.000000 2196
378 0.000000 2196
379 0.000000 2196
380 0.000000 2196
381 0.000000 2196
382 0.000000 2196
383 0.000000 2196
384 0.000000 2196
385 0.000000 2196
386 0.000000 2196
387 0.000000 2196
388 0.000000 2196
389 0.000000 2196
390 0.000000 2196
391 0.000000 2196
392 0.000000 2196
393 0.000000 2196
394 0.000000 2196
395 0.000000 2196
396 0.000000 2196
397 0.000000 2196
398 0.000000 2196
399 0.000000 2196
400 0.000000 2196
401 0.000000 2196
402 0.000000 2196
403 0.000000 2196
404 0.000000 2196
405 0.000000 2196
406 0.000000 2196
407 0.000000 2196
408 0.000000 2196
409 0.000000 2196
410 0.000000 2196
411 0.000000 2196
412 0.000000 2196
413 0.000000 2196
414 0.000000 2196
415 0.000000 2196
416 0.000000 2196
417 0.000000 2196
418 0.000000 2196
419 0.000000 2196
420 0.000000 2196
421 0.000000 2196
422 0.000000 2196
423 0.000000 2196
424 0.000000 2196
425 0.000000 2196
426 0.000000 2196
427 0.000000 2196
428 0.000000 2196
429 0.000000 2196
430 0.000000 2196
431 0.000000 2196
432 0.000000 2196
433 0.000000 2196
434 0.000000 2196
435 0.000000 2196
436 0.000000 2196
437 0.000000 2196
438 0.000000 2196
439 0.000000 2196
440 0.000000 2196
441 0.000000 2196
442 0.000000 2196
443 0.000000 2196
444 0.000000 2196
445 0.000000 2196
446 0.000000 2196
447 0.000000 2196
448 0.000000 2196
449 0.000000 2196
450 0.000000 2196
451 0.000000 2196
452 0.000000 2196
453 0.000000 2196
454 0.000000 2196
455 0.000000 2196
456 0.000000 2196
457 0.000000 2196
458 0.000000 2196
459 0.000000 2196
460 0.000000 2196
461 0.000000 2196
462 0.000000 2196
463 0.000000 2196
464 0.000000 2196
465 0.000000 2196
466 0.000000 2196
467 0.000000 2196
468 0.000000 2196
469 0.000000 2196
470 0.000000 2196
471 0.000000 2196
472 0.000000 2196
473 0.000000 2196
474 0.000000 2196
475 0.000000 2196
476 0.000000 2196
477 0.000000 2196
478 0.000000 2196
479 0.000000 2196
480 0.000000 2196
481 0.000000 2196
482 0.000000 2196
483 0.000000 2196
484 0.000000 2196
485 0.000000 2196
486 0.000000 2196
487 0.000000 2196
488 0.000000 2196
489 0.000000 2196
490 0.000000 2196
491 0.000000 2196
492 0.000000 2196
493 0.000000 2196
494 0.000000 2196
495 0.000000 2196
496 0.000000 2196
497 0.000000 2196
498 0.000000 2196
499 0.000000 2196
500 0.000000 2196
501 0.000000 2196
502 0.000000 2196
503 0.000000 2196
504 0.000000 2196
505 0.000000 2196
506 0.000000 2196
507 0.000000 2196
508 0.000000 2196
509 0.000000 2196
510 0.000000 2196
511 0.000000 2196
512 0.000000 2196
513 0.000000 2196
514 0.000000 2196
515 0.000000 2196
516 0.000000 2196
517 0.000000 2196
518 0.000000 2196
519 0.000000 2196
520 0.000000 2196
521 0.000000 2196
522 0.000000 2196
523 0.000000 2196
524 0.000000 2196
525 0.000000 2196
526 0.000000 2196
527 0.000000 2196
528 0.000000 2196
529 0.000000 2196
530 0.000000 2196
531 0.000000 2196
532 0.000000 2196
533 0.000000 2196
534 0.000000 2196
535 0.000000 2196
536 0.000000 2196
537 0.000000 2196
538 0.000000 2196
539 0.000000 2196
540 0.000000 2196
541 0.000000 2196
542 0.000000 2196
543 0.000000 2196
544 0.000000 2171
545 0.000000 2171
546 0.000000 2171
547 0.000000 2171
548 0.000000 2171
549 0.000000 2171
550 0.000000 2171
551 0.000000 2171
552 0.000000 2171
553 0.000000 2171
554 0.000000 2171
555 0.000000 2171
556 0.000000 2171
557 0.001000 2171
558 0.001000 2171
559 0.001000 2171
560 0.001000 2171
561 0.001000 2171
562 0.001000 2171
563 0.001000 2171
564 0.001000 2171
565 0.001000 2171
566 0.001000 2171
567 0.001000 2171
568 0.001000 2171
569 0.001000 2171
570 0.001000 2171
571 0.001000 2171
572 0.001000 2171
573 0.001000 2171
574 0.001000 2171
575 0.001000 2171
576 0.001000 2171
577 0.001000 2171
578 0.001000 2171
579 0.001000 2171
580 0.001000 2171
581 0.001000 2171
582 0.001000 2171
583 0.001000 2171
584 0.001000 2171
585 0.001000 2171
586 0.001000 2171
587 0.001000 2171
588 0.001000 2171
589 0.001000 2171
590 0.001000 2171
591 0.001000 2171
592 0.001000 2171
593 0.001000 2171
594 0.001000 2171
595 0.001000 2171
596 0.001000 2171
597 0.001000 2171
598 0.001000 2171
599 0.001000 2171
600 0.001000 2171
601 0.001000 2171
602 0.001000 2171
603 0.001000 2171
604 0.001000 2171
605 0.001000 2171
606 0.001000 2171
607 0.001000 2171
608 0.001000 2171
609 0.001000 2171
610 0.001000 2171
611 0.001000 2171
612 0.001000 2171
613 0.001000 2171
614 0.001000 2171
615 0.001000 2171
616 0.001000 2171
617 0.001000 2171
618 0.001000 2171
619 0.001000 2171
620 0.001000 2171
621 0.001000 2171
622 0.001000 2171
623 0.001000 2171
624 0.001000 2171
625 0.001000 2171
626 0.001000 2171
627 0.001000 2171
628 0.001000 2171
629 0.001000 2171
630 0.001000 2171
631 0.001000 2171
632 0.001000 2171
633 0.001000 2171
634 0.001000 2171
635 0.001000 2171
636 0.001000 2171
637 0.001000 2171
638 0.001000 2171
639 0.001000 2171
640 0.001000 2171
641 0.001000 2171
642 0.001000 2171
643 0.001000 2171
644 0.001000 2171
645 0.001000 2171
646 0.001000 2171
647 0.001000 2171
648 0.001000 2171
649 0.001000 2171
650 0.001000 2171
651 0.001000 2171
652 0.001000 2171
653 0.001000 2171
654 0.001000 2171
655 0.001000 2171
656 0.001000 2171
657 0.001000 2171
658 0.001000 2171
659 0.001000 2171
660 0.001000 2171
661 0.001000 2171
662 0.001000 2171
663 0.001000 2171
664 0.001000 2171
665 0.001000 2171
666 0.001000 2171
667 0.001000 2171
668 0.001000 2171
669 0.001000 2171
670 0.001000 2171
671 0.001000 2171
672 0.001000 2171
673 0.001000 2171
674 0.001000 2171
675 0.001000 2171
676 0.001000 2171
677 0.001000 2171
678 0.001000 2171
679 0.001000 2171
680 0.001000 2171
681 0.001000 2171
682 0.001000 2171
683 0.001000 2171
684 0.001000 2171
685 0.001000 2171
686 0.001000 2171
687 0.001000 2171
688 0.001000 2171
689 0.001000 2171
690 0.001000 2171
691 0.001000 2171
692 0.001000 2171
693 0.001000 2171
694 0.001000 2171
695 0.001000 2171
696 0.001000 2171
697 0.001000 2171
698 0.001000 2171
699 0.001000 2171
700 0.001000 2171
701 0.001000 2171
702 0.001000 2171
703 0.001000 2171
704 0.001000 2171
705 0.001000 2171
706 0.001000 2171
707 0.001000 2171
708 0.001000 2171
709 0.001000 2171
710 0.001000 2171
711 0.001000 2171
712 0.001000 2171
713 0.001000 2171
714 0.001000 2171
715 0.001000 2171
716 0.001000 2171
717 0.001000 2171
718 0.001000 2171
719 0.001000 2171
720 0.001000 2171
721 0.001000 2171
722 0.001000 2171
723 0.001000 2171
724 0.001000 2171
725 0.001000 2171
726 0.001000 2171
727 0.001000 2171
728 0.001000 2171
729 0.001000 2171
730 0.001000 2171
731 0.001000 2171
732 0.001000 2171
733 0.001000 2171
734 0.001000 2171
735 0.001000 2171
736 0.001000 2171
737 0.001000 2171
738 0.001000 2171
739 0.001000 2171
740 0.001000 2171
741 0.001000 2171
742 0.001000 2171
743 0.001000 2171
744 0.001000 2171
745 0.001000 2171
746 0.001000 2171
747 0.001000 2171
748 0.001000 2171
749 0.001000 2171
750 0.001000 2171
751 0.001000 2171
752 0.001000 2171
753 0.001000 2171
754 0.001000 2171
755 0.001000 2171
756 0.001000 2171
757 0.001000 2171
758 0.001000 2171
759 0.001000 2171
760 0.001000 2171
761 0.001000 2171
762 0.001000 2171
763 0.001000 2171
764 0.001000 2171
765 0.001000 2171
766 0.001000 2171
767 0.001000 2171
768 0.001000 2171
769 0.001000 2171
770 0.001000 2171
771 0.001000 2171
772 0.001000 2171
773 0.001000 2171
774 0.001000 2171
775 0.001000 2171
776 0.001000 2171
777 0.001000 2171
778 0.001000 2171
779 0.001000 2171
780 0.001000 2171
781 0.001000 2171
782 0.001000 2171
783 0.001000 2171
784 0.001000 2171
785 0.001000 2171
786 0.001000 2171
787 0.001000 2171
788 0.001000 2171
789 0.001000 2171
790 0.001000 2171
791 0.001000 2171
792 0.001000 2171
793 0.001000 2171
794 0.001000 2171
795 0.001000 2171
796 0.001000 2171
797 0.001000 2171
798 0.001000 2171
799 0.001000 2171
800 0.001000 2171
801 0.001000 2171
802 0.001000 2171
803 0.001000 2171
804 0.001000 2171
805 0.001000 2171
806 0.001000 2171
807 0.001000 2171
808 0.001000 2171
809 0.001000 2171
810 0.001000 2171
811 0.001000 2171
812 0.001000 2171
813 0.001000 2171
814 0.001000 2171
815 0.001000 2171
816 0.001000 2171
817 0.001000 2171
818 0.001000 2171
819 0.001000 2171
820 0.001000 2171
821 0.001000 2171
822 0.001000 2171
823 0.001000 2171
824 0.001000 2171
825 0.001000 2171
826 0.001000 2171
827 0.001000 2171
828 0.001000 2171
829 0.001000 2171
830 0.001000 2171
831 0.001000 2171
832 0.001000 2171
833 0.001000 2171
834 0.001000 2171
835 0.001000 2171
836 0.001000 2171
837 0.001000 2171
838 0.001000 2171
839 0.001000 2171
840 0.001000 2171
841 0.001000 2171
842 0.001000 2171
843 0.001000 2171
844 0.001000 2171
845 0.001000 2171
846 0.001000 2171
847 0.001000 2171
848 0.001000 2171
849 0.001000 2171
850 0.001000 2171
851 0.001000 2171
852 0.001000 2171
853 0.001000 2171
854 0.001000 2171
855 0.001000 2171
856 0.001000 2171
857 0.001000 2171
858 0.001000 2171
859 0.001000 2171
860 0.001000 2171
861 0.001000 2171
862 0.001000 2171
863 0.001000 2171
864 0.001000 2171
865 0.001000 2171
866 0.001000 2171
867 0.001000 2171
868 0.001000 2171
869 0.001000 2171
870 0.001000 2171
871 0.001000 2171
872 0.001000 2171
873 0.001000 2171
874 0.001000 2171
875 0.001000 2171
876 0.001000 2171
877 0.001000 2171
878 0.001000 2171
879 0.001000 2171
880 0.001000 2171
881 0.001000 2171
882 0.001000 2171
883 0.001000 2171
884 0.001000 2171
885 0.001000 2171
886 0.001000 2171
887 0.001000 2171
888 0.001000 2171
889 0.001000 2171
890 0.001000 2171
891 0.001000 2171
892 0.001000 2171
893 0.001000 2171
894 0.001000 2171
895 0.001000 2171
896 0.001000 2171
897 0.001000 2171
898 0.001000 2171
899 0.001000 2171
900 0.001000 2171
901 0.001000 2171
902 0.001000 2171
903 0.001000 2171
904 0.001000 2171
905 0.001000 2171
906 0.001000 2171
907 0.001000 2171
908 0.001000 2171
909 0.001000 2171
910 0.001000 2171
911 0.001000 2171
912 0.001000 2171
913 0.001000 2171
914 0.001000 2171
915 0.001000 2171
916 0.001000 2171
917 0.001000 2171
918 0.001000 2171
919 0.001000 2171
920 0.001000 2171
921 0.001000 2171
922 0.001000 2171
923 0.001000 2171
924 0.001000 2171
925 0.001000 2171
926 0.001000 2171
927 0.001000 2171
928 0.001000 2171
929 0.001000 2171
930 0.001000 2171
931 0.001000 2171
932 0.001000 2171
933 0.001000 2171
934 0.001000 2171
935 0.001000 2171
936 0.001000 2171
937 0.001000 2171
938 0.001000 2171
939 0.001000 2171
940 0.001000 2171
941 0.001000 2171
942 0.001000 2171
943 0.001000 2171
944 0.001000 2171
945 0.001000 2171
946 0.001000 2171
947 0.001000 2171
948 0.001000 2171
949 0.001000 2171
950 0.001000 2171
951 0.001000 2171
952 0.001000 2171
953 0.001000 2171
954 0.001000 2171
955 0.001000 2171
956 0.001000 2171
957 0.001000 2171
958 0.001000 2171
959 0.001000 2171
960 0.001000 2171
961 0.001000 2171
962 0.001000 2171
963 0.001000 2171
964 0.001000 2171
965 0.001000 2171
966 0.001000 2171
967 0.001000 2171
968 0.001000 2171
969 0.001000 2171
970 0.001000 2171
971 0.001000 2171
972 0.001000 2171
973 0.001000 2171
974 0.001000 2171
975 0.001000 2171
976 0.001000 2171
977 0.001000 2171
978 0.001000 2171
979 0.001000 2171
980 0.001000 2171
981 0.001000 2171
982 0.001000 2171
983 0.001000 2171
984 0.001000 2171
985 0.001000 2171
986 0.001000 2171
987 0.001000 2171
988 0.001000 2171
989 0.001000 2171
990 0.001000 2171
991 0.001000 2171
992 0.001000 2171
993 0.001000 2171
994 0.001000 2171
995 0.001000 2171
996 0.001000 2171
997 0.001000 2171
998 0.001000 2171
999 0.001000 2171
1000 0.001000 2171
1001 0.001000 2171
1002 0.001000 2171
1003 0.001000 2171
1004 0.001000 2171
1005 0.001000 2171
1006 0.001000 2171
1007 0.001000 2171
1008 0.001000 2171
1009 0.001000 2171
1010 0.001000 2171
1011 0.001000 2171
1012 0.001000 2171
1013 0.001000 2171
1014 0.001000 2171
1015 0.001000 2170
1016 0.001000 2170
1017 0.001000 2170
1018 0.001000 2170
1019 0.001000 2170
1020 0.001000 2170
1021 0.001000 2170
1022 0.001000 2170
1023 0.001000 2170
1024 0.001000 2170
1025 0.001000 2170
1026 0.001000 2170
1027 0.001000 2170
1028 0.001000 2170
1029 0.001000 2170
1030 0.001000 2170
1031 0.001000 2170
1032 0.001000 2170
1033 0.001000 2170
1034 0.001000 2170
1035 0.001000 2170
1036 0.001000 2170
1037 0.001000 2170
1038 0.001000 2170
1039 0.001000 2170
1040 0.001000 2170
1041 0.001000 2170
1042 0.001000 2170
1043 0.001000 2170
1044 0.001000 2170
1045 0.001000 2170
1046 0.001000 2170
1047 0.001000 2170
1048 0.001000 2170
1049 0.001000 2170
1050 0.001000 2170
1051 0.001000 2170
1052 0.001000 2170
1053 0.001000 2170
1054 0.001000 2170
1055 0.001000 2170
1056 0.001000 2170
1057 0.001000 2170
1058 0.001000 2170
1059 0.001000 2170
1060 0.001000 2170
1061 0.001000 2170
1062 0.001000 2170
1063 0.001000 2170
1064 0.001000 2170
1065 0.001000 2170
1066 0.001000 2170
1067 0.001000 2170
1068 0.001000 2170
1069 0.001000 2170
1070 0.001000 2170
1071 0.001000 2170
1072 0.001000 2170
1073 0.001000 2170
1074 0.001000 2170
1075 0.001000 2170
1076 0.001000 2170
1077 0.001000 2170
1078 0.001000 2170
1079 0.001000 2170
1080 0.001000 2170
1081 0.001000 2170
1082 0.001000 2170
1083 0.001000 2170
1084 0.001000 2170
1085 0.001000 2170
1086 0.001000 2170
1087 0.001000 2170
1088 0.001000 2170
1089 0.001000 2170
1090 0.001000 2170
1091 0.001000 2170
1092 0.001000 2170
1093 0.001000 2170
1094 0.001000 2170
1095 0.001000 2170
1096 0.001000 2170
1097 0.001000 2170
1098 0.001000 2170
1099 0.001000 2170
1100 0.001000 2170
1101 0.001000 2170
1102 0.001000 2170
1103 0.001000 2170
1104 0.001000 2170
1105 0.001000 2170
1106 0.001000 2170
1107 0.001000 2170
1108 0.001000 2170
1109 0.001000 2170
1110 0.001000 2170
1111 0.001000 2170
1112 0.001000 2170
1113 0.001000 2170
1114 0.001000 2170
1115 0.001000 2170
1116 0.001000 2170
1117 0.001000 2170
1118 0.001000 2170
1119 0.001000 2170
1120 0.001000 2170
1121 0.001000 2170
1122 0.001000 2170
1123 0.001000 2170
1124 0.001000 2170
1125 0.001000 2170
1126 0.001000 2170
1127 0.001000 2170
1128 0.001000 2170
1129 0.001000 2170
1130 0.001000 2170
1131 0.001000 2170
1132 0.001000 2170
1133 0.001000 2170
1134 0.001000 2170
1135 0.001000 2170
1136 0.001000 2170
1137 0.001000 2170
1138 0.001000 2170
1139 0.001000 2170
1140 0.001000 2170
1141 0.001000 2170
1142 0.001000 2170
1143 0.001000 2170
1144 0.001000 2170
1145 0.001000 2170
1146 0.001000 2170
1147 0.001000 2170
1148 0.001000 2170
1149 0.001000 2170
1150 0.001000 2170
1151 0.001000 2170
1152 0.001000 2170
1153 0.001000 2170
1154 0.001000 2170
1155 0.001000 2170
1156 0.001000 2170
1157 0.001000 2170
1158 0.001000 2170
1159 0.001000 2170
1160 0.001000 2170
1161 0.001000 2170
1162 0.001000 2170
1163 0.001000 2170
1164 0.001000 2170
1165 0.001000 2170
1166 0.001000 2170
1167 0.001000 2170
1168 0.001000 2170
1169 0.001000 2170
1170 0.001000 2170
1171 0.001000 2170
1172 0.001000 2170
1173 0.001000 2170
1174 0.001000 2170
1175 0.001000 2170
1176 0.001000 2170
1177 0.001000 2170
1178 0.001000 2170
1179 0.001000 2170
1180 0.001000 2170
1181 0.001000 2170
1182 0.001000 2170
1183 0.001000 2170
1184 0.001000 2170
1185 0.001000 2170
1186 0.001000 2170
1187 0.001000 2170
1188 0.001000 2170
1189 0.001000 2170
1190 0.001000 2170
1191 0.001000 2170
1192 0.002000 2170
1193 0.002000 2170
1194 0.002000 2170
1195 0.002000 2170
1196 0.002000 2170
1197 0.002000 2170
1198 0.002000 2170
1199 0.002000 2170
1200 0.002000 2170
1201 0.002000 2170
1202 0.002000 2170
1203 0.002000 2170
1204 0.002000 2170
1205 0.002000 2170
1206 0.002000 2170
1207 0.002000 2170
1208 0.002000 2170
1209 0.002000 2170
1210 0.002000 2170
1211 0.002000 2170
1212 0.002000 2170
1213 0.002000 2170
1214 0.002000 2170
1215 0.002000 2170
1216 0.002000 2170
1217 0.002000 2170
1218 0.002000 2170
1219 0.002000 2170
1220 0.002000 2170
1221 0.002000 2170
1222 0.002000 2170
1223 0.002000 2170
1224 0.002000 2170
1225 0.002000 2170
1226 0.002000 2170
1227 0.002000 2170
1228 0.002000 2170
1229 0.002000 2170
1230 0.002000 2170
1231 0.002000 2170
1232 0.002000 2170
1233 0.002000 2170
1234 0.002000 2170
1235 0.002000 2170
1236 0.002000 2170
1237 0.002000 2170
1238 0.002000 2170
1239 0.002000 2170
1240 0.002000 2170
1241 0.002000 2170
1242 0.002000 2170
1243 0.002000 2170
1244 0.002000 2170
1245 0.002000 2170
1246 0.002000 2170
1247 0.002000 2170
1248 0.002000 2170
1249 0.002000 2170
1250 0.002000 2170
1251 0.002000 2170
1252 0.002000 2170
1253 0.002000 2170
1254 0.002000 2170
1255 0.002000 2170
1256 0.002000 2170
1257 0.002000 2170
1258 0.002000 2170
1259 0.002000 2170
1260 0.002000 2170
1261 0.002000 2170
1262 0.002000 2170
1263 0.002000 2170
1264 0.002000 2170
1265 0.002000 2170
1266 0.002000 2170
1267 0.002000 2170
1268 0.002000 2170
1269 0.002000 2170
1270 0.002000 2170
1271 0.002000 2170
1272 0.002000 2170
1273 0.002000 2170
1274 0.002000 2170
1275 0.002000 2170
1276 0.002000 2170
1277 0.002000 2170
1278 0.002000 2170
1279 0.002000 2170
1280 0.002000 2170
1281 0.002000 2170
1282 0.002000 2170
1283 0.002000 2170
1284 0.002000 2170
1285 0.002000 2170
1286 0.002000 2170
1287 0.002000 2170
1288 0.002000 2170
1289 0.002000 2170
1290 0.002000 2170
1291 0.002000 2170
1292 0.002000 2170
1293 0.002000 2170
1294 0.002000 2170
1295 0.002000 2170
1296 0.002000 2170
1297 0.002000 2170
1298 0.002000 2170
1299 0.002000 2170
1300 0.002000 2170
1301 0.002000 2170
1302 0.002000 2170
1303 0.002000 2170
1304 0.002000 2170
1305 0.002000 2170
1306 0.002000 2170
1307 0.002000 2170
1308 0.002000 2170
1309 0.002000 2170
1310 0.002000 2170
1311 0.002000 2170
1312 0.002000 2170
1313 0.002000 2170
1314 0.002000 2170
1315 0.002000 2170
1316 0.002000 2170
1317 0.002000 2170
1318 0.002000 2170
1319 0.002000 2170
1320 0.002000 2170
1321 0.002000 2170
1322 0.002000 2170
1323 0.002000 2170
1324 0.002000 2170
1325 0.002000 2170
1326 0.002000 2170
1327 0.002000 2170
1328 0.002000 2170
1329 0.002000 2170
1330 0.002000 2170
1331 0.002000 2170
1332 0.002000 2170
1333 0.002000 2170
1334 0.002000 2170
1335 0.002000 2170
1336 0.002000 2170
1337 0.002000 2170
1338 0.002000 2170
1339 0.002000 2170
1340 0.002000 2170
1341 0.002000 2170
1342 0.002000 2170
1343 0.002000 2170
1344 0.002000 2170
1345 0.002000 2170
1346 0.002000 2170
1347 0.002000 2170
1348 0.002000 2170
1349 0.002000 2170
1350 0.002000 2170
1351 0.002000 2170
1352 0.002000 2170
1353 0.002000 2170
1354 0.002000 2170
1355 0.002000 2170
1356 0.002000 2170
1357 0.002000 2170
1358 0.002000 2170
1359 0.002000 2170
1360 0.002000 2170
1361 0.002000 2170
1362 0.002000 2170
1363 0.002000 2170
1364 0.002000 2170
1365 0.002000 2170
1366 0.002000 2170
1367 0.002000 2170
1368 0.002000 2170
1369 0.002000 2170
1370 0.002000 2170
1371 0.002000 2170
1372 0.002000 2170
1373 0.002000 2170
1374 0.002000 2170
1375 0.002000 2170
1376 0.002000 2170
1377 0.002000 2170
1378 0.002000 2170
1379 0.002000 2170
1380 0.002000 2170
1381 0.002000 2170
1382 0.002000 2170
1383 0.002000 2170
1384 0.002000 2170
1385 0.002000 2170
1386 0.002000 2170
1387 0.002000 2170
1388 0.002000 2170
1389 0.002000 2170
1390 0.002000 2170
1391 0.002000 2170
1392 0.002000 2170
1393 0.002000 2170
1394 0.002000 2170
1395 0.002000 2170
1396 0.002000 2170
1397 0.002000 2170
1398 0.002000 2170
1399 0.002000 2170
1400 0.002000 2170
1401 0.002000 2170
1402 0.002000 2170
1403 0.002000 2170
1404 0.002000 2170
1405 0.002000 2170
1406 0.002000 2170
1407 0.002000 2170
1408 0.002000 2170
1409 0.002000 2170
1410 0.002000 2170
1411 0.002000 2170
1412 0.002000 2170
1413 0.002000 2170
1414 0.002000 2170
1415 0.002000 2170
1416 0.002000 2170
1417 0.002000 2170
1418 0.002000 2170
1419 0.002000 2170
1420 0.002000 2170
1421 0.002000 2170
1422 0.002000 2170
1423 0.002000 2170
1424 0.002000 2170
1425 0.002000 2170
1426 0.002000 2170
1427 0.002000 2170
1428 0.002000 2170
1429 0.002000 2170
1430 0.002000 2170
1431 0.002000 2170
1432 0.002000 2170
1433 0.002000 2170
1434 0.002000 2170
1435 0.002000 2170
1436 0.002000 2170
1437 0.002000 2170
1438 0.002000 2170
1439 0.002000 2170
1440 0.002000 2170
1441 0.002000 2170
1442 0.002000 2170
1443 0.002000 2170
1444 0.002000 2170
1445 0.002000 2170
1446 0.002000 2170
1447 0.002000 2170
1448 0.002000 2170
1449 0.002000 2170
1450 0.002000 2170
1451 0.002000 2170
1452 0.002000 2170
1453 0.002000 2170
1454 0.002000 2170
1455 0.002000 2170
1456 0.002000 2170
1457 0.002000 2170
1458 0.002000 2170
1459 0.002000 2170
1460 0.002000 2170
1461 0.002000 2170
1462 0.002000 2170
1463 0.002000 2170
1464 0.002000 2170
1465 0.002000 2170
1466 0.002000 2170
1467 0.002000 2170
1468 0.002000 2170
1469 0.002000 2170
1470 0.002000 2170
1471 0.002000 2170
1472 0.002000 2170
1473 0.002000 2170
1474 0.002000 2170
1475 0.002000 2170
1476 0.002000 2170
1477 0.002000 2170
1478 0.002000 2170
1479 0.002000 2170
1480 0.002000 2170
1481 0.002000 2170
1482 0.002000 2170
1483 0.002000 2170
1484 0.002000 2170
1485 0.002000 2170
1486 0.002000 2170
1487 0.002000 2170
1488 0.002000 2170
1489 0.002000 2170
1490 0.002000 2170
1491 0.002000 2170
1492 0.002000 2170
1493 0.002000 2170
1494 0.002000 2170
1495 0.002000 2170
1496 0.002000 2170
1497 0.002000 2170
1498 0.002000 2170
1499 0.002000 2170
1500 0.002000 2170
1501 0.002000 2170
1502 0.002000 2170
1503 0.002000 2170
1504 0.002000 2170
1505 0.002000 2170
1506 0.002000 2170
1507 0.002000 2170
1508 0.002000 2170
1509 0.002000 2170
1510 0.002000 2170
1511 0.002000 2170
1512 0.002000 2170
1513 0.002000 2170
1514 0.002000 2170
1515 0.002000 2170
1516 0.002000 2170
1517 0.002000 2170
1518 0.002000 2170
1519 0.002000 2170
1520 0.002000 2170
1521 0.002000 2170
1522 0.002000 2170
1523 0.002000 2170
1524 0.002000 2170
1525 0.002000 2170
1526 0.002000 2170
1527 0.002000 2170
1528 0.002000 2170
1529 0.002000 2170
1530 0.002000 2170
1531 0.002000 2170
1532 0.002000 2170
1533 0.002000 2170
1534 0.002000 2170
1535 0.002000 2170
1536 0.002000 2170
1537 0.002000 2170
1538 0.002000 2170
1539 0.002000 2170
1540 0.002000 2170
1541 0.002000 2170
1542 0.002000 2170
1543 0.002000 2170
1544 0.002000 2170
1545 0.002000 2170
1546 0.002000 2170
1547 0.002000 2170
1548 0.002000 2170
1549 0.002000 2170
1550 0.002000 2170
1551 0.002000 2170
1552 0.002000 2170
1553 0.002000 2170
1554 0.002000 2170
1555 0.002000 2170
1556 0.002000 2170
1557 0.002000 2170
1558 0.002000 2170
1559 0.002000 2170
1560 0.002000 2170
1561 0.002000 2170
1562 0.002000 2170
1563 0.002000 2170
1564 0.002000 2170
1565 0.002000 2170
1566 0.002000 2170
1567 0.002000 2170
1568 0.002000 2170
1569 0.002000 2170
1570 0.002000 2170
1571 0.002000 2170
1572 0.002000 2170
1573 0.002000 2170
1574 0.002000 2170
1575 0.002000 2170
1576 0.002000 2170
1577 0.002000 2170
1578 0.002000 2170
1579 0.002000 2170
1580 0.002000 2170
1581 0.002000 2170
1582 0.002000 2170
1583 0.002000 2170
1584 0.002000 2170
1585 0.002000 2170
1586 0.002000 2170
1587 0.002000 2170
1588 0.002000 2170
1589 0.002000 2170
1590 0.002000 2170
1591 0.002000 2170
1592 0.002000 2170
1593 0.002000 2170
1594 0.002000 2170
1595 0.002000 2170
1596 0.002000 2170
1597 0.002000 2170
1598 0.002000 2170
1599 0.002000 2170
1600 0.002000 2170
1601 0.002000 2170
1602 0.002000 2170
1603 0.002000 2170
1604 0.002000 2170
1605 0.002000 2170
1606 0.002000 2170
1607 0.002000 2170
1608 0.002000 2170
1609 0.002000 2170
1610 0.002000 2170
1611 0.002000 2170
1612 0.002000 2170
1613 0.002000 2170
1614 0.002000 2170
1615 0.002000 2170
1616 0.002000 2170
1617 0.002000 2170
1618 0.002000 2170
1619 0.002000 2170
1620 0.002000 2170
1621 0.002000 2170
1622 0.002000 2170
1623 0.002000 2170
1624 0.002000 2170
1625 0.002000 2170
1626 0.002000 2170
1627 0.002000 2170
1628 0.002000 2170
1629 0.002000 2170
1630 0.002000 2170
1631 0.002000 2170
1632 0.002000 2170
1633 0.002000 2170
1634 0.002000 2170
1635 0.002000 2170
1636 0.002000 2170
1637 0.002000 2170
1638 0.002000 2170
1639 0.002000 2170
1640 0.002000 2170
1641 0.002000 2170
1642 0.002000 2170
1643 0.002000 2170
1644 0.002000 2170
1645 0.002000 2170
1646 0.002000 2170
1647 0.002000 2170
1648 0.002000 2170
1649 0.002000 2170
1650 0.002000 2170
1651 0.002000 2170
1652 0.002000 2170
1653 0.002000 2170
1654 0.002000 2170
1655 0.002000 2170
1656 0.002000 2170
1657 0.002000 2170
1658 0.002000 2170
1659 0.002000 2170
1660 0.002000 2170
1661 0.002000 2170
1662 0.002000 2170
1663 0.002000 2170
1664 0.002000 2170
1665 0.002000 2170
1666 0.002000 2170
1667 0.002000 2170
1668 0.002000 2170
1669 0.002000 2170
1670 0.002000 2170
1671 0.002000 2170
1672 0.002000 2170
1673 0.002000 2170
1674 0.002000 2170
1675 0.002000 2170
1676 0.002000 2170
1677 0.002000 2170
1678 0.002000 2170
1679 0.002000 2170
1680 0.002000 2170
1681 0.002000 2170
1682 0.002000 2170
1683 0.002000 2170
1684 0.002000 2170
1685 0.002000 2170
1686 0.002000 2170
1687 0.002000 2170
1688 0.002000 2170
1689 0.002000 2170
1690 0.002000 2170
1691 0.002000 2170
1692 0.002000 2170
1693 0.002000 2170
1694 0.002000 2170
1695 0.002000 2170
1696 0.002000 2170
1697 0.002000 2170
1698 0.002000 2170
1699 0.002000 2170
1700 0.002000 2170
1701 0.002000 2170
1702 0.002000 2170
1703 0.002000 2170
1704 0.002000 2170
1705 0.002000 2170
1706 0.002000 2170
1707 0.002000 2170
1708 0.002000 2170
1709 0.002000 2170
1710 0.002000 2170
1711 0.002000 2170
1712 0.002000 2170
1713 0.002000 2170
1714 0.002000 2170
1715 0.002000 2170
1716 0.002000 2170
1717 0.002000 2170
1718 0.002000 2170
1719 0.002000 2170
1720 0.002000 2170
1721 0.002000 2170
1722 0.002000 2170
1723 0.002000 2170
1724 0.002000 2170
1725 0.002000 2170
1726 0.002000 2170
1727 0.002000 2170
1728 0.002000 2170
1729 0.002000 2170
1730 0.002000 2170
1731 0.002000 2170
1732 0.002000 2170
1733 0.002000 2170
1734 0.002000 2170
1735 0.002000 2170
1736 0.002000 2170
1737 0.002000 2170
1738 0.002000 2170
1739 0.002000 2170
1740 0.002000 2170
1741 0.002000 2170
1742 0.002000 2170
1743 0.002000 2170
1744 0.002000 2170
1745 0.002000 2170
1746 0.002000 2170
1747 0.002000 2170
1748 0.002000 2170
1749 0.002000 2170
1750 0.002000 2170
1751 0.002000 2170
1752 0.002000 2170
1753 0.002000 2170
1754 0.002000 2170
1755 0.002000 2170
1756 0.002000 2170
1757 0.002000 2170
1758 0.002000 2170
1759 0.002000 2170
1760 0.002000 2170
1761 0.002000 2170
1762 0.002000 2170
1763 0.002000 2170
1764 0.002000 2170
1765 0.002000 2170
1766 0.002000 2170
1767 0.002000 2170
1768 0.002000 2170
1769 0.002000 2170
1770 0.002000 2170
1771 0.002000 2170
1772 0.002000 2170
1773 0.002000 2170
1774 0.002000 2170
1775 0.002000 2170
1776 0.002000 2170
1777 0.002000 2170
1778 0.002000 2170
1779 0.002000 2170
1780 0.002000 2170
1781 0.002000 2170
1782 0.002000 2170
1783 0.002000 2170
1784 0.002000 2170
1785 0.002000 2170
1786 0.002000 2170
1787 0.002000 2170
1788 0.002000 2170
1789 0.002000 2170
1790 0.002000 2170
1791 0.002000 2170
1792 0.002000 2170
1793 0.002000 2170
1794 0.002000 2170
1795 0.002000 2170
1796 0.002000 2170
1797 0.002000 2170
1798 0.002000 2170
1799 0.002000 2170
1800 0.002000 2170
1801 0.002000 2170
1802 0.002000 2170
1803 0.002000 2170
1804 0.002000 2170
1805 0.002000 2170
1806 0.002000 2170
1807 0.002000 2170
1808 0.002000 2170
1809 0.002000 2170
1810 0.002000 2170
1811 0.002000 2170
1812 0.002000 2170
1813 0.002000 2170
1814 0.002000 2170
1815 0.002000 2170
1816 0.002000 2170
1817 0.002000 2170
1818 0.002000 2170
1819 0.002000 2170
1820 0.002000 2170
1821 0.002000 2170
1822 0.002000 2170
1823 0.002000 2170
1824 0.002000 2170
1825 0.002000 2170
1826 0.002000 2170
1827 0.002000 2170
1828 0.002000 2170
1829 0.002000 2170
1830 0.002000 2170
1831 0.002000 2170
1832 0.002000 2170
1833 0.002000 2170
1834 0.002000 2170
1835 0.002000 2170
1836 0.002000 2170
1837 0.002000 2170
1838 0.002000 2170
1839 0.002000 2170
1840 0.002000 2170
1841 0.002000 2170
1842 0.002000 2170
1843 0.002000 2170
1844 0.002000 2170
1845 0.002000 2170
1846 0.002000 2170
1847 0.002000 2170
1848 0.002000 2170
1849 0.002000 2170
1850 0.002000 2170
1851 0.002000 2170
1852 0.002000 2170
1853 0.002000 2170
1854 0.002000 2170
1855 0.002000 2170
1856 0.002000 2170
1857 0.002000 2170
1858 0.002000 2170
1859 0.002000 2170
1860 0.002000 2170
1861 0.002000 2170
1862 0.002000 2170
1863 0.002000 2170
1864 0.002000 2170
1865 0.002000 2170
1866 0.002000 2170
1867 0.002000 2170
1868 0.002000 2170
1869 0.002000 2170
1870 0.002000 2170
1871 0.002000 2170
1872 0.002000 2170
1873 0.002000 2170
1874 0.002000 2170
1875 0.002000 2170
1876 0.002000 2170
1877 0.002000 2170
1878 0.002000 2170
1879 0.002000 2170
1880 0.002000 2170
1881 0.002000 2170
1882 0.002000 2170
1883 0.002000 2170
1884 0.002000 2170
1885 0.002000 2170
1886 0.002000 2170
1887 0.002000 2170
1888 0.002000 2170
1889 0.002000 2170
1890 0.002000 2170
1891 0.002000 2170
1892 0.002000 2170
1893 0.002000 2170
1894 0.002000 2170
1895 0.002000 2170
1896 0.002000 2170
1897 0.002000 2170
1898 0.002000 2170
1899 0.002000 2170
1900 0.002000 2170
1901 0.002000 2170
1902 0.002000 2170
1903 0.002000 2170
1904 0.002000 2170
1905 0.002000 2170
1906 0.002000 2170
1907 0.002000 2170
1908 0.002000 2170
1909 0.002000 2170
1910 0.002000 2170
1911 0.002000 2170
1912 0.002000 2170
1913 0.002000 2170
1914 0.002000 2170
1915 0.002000 2170
1916 0.002000 2170
1917 0.002000 2170
1918 0.002000 2170
1919 0.002000 2170
1920 0.002000 2170
1921 0.002000 2170
1922 0.002000 2170
1923 0.002000 2170
1924 0.002000 2170
1925 0.002000 2170
1926 0.002000 2170
1927 0.002000 2170
1928 0.002000 2170
1929 0.002000 2170
1930 0.002000 2170
1931 0.002000 2170
1932 0.002000 2170
1933 0.002000 2170
1934 0.002000 2170
1935 0.002000 2170
1936 0.002000 2170
1937 0.002000 2170
1938 0.002000 2170
1939 0.002000 2170
1940 0.002000 2170
1941 0.002000 2170
1942 0.002000 2170
1943 0.002000 2170
1944 0.002000 2170
1945 0.002000 2170
1946 0.002000 2170
1947 0.002000 2170
1948 0.002000 2170
1949 0.002000 2170
1950 0.002000 2170
1951 0.002000 2170
1952 0.002000 2170
1953 0.002000 2170
1954 0.002000 2170
1955 0.002000 2170
1956 0.002000 2170
1957 0.002000 2170
1958 0.002000 2170
1959 0.002000 2170
1960 0.002000 2170
1961 0.002000 2170
1962 0.002000 2170
1963 0.002000 2170
1964 0.002000 2170
1965 0.002000 2170
1966 0.002000 2170
1967 0.002000 2170
1968 0.002000 2170
1969 0.002000 2170
1970 0.002000 2170
1971 0.002000 2170
1972 0.002000 2170
1973 0.002000 2170
1974 0.002000 2170
1975 0.002000 2170
1976 0.002000 2170
1977 0.002000 2170
1978 0.002000 2170
1979 0.002000 2170
1980 0.002000 2170
1981 0.002000 2170
1982 0.002000 2170
1983 0.002000 2170
1984 0.002000 2170
1985 0.002000 2170
1986 0.002000 2170
1987 0.002000 2170
1988 0.002000 2170
1989 0.002000 2170
1990 0.002000 2170
1991 0.002000 2170
1992 0.002000 2170
1993 0.002000 2170
1994 0.002000 2170
1995 0.002000 2170
1996 0.002000 2170
1997 0.002000 2170
1998 0.002000 2170
1999 0.002000 2170
2000 0.002000 2170
2001 0.002000 2170
2002 0.002000 2170
2003 0.002000 2170
2004 0.002000 2170
2005 0.002000 2170
2006 0.002000 2170
2007 0.002000 2170
2008 0.002000 2170
2009 0.002000 2170
2010 0.002000 2170
2011 0.002000 2170
2012 0.002000 2170
2013 0.002000 2170
2014 0.002000 2170
2015 0.002000 2170
2016 0.002000 2170
2017 0.002000 2170
2018 0.002000 2170
2019 0.002000 2170
2020 0.002000 2170
2021 0.002000 2170
2022 0.002000 2170
2023 0.002000 2170
2024 0.002000 2170
2025 0.002000 2170
2026 0.002000 2170
2027 0.002000 2170
2028 0.002000 2170
2029 0.002000 2170
2030 0.002000 2170
2031 0.002000 2170
2032 0.002000 2170
2033 0.002000 2170
2034 0.002000 2170
2035 0.002000 2170
2036 0.002000 2170
2037 0.002000 2170
2038 0.002000 2170
2039 0.002000 2170
2040 0.002000 2170
2041 0.002000 2170
2042 0.002000 2170
2043 0.002000 2170
2044 0.002000 2170
2045 0.002000 2170
2046 0.002000 2170
2047 0.002000 2170
2048 0.002000 2170
2049 0.002000 2170
2050 0.002000 2170
2051 0.002000 2170
2052 0.002000 2170
2053 0.002000 2170
2054 0.002000 2170
2055 0.002000 2170
2056 0.002000 2170
2057 0.002000 2170
2058 0.002000 2170
2059 0.002000 2170
2060 0.002000 2170
2061 0.002000 2170
2062 0.002000 2170
2063 0.002000 2170
2064 0.002000 2170
2065 0.002000 2170
2066 0.002000 2170
2067 0.002000 2170
2068 0.002000 2170
2069 0.002000 2170
2070 0.002000 2170
2071 0.002000 2170
2072 0.002000 2170
2073 0.002000 2170
2074 0.002000 2170
2075 0.002000 2170
2076 0.002000 2170
2077 0.002000 2170
2078 0.002000 2170
2079 0.002000 2170
2080 0.002000 2170
2081 0.002000 2170
2082 0.002000 2170
2083 0.002000 2170
2084 0.002000 2170
2085 0.002000 2170
2086 0.002000 2170
2087 0.002000 2170
2088 0.002000 2170
2089 0.002000 2170
2090 0.002000 2170
2091 0.002000 2170
2092 0.002000 2170
2093 0.002000 2170
2094 0.002000 2170
2095 0.002000 2170
2096 0.002000 2170
2097 0.002000 2170
2098 0.002000 2170
2099 0.002000 2170
2100 0.002000 2170
2101 0.002000 2170
2102 0.002000 2170
2103 0.002000 2170
2104 0.002000 2170
2105 0.002000 2170
2106 0.002000 2170
2107 0.002000 2170
2108 0.002000 2170
2109 0.002000 2170
2110 0.002000 2170
2111 0.002000 2170
2112 0.002000 2170
2113 0.002000 2170
2114 0.002000 2170
2115 0.002000 2170
2116 0.002000 2170
2117 0.002000 2170
2118 0.002000 2170
2119 0.002000 2170
2120 0.002000 2170
2121 0.002000 2170
2122 0.002000 2170
2123 0.002000 2170
2124 0.002000 2170
2125 0.002000 2170
2126 0.002000 2170
2127 0.002000 2170
2128 0.002000 2170
2129 0.002000 2170
2130 0.002000 2170
2131 0.002000 2170
2132 0.002000 2170
2133 0.002000 2170
2134 0.002000 2170
2135 0.002000 2170
2136 0.002000 2170
2137 0.002000 2170
2138 0.002000 2170
2139 0.002000 2170
2140 0.002000 2170
2141 0.002000 2170
2142 0.002000 2170
2143 0.002000 2170
2144 0.002000 2048
2145 0.002000 2048
2146 0.002000 2048
2147 0.002000 2048
2148 0.002000 2048
2149 0.002000 2048
2150 0.002000 2048
2151 0.002000 2048
2152 0.002000 2048
2153 0.002000 2048
2154 0.002000 2048
2155 0.002000 2048
2156 0.002000 2048
2157 0.002000 2048
2158 0.002000 2048
2159 0.002000 2048
2160 0.002000 2048
2161 0.002000 2048
2162 0.002000 2048
2163 0.002000 2048
2164 0.002000 2048
2165 0.002000 2048
2166 0.002000 2048
2167 0.002000 2048
2168 0.002000 2048
2169 0.002000 2048
2170 0.002000 2048
2171 0.002000 2048
2172 0.002000 2048
2173 0.002000 2048
2174 0.002000 2048
2175 0.002000 2048
2176 0.002000 2048
2177 0.002000 2048
2178 0.002000 2048
2179 0.002000 2048
2180 0.002000 2048
2181 0.002000 2048
2182 0.002000 2048
2183 0.002000 2048
2184 0.002000 2048
2185 0.002000 2048
2186 0.002000 2048
2187 0.002000 2048
2188 0.002000 2048
2189 0.002000 2048
2190 0.002000 2048
2191 0.002000 2048
2192 0.002000 2048
2193 0.002000 2048
2194 0.002000 2048
2195 0.002000 2048
2196 0.002000 2048
2197 0.002000 2048
2198 0.002000 2048
2199 0.002000 2048
2200 0.002000 2048
2201 0.002000 2048
2202 0.002000 2048
2203 0.002000 2048
2204 0.002000 2048
2205 0.002000 2048
2206 0.002000 2048
2207 0.002000 2048
2208 0.002000 2048
2209 0.002000 2048
2210 0.002000 2048
2211 0.002000 2048
2212 0.002000 2048
2213 0.002000 2048
2214 0.002000 2048
2215 0.002000 2048
2216 0.002000 2048
2217 0.002000 2048
2218 0.002000 2048
2219 0.002000 2048
2220 0.002000 2048
2221 0.002000 2048
2222 0.002000 2048
2223 0.002000 2048
2224 0.002000 2048
2225 0.002000 2048
2226 0.002000 2048
2227 0.002000 2048
2228 0.002000 2048
2229 0.002000 2048
2230 0.002000 2048
2231 0.002000 2048
2232 0.002000 2048
2233 0.002000 2048
2234 0.002000 2048
2235 0.002000 2048
2236 0.002000 2048
2237 0.002000 2048
2238 0.002000 2048
2239 0.002000 2048
2240 0.002000 2048
2241 0.002000 2048
2242 0.002000 2048
2243 0.002000 2048
2244 0.002000 2048
2245 0.002000 2048
2246 0.002000 2048
2247 0.002000 2048
2248 0.002000 2048
2249 0.002000 2048
2250 0.002000 2048
2251 0.002000 2048
2252 0.002000 2048
2253 0.002000 2048
2254 0.002000 2048
2255 0.002000 2048
2256 0.002000 2048
2257 0.002000 2048
2258 0.002000 2048
2259 0.002000 2048
2260 0.002000 2048
2261 0.002000 2048
2262 0.002000 2048
2263 0.002000 2048
2264 0.002000 2048
2265 0.002000 2048
2266 0.002000 2048
2267 0.002000 2048
2268 0.002000 2048
2269 0.002000 2048
2270 0.002000 2048
2271 0.002000 2048
2272 0.002000 2048
2273 0.002000 2048
2274 0.002000 2048
2275 0.002000 2048
2276 0.002000 2048
2277 0.002000 2048
2278 0.002000 2048
2279 0.002000 2048
2280 0.002000 2048
2281 0.002000 2048
2282 0.002000 2048
2283 0.002000 2048
2284 0.002000 2048
2285 0.002000 2048
2286 0.002000 2048
2287 0.002000 2048
2288 0.002000 2048
2289 0.002000 2048
2290 0.002000 2048
2291 0.002000 2048
2292 0.002000 2048
2293 0.002000 2048
2294 0.002000 2048
2295 0.002000 2048
2296 0.002000 2048
2297 0.002000 2048
2298 0.002000 2048
2299 0.002000 2048
2300 0.002000 2048
2301 0.002000 2048
2302 0.002000 2048
2303 0.002000 2048
2304 0.002000 2048
2305 0.002000 2048
2306 0.002000 2048
2307 0.002000 2048
2308 0.002000 2048
2309 0.002000 2048
2310 0.002000 2048
2311 0.002000 2048
2312 0.002000 2048
2313 0.002000 2048
2314 0.002000 2048
2315 0.002000 2048
2316 0.002000 2048
2317 0.002000 2048
2318 0.002000 2048
2319 0.002000 2048
2320 0.002000 2048
2321 0.002000 2048
2322 0.002000 2048
2323 0.002000 2048
2324 0.002000 2048
2325 0.002000 2048
2326 0.002000 2048
2327 0.002000 2048
2328 0.002000 2048
2329 0.002000 2048
2330 0.002000 2048
2331 0.002000 2048
2332 0.002000 2048
2333 0.002000 2048
2334 0.002000 2048
2335 0.002000 2048
2336 0.002000 2048
2337 0.002000 2048
2338 0.002000 2048
2339 0.002000 2048
2340 0.002000 2048
2341 0.002000 2048
2342 0.002000 2048
2343 0.002000 2048
2344 0.002000 2048
2345 0.002000 2048
2346 0.002000 2048
2347 0.002000 2048
2348 0.002000 2048
2349 0.002000 2048
2350 0.002000 2048
2351 0.002000 2048
2352 0.002000 2048
2353 0.002000 2048
2354 0.002000 2048
2355 0.002000 2048
2356 0.002000 2048
2357 0.002000 2048
2358 0.002000 2048
2359 0.002000 2048
2360 0.002000 2048
2361 0.002000 2048
2362 0.002000 2048
2363 0.002000 2048
2364 0.002000 2048
2365 0.002000 2048
2366 0.002000 2048
2367 0.002000 2048
2368 0.002000 2048
2369 0.002000 2048
2370 0.002000 2048
2371 0.002000 2048
2372 0.002000 2048
2373 0.002000 2048
2374 0.002000 2048
2375 0.002000 2048
2376 0.002000 2048
2377 0.002000 2048
2378 0.002000 2048
2379 0.002000 2048
2380 0.002000 2048
2381 0.002000 2048
2382 0.002000 2048
2383 0.002000 2048
2384 0.002000 2048
2385 0.002000 2048
2386 0.002000 2048
2387 0.002000 2048
2388 0.002000 2048
2389 0.002000 2048
2390 0.002000 2048
2391 0.002000 2048
2392 0.002000 2048
2393 0.002000 2048
2394 0.002000 2048
2395 0.002000 2048
2396 0.002000 2048
2397 0.002000 2048
2398 0.002000 2048
2399 0.002000 2048
2400 0.002000 2048
2401 0.002000 2048
2402 0.002000 2048
2403 0.002000 2048
2404 0.002000 2048
2405 0.002000 2048
2406 0.002000 2048
2407 0.002000 2048
2408 0.002000 2048
2409 0.002000 2048
2410 0.002000 2048
2411 0.002000 2048
2412 0.002000 2048
2413 0.002000 2048
2414 0.002000 2048
2415 0.002000 2048
2416 0.002000 2048
2417 0.002000 2048
2418 0.002000 2048
2419 0.002000 2048
2420 0.002000 2048
2421 0.002000 2048
2422 0.002000 2048
2423 0.002000 2048
2424 0.002000 2048
2425 0.002000 2048
2426 0.002000 2048
2427 0.002000 2048
2428 0.002000 2048
2429 0.002000 2048
2430 0.002000 2048
2431 0.002000 2048
2432 0.002000 2048
2433 0.002000 2048
2434 0.002000 2048
2435 0.002000 2048
2436 0.002000 2048
2437 0.002000 2048
2438 0.002000 2048
2439 0.002000 2048
2440 0.002000 2048
2441 0.002000 2048
2442 0.002000 2048
2443 0.002000 2048
2444 0.002000 2048
2445 0.002000 2048
2446 0.002000 2048
2447 0.002000 2048
2448 0.002000 2048
2449 0.002000 2048
2450 0.002000 2048
2451 0.002000 2048
2452 0.002000 2048
2453 0.002000 2048
2454 0.002000 2048
2455 0.002000 2048
2456 0.002000 2048
2457 0.002000 2048
2458 0.002000 2048
2459 0.002000 2048
2460 0.002000 2048
2461 0.002000 2048
2462 0.002000 2048
2463 0.002000 2048
2464 0.002000 2048
2465 0.002000 2048
2466 0.002000 2048
2467 0.002000 2048
2468 0.002000 2048
2469 0.002000 2048
2470 0.002000 2048
2471 0.002000 2048
2472 0.002000 2048
2473 0.002000 2048
2474 0.002000 2048
2475 0.002000 2048
2476 0.002000 2048
2477 0.002000 2048
2478 0.002000 2048
2479 0.002000 2048
2480 0.002000 2048
2481 0.002000 2048
2482 0.002000 2048
2483 0.002000 2048
2484 0.002000 2048
2485 0.002000 2048
2486 0.002000 2048
2487 0.002000 2048
2488 0.002000 2048
2489 0.002000 2048
2490 0.002000 2048
2491 0.002000 2048
2492 0.002000 2048
2493 0.002000 2048
2494 0.002000 2048
2495 0.002000 2048
2496 0.002000 2048
2497 0.002000 2048
2498 0.002000 2048
2499 0.002000 2048
2500 0.002000 2048
2501 0.002000 2048
2502 0.002000 2048
2503 0.002000 2048
2504 0.002000 2048
2505 0.002000 2048
2506 0.002000 2048
2507 0.002000 2048
2508 0.002000 2048
2509 0.002000 2048
2510 0.002000 2048
2511 0.002000 2048
2512 0.002000 2048
2513 0.002000 2048
2514 0.002000 2048
2515 0.002000 2048
2516 0.002000 2048
2517 0.002000 2048
2518 0.002000 2048
2519 0.002000 2048
2520 0.002000 2048
2521 0.002000 2048
2522 0.002000 2048
2523 0.002000 2048
2524 0.002000 2048
2525 0.002000 2048
2526 0.002000 2048
2527 0.002000 2048
2528 0.002000 2048
2529 0.002000 2048
2530 0.002000 2048
2531 0.002000 2048
2532 0.002000 2048
2533 0.002000 2048
2534 0.002000 2048
2535 0.002000 2048
2536 0.002000 2048
2537 0.002000 2048
2538 0.002000 2048
2539 0.002000 2048
2540 0.002000 2048
2541 0.002000 2048
2542 0.002000 2048
2543 0.002000 2048
2544 0.002000 2048
2545 0.002000 2048
2546 0.002000 2048
2547 0.002000 2048
2548 0.002000 2048
2549 0.002000 2048
2550 0.002000 2048
2551 0.002000 2048
2552 0.002000 2048
2553 0.002000 2048
2554 0.002000 2048
2555 0.002000 2048
2556 0.002000 2048
2557 0.002000 2048
2558 0.002000 2048
2559 0.002000 2048
2560 0.002000 2048
2561 0.002000 2048
2562 0.002000 2048
2563 0.002000 2048
2564 0.002000 2048
2565 0.002000 2048
2566 0.002000 2048
2567 0.002000 2048
2568 0.002000 2048
2569 0.002000 2048
2570 0.002000 2048
2571 0.002000 2048
2572 0.002000 2048
2573 0.002000 2048
2574 0.002000 2048
2575 0.002000 2048
2576 0.002000 2048
2577 0.002000 2048
2578 0.002000 2048
2579 0.002000 2048
2580 0.002000 2048
2581 0.002000 2048
2582 0.002000 2048
2583 0.002000 2048
2584 0.002000 2048
2585 0.002000 2048
2586 0.002000 2048
2587 0.002000 2048
2588 0.002000 2048
2589 0.002000 2048
2590 0.002000 2048
2591 0.002000 2048
2592 0.002000 2048
2593 0.002000 2048
2594 0.002000 2048
2595 0.002000 2048
2596 0.002000 2048
2597 0.002000 2048
2598 0.002000 2048
2599 0.002000 2048
2600 0.002000 2048
2601 0.002000 2048
2602 0.002000 2048
2603 0.002000 2048
2604 0.002000 2048
2605 0.002000 2048
2606 0.002000 2048
2607 0.002000 2048
2608 0.002000 2048
2609 0.002000 2048
2610 0.002000 2048
2611 0.002000 2048
2612 0.002000 2048
2613 0.002000 2048
2614 0.002000 2048
2615 0.002000 2048
2616 0.002000 2048
2617 0.002000 2048
2618 0.002000 2048
2619 0.002000 2048
2620 0.002000 2048
2621 0.002000 2048
2622 0.002000 2048
2623 0.002000 2048
2624 0.002000 2048
2625 0.002000 2048
2626 0.002000 2048
2627 0.002000 2048
2628 0.002000 2048
2629 0.002000 2048
2630 0.002000 2048
2631 0.002000 2048
2632 0.002000 2048
2633 0.002000 2048
2634 0.002000 2048
2635 0.002000 2048
2636 0.002000 2048
2637 0.002000 2048
2638 0.002000 2048
2639 0.002000 2048
2640 0.002000 2048
2641 0.002000 2048
2642 0.002000 2048
2643 0.002000 2048
2644 0.002000 2048
2645 0.002000 2048
2646 0.002000 2048
2647 0.002000 2048
2648 0.002000 2048
2649 0.002000 2048
2650 0.002000 2048
2651 0.002000 2048
2652 0.002000 2048
2653 0.002000 2048
2654 0.002000 2048
2655 0.002000 2048
2656 0.002000 2048
2657 0.002000 2048
2658 0.002000 2048
2659 0.002000 2048
2660 0.002000 2048
2661 0.002000 2048
2662 0.002000 2048
2663 0.002000 2048
2664 0.002000 2048
2665 0.002000 2048
2666 0.002000 2048
2667 0.002000 2048
2668 0.002000 2048
2669 0.002000 2048
2670 0.002000 2048
2671 0.002000 2048
2672 0.002000 2048
2673 0.002000 2048
2674 0.002000 2048
2675 0.002000 2048
2676 0.002000 2048
2677 0.002000 2048
2678 0.002000 2048
2679 0.002000 2048
2680 0.002000 2048
2681 0.002000 2048
2682 0.002000 2048
2683 0.002000 2048
2684 0.002000 2048
2685 0.002000 2048
2686 0.002000 2048
2687 0.002000 2048
2688 0.002000 2048
2689 0.002000 2048
2690 0.002000 2048
2691 0.002000 2048
2692 0.002000 2048
2693 0.002000 2048
2694 0.002000 2048
2695 0.002000 2048
2696 0.002000 2048
2697 0.002000 2048
2698 0.002000 2048
2699 0.002000 2048
2700 0.002000 2048
2701 0.002000 2048
2702 0.002000 2048
2703 0.002000 2048
2704 0.002000 2048
2705 0.002000 2048
2706 0.002000 2048
2707 0.002000 2048
2708 0.002000 2048
2709 0.002000 2048
2710 0.002000 2048
2711 0.002000 2048
2712 0.002000 2048
2713 0.002000 2048
2714 0.002000 2048
2715 0.002000 2048
2716 0.002000 2048
2717 0.002000 2048
2718 0.002000 2048
2719 0.002000 2048
2720 0.002000 2048
2721 0.002000 2048
2722 0.002000 2048
2723 0.002000 2048
2724 0.002000 2048
2725 0.002000 2048
2726 0.002000 2048
2727 0.002000 2048
2728 0.002000 2048
2729 0.002000 2048
2730 0.002000 2048
2731 0.002000 2048
2732 0.002000 2048
2733 0.002000 2048
2734 0.002000 2048
2735 0.002000 2048
2736 0.002000 2048
2737 0.002000 2048
2738 0.002000 2048
2739 0.002000 2048
2740 0.002000 2048
2741 0.002000 2048
2742 0.002000 2048
2743 0.002000 2048
2744 0.002000 2048
2745 0.002000 2048
2746 0.002000 2048
2747 0.002000 2048
2748 0.002000 2048
2749 0.002000 2048
2750 0.002000 2048
2751 0.002000 2048
2752 0.002000 2048
2753 0.002000 2048
2754 0.002000 2048
2755 0.002000 2048
2756 0.002000 2048
2757 0.002000 2048
2758 0.002000 2048
2759 0.002000 2048
2760 0.002000 2048
2761 0.002000 2048
2762 0.002000 2048
2763 0.002000 2048
2764 0.002000 2048
2765 0.002000 2048
2766 0.002000 2048
2767 0.002000 2048
2768 0.002000 2048
2769 0.002000 2048
2770 0.002000 2048
2771 0.002000 2048
2772 0.002000 2048
2773 0.002000 2048
2774 0.002000 2048
2775 0.002000 2048
2776 0.002000 2048
2777 0.002000 2048
2778 0.002000 2048
2779 0.002000 2048
2780 0.002000 2048
2781 0.002000 2048
2782 0.002000 2048
2783 0.002000 2048
2784 0.002000 2048
2785 0.002000 2048
2786 0.002000 2048
2787 0.002000 2048
2788 0.002000 2048
2789 0.002000 2048
2790 0.002000 2048
2791 0.002000 2048
2792 0.002000 2048
2793 0.002000 2048
2794 0.002000 2048
2795 0.002000 2048
2796 0.002000 2048
2797 0.002000 2048
2798 0.002000 2048
2799 0.002000 2048
2800 0.002000 2048
2801 0.002000 2048
2802 0.002000 2048
2803 0.002000 2048
2804 0.002000 2048
2805 0.002000 2048
2806 0.002000 2048
2807 0.002000 2048
2808 0.002000 2048
2809 0.002000 2048
2810 0.002000 2048
2811 0.002000 2048
2812 0.002000 2048
2813 0.002000 2048
2814 0.002000 2048
2815 0.002000 2048
2816 0.002000 2048
2817 0.002000 2048
2818 0.002000 2048
2819 0.002000 2048
2820 0.002000 2048
2821 0.002000 2048
2822 0.002000 2048
2823 0.002000 2048
2824 0.002000 2048
2825 0.002000 2048
2826 0.002000 2048
2827 0.002000 2048
2828 0.002000 2048
2829 0.002000 2048
2830 0.002000 2048
2831 0.002000 2048
2832 0.002000 2048
2833 0.002000 2048
2834 0.002000 2048
2835 0.002000 2048
2836 0.002000 2048
2837 0.002000 2048
2838 0.002000 2048
2839 0.002000 2048
2840 0.002000 2048
2841 0.002000 2048
2842 0.002000 2048
2843 0.002000 2048
2844 0.002000 2048
2845 0.002000 2048
2846 0.002000 2048
2847 0.003000 2048
2848 0.003000 2048
2849 0.003000 2048
2850 0.003000 2048
2851 0.003000 2048
2852 0.003000 2048
2853 0.003000 2048
2854 0.003000 2048
2855 0.003000 2048
2856 0.003000 2048
2857 0.003000 2048
2858 0.003000 2048
2859 0.003000 2048
2860 0.003000 2048
2861 0.003000 2048
2862 0.003000 2048
2863 0.003000 2048
2864 0.003000 2048
2865 0.003000 2048
2866 0.003000 2048
2867 0.003000 2048
2868 0.003000 2048
2869 0.003000 2048
2870 0.003000 2048
2871 0.003000 2048
2872 0.003000 2048
2873 0.003000 2048
2874 0.003000 2048
2875 0.003000 2048
2876 0.003000 2048
2877 0.003000 2048
2878 0.003000 2048
2879 0.003000 2048
2880 0.003000 2048
2881 0.003000 2048
2882 0.003000 2048
2883 0.003000 2048
2884 0.003000 2048
2885 0.003000 2048
2886 0.003000 2048
2887 0.003000 2048
2888 0.003000 2048
2889 0.003000 2048
2890 0.003000 2048
2891 0.003000 2048
2892 0.003000 2048
2893 0.003000 2048
2894 0.003000 2048
2895 0.003000 2048
2896 0.003000 2048
2897 0.003000 2048
2898 0.003000 2048
2899 0.003000 2048
2900 0.003000 2048
2901 0.003000 2048
2902 0.003000 2048
2903 0.003000 2048
2904 0.003000 2048
2905 0.003000 2048
2906 0.003000 2048
2907 0.003000 2048
2908 0.003000 2048
2909 0.003000 2048
2910 0.003000 2048
2911 0.003000 2048
2912 0.003000 2048
2913 0.003000 2048
2914 0.003000 2048
2915 0.003000 2048
2916 0.003000 2048
2917 0.003000 2048
2918 0.003000 2048
2919 0.003000 2048
2920 0.003000 2048
2921 0.003000 2048
2922 0.003000 2048
2923 0.003000 2048
2924 0.003000 2048
2925 0.003000 2048
2926 0.003000 2048
2927 0.003000 2048
2928 0.003000 2048
2929 0.003000 2048
2930 0.003000 2048
2931 0.003000 2048
2932 0.003000 2048
2933 0.003000 2048
2934 0.003000 2048
2935 0.003000 2048
2936 0.003000 2048
2937 0.003000 2048
2938 0.003000 2048
2939 0.003000 2048
2940 0.003000 2048
2941 0.003000 2048
2942 0.003000 2048
2943 0.003000 2048
2944 0.003000 2048
2945 0.003000 2048
2946 0.003000 2048
2947 0.003000 2048
2948 0.003000 2048
2949 0.003000 2048
2950 0.003000 2048
2951 0.003000 2048
2952 0.003000 2048
2953 0.003000 2048
2954 0.003000 2048
2955 0.003000 2048
2956 0.003000 2048
2957 0.003000 2048
2958 0.003000 2048
2959 0.003000 2048
2960 0.003000 2048
2961 0.003000 2048
2962 0.003000 2048
2963 0.003000 2048
2964 0.003000 2048
2965 0.003000 2048
2966 0.003000 2048
2967 0.003000 2048
2968 0.003000 2048
2969 0.003000 2048
2970 0.003000 2048
2971 0.003000 2048
2972 0.003000 2048
2973 0.003000 2048
2974 0.003000 2048
2975 0.003000 2048
2976 0.003000 2048
2977 0.003000 2048
2978 0.003000 2048
2979 0.003000 2048
2980 0.003000 2048
2981 0.003000 2048
2982 0.003000 2048
2983 0.003000 2048
2984 0.003000 2048
2985 0.003000 2048
2986 0.003000 2048
2987 0.003000 2048
2988 0.003000 2048
2989 0.003000 2048
2990 0.003000 2048
2991 0.003000 2048
2992 0.003000 2048
2993 0.003000 2048
2994 0.003000 2048
2995 0.003000 2048
2996 0.003000 2048
2997 0.003000 2048
2998 0.003000 2048
2999 0.003000 2048
3000 0.003000 2048
# Final Best Cost: 2048
