# first_value: 2714
# Instance: eil76.tsp
# Method: random-search
# output: time cost
0 2714
1 0.000000 2549
2 0.000000 2549
3 0.000000 2455
4 0.000000 2455
5 0.000000 2455
6 0.000000 2455
7 0.000000 2455
8 0.000000 2455
9 0.000000 2455
10 0.000000 2455
11 0.000000 2455
12 0.000000 2455
13 0.000000 2455
14 0.000000 2455
15 0.000000 2455
16 0.000000 2455
17 0.000000 2455
18 0.000000 2455
19 0.000000 2397
20 0.000000 2397
21 0.000000 2397
22 0.000000 2397
23 0.000000 2397
24 0.000000 2397
25 0.000000 2397
26 0.000000 2397
27 0.000000 2397
28 0.000000 2337
29 0.000000 2337
30 0.000000 2337
31 0.000000 2337
32 0.000000 2337
33 0.000000 2337
34 0.000000 2337
35 0.000000 2337
36 0.000000 2337
37 0.000000 2337
38 0.000000 2337
39 0.000000 2337
40 0.000000 2337
41 0.000000 2337
42 0.000000 2337
43 0.000000 2337
44 0.000000 2337
45 0.000000 2337
46 0.000000 2337
47 0.000000 2337
48 0.000000 2337
49 0.000000 2337
50 0.000000 2337
51 0.000000 2337
52 0.000000 2337
53 0.000000 2337
54 0.000000 2318
55 0.000000 2318
56 0.000000 2318
57 0.000000 2318
58 0.000000 2318
59 0.000000 2318
60 0.000000 2318
61 0.000000 2318
62 0.000000 2318
63 0.000000 2318
64 0.000000 2318
65 0.000000 2237
66 0.000000 2237
67 0.000000 2237
68 0.000000 2237
69 0.000000 2237
70 0.000000 2237
71 0.000000 2237
72 0.000000 2237
73 0.000000 2237
74 0.000000 2237
75 0.000000 2237
76 0.000000 2237
77 0.000000 2237
78 0.000000 2237
79 0.000000 2237
80 0.000000 2237
81 0.000000 2237
82 0.000000 2237
83 0.000000 2237
84 0.000000 2237
85 0.000000 2237
86 0.000000 2237
87 0.000000 2237
88 0.000000 2237
89 0.000000 2237
90 0.000000 2237
91 0.000000 2237
92 0.000000 2237
93 0.000000 2237
94 0.000000 2237
95 0.000000 2237
96 0.000000 2237
97 0.000000 2237
98 0.000000 2237
99 0.000000 2237
100 0.000000 2237
101 0.000000 2237
102 0.000000 2237
103 0.000000 2237
104 0.000000 2237
105 0.000000 2237
106 0.000000 2237
107 0.000000 2237
108 0.000000 2237
109 0.000000 2237
110 0.000000 2237
111 0.000000 2237
112 0.000000 2237
113 0.000000 2237
114 0.000000 2237
115 0.000000 2237
116 0.000000 2237
117 0.000000 2237
118 0.000000 2237
119 0.000000 2237
120 0.000000 2237
121 0.000000 2237
122 0.000000 2237
123 0.000000 2237
124 0.000000 2237
125 0.000000 2237
126 0.000000 2237
127 0.000000 2237
128 0.000000 2237
129 0.000000 2237
130 0.000000 2237
131 0.000000 2237
132 0.000000 2237
133 0.000000 2237
134 0.000000 2237
135 0.000000 2237
136 0.000000 2237
137 0.000000 2237
138 0.000000 2237
139 0.000000 2237
140 0.000000 2237
141 0.000000 2237
142 0.000000 2237
143 0.000000 2237
144 0.000000 2237
145 0.000000 2237
146 0.000000 2237
147 0.000000 2237
148 0.000000 2237
149 0.000000 2237
150 0.000000 2237
151 0.000000 2237
152 0.000000 2237
153 0.000000 2237
154 0.000000 2237
155 0.000000 2237
156 0.000000 2237
157 0.000000 2237
158 0.000000 2237
159 0.000000 2237
160 0.000000 2237
161 0.000000 2237
162 0.000000 2237
163 0.000000 2237
164 0.000000 2237
165 0.000000 2237
166 0.000000 2237
167 0.000000 2237
168 0.000000 2237
169 0.000000 2237
170 0.000000 2237
171 0.000000 2237
172 0.000000 2237
173 0.000000 2237
174 0.000000 2237
175 0.000000 2237
176 0.000000 2237
177 0.000000 2237
178 0.000000 2237
179 0.000000 2237
180 0.000000 2237
181 0.000000 2237
182 0.000000 2237
183 0.000000 2237
184 0.000000 2237
185 0.000000 2237
186 0.000000 2237
187 0.000000 2237
188 0.000000 2237
189 0.000000 2237
190 0.000000 2237
191 0.000000 2237
192 0.000000 2237
193 0.000000 2237
194 0.000000 2237
195 0.000000 2237
196 0.000000 2237
197 0.000000 2237
198 0.000000 2237
199 0.000000 2237
200 0.000000 2237
201 0.000000 2237
202 0.000000 2237
203 0.000000 2237
204 0.000000 2237
205 0.000000 2237
206 0.000000 2237
207 0.000000 2237
208 0.000000 2237
209 0.000000 2237
210 0.000000 2237
211 0.000000 2237
212 0.000000 2237
213 0.000000 2237
214 0.000000 2237
215 0.000000 2237
216 0.000000 2237
217 0.000000 2237
218 0.000000 2237
219 0.000000 2237
220 0.000000 2237
221 0.000000 2237
222 0.000000 2237
223 0.000000 2237
224 0.000000 2237
225 0.000000 2237
226 0.000000 2237
227 0.000000 2237
228 0.000000 2237
229 0.000000 2237
230 0.000000 2237
231 0.000000 2237
232 0.000000 2237
233 0.000000 2237
234 0.000000 2237
235 0.000000 2237
236 0.000000 2237
237 0.000000 2237
238 0.000000 2237
239 0.000000 2237
240 0.000000 2237
241 0.000000 2237
242 0.000000 2237
243 0.000000 2237
244 0.000000 2237
245 0.000000 2237
246 0.000000 2237
247 0.000000 2237
248 0.000000 2237
249 0.000000 2237
250 0.000000 2237
251 0.000000 2237
252 0.000000 2237
253 0.000000 2237
254 0.000000 2237
255 0.000000 2237
256 0.000000 2237
257 0.000000 2237
258 0.000000 2237
259 0.000000 2237
260 0.000000 2237
261 0.000000 2237
262 0.000000 2237
263 0.000000 2237
264 0.000000 2237
265 0.000000 2237
266 0.000000 2237
267 0.000000 2237
268 0.000000 2237
269 0.000000 2237
270 0.000000 2228
271 0.000000 2228
272 0.000000 2228
273 0.000000 2228
274 0.000000 2228
275 0.000000 2228
276 0.000000 2228
277 0.000000 2228
278 0.000000 2228
279 0.000000 2228
280 0.000000 2228
281 0.000000 2228
282 0.000000 2228
283 0.000000 2228
284 0.000000 2228
285 0.000000 2228
286 0.000000 2228
287 0.000000 2228
288 0.000000 2228
289 0.000000 2228
290 0.000000 2228
291 0.000000 2228
292 0.000000 2228
293 0.000000 2228
294 0.000000 2228
295 0.000000 2228
296 0.000000 2228
297 0.000000 2228
298 0.000000 2228
299 0.000000 2228
300 0.000000 2228
301 0.000000 2228
302 0.000000 2228
303 0.000000 2228
304 0.000000 2228
305 0.000000 2228
306 0.000000 2228
307 0.000000 2228
308 0.000000 2228
309 0.000000 2228
310 0.000000 2228
311 0.000000 2228
312 0.000000 2228
313 0.000000 2228
314 0.000000 2220
315 0.000000 2220
316 0.000000 2220
317 0.000000 2220
318 0.000000 2220
319 0.000000 2220
320 0.000000 2220
321 0.000000 2220
322 0.000000 2220
323 0.000000 2220
324 0.000000 2220
325 0.000000 2220
326 0.000000 2220
327 0.000000 2220
328 0.000000 2220
329 0.000000 2220
330 0.000000 2220
331 0.000000 2220
332 0.000000 2220
333 0.000000 2220
334 0.000000 2220
335 0.000000 2220
336 0.000000 2220
337 0.000000 2220
338 0.001000 2220
339 0.001000 2220
340 0.001000 2220
341 0.001000 2220
342 0.001000 2220
343 0.001000 2220
344 0.001000 2220
345 0.001000 2220
346 0.001000 2217
347 0.001000 2217
348 0.001000 2217
349 0.001000 2217
350 0.001000 2217
351 0.001000 2217
352 0.001000 2217
353 0.001000 2217
354 0.001000 2217
355 0.001000 2217
356 0.001000 2217
357 0.001000 2217
358 0.001000 2217
359 0.001000 2217
360 0.001000 2217
361 0.001000 2217
362 0.001000 2217
363 0.001000 2217
364 0.001000 2217
365 0.001000 2217
366 0.001000 2217
367 0.001000 2217
368 0.001000 2217
369 0.001000 2217
370 0.001000 2217
371 0.001000 2217
372 0.001000 2217
373 0.001000 2217
374 0.001000 2217
375 0.001000 2217
376 0.001000 2217
377 0.001000 2217
378 0.001000 2217
379 0.001000 2217
380 0.001000 2217
381 0.001000 2217
382 0.001000 2217
383 0.001000 2217
384 0.001000 2217
385 0.001000 2217
386 0.001000 2217
387 0.001000 2217
388 0.001000 2217
389 0.001000 2217
390 0.001000 2217
391 0.001000 2217
392 0.001000 2217
393 0.001000 2217
394 0.001000 2217
395 0.001000 2217
396 0.001000 2217
397 0.001000 2217
398 0.001000 2217
399 0.001000 2217
400 0.001000 2217
401 0.001000 2217
402 0.001000 2217
403 0.001000 2217
404 0.001000 2217
405 0.001000 2217
406 0.001000 2217
407 0.001000 2217
408 0.001000 2217
409 0.001000 2217
410 0.001000 2217
411 0.001000 2217
412 0.001000 2217
413 0.001000 2217
414 0.001000 2217
415 0.001000 2217
416 0.001000 2217
417 0.001000 2217
418 0.001000 2217
419 0.001000 2217
420 0.001000 2217
421 0.001000 2217
422 0.001000 2217
423 0.001000 2217
424 0.001000 2217
425 0.001000 2217
426 0.001000 2217
427 0.001000 2217
428 0.001000 2217
429 0.001000 2217
430 0.001000 2217
431 0.001000 2217
432 0.001000 2217
433 0.001000 2217
434 0.001000 2217
435 0.001000 2217
436 0.001000 2217
437 0.001000 2217
438 0.001000 2217
439 0.001000 2217
440 0.001000 2217
441 0.001000 2217
442 0.001000 2217
443 0.001000 2217
444 0.001000 2217
445 0.001000 2217
446 0.001000 2217
447 0.001000 2217
448 0.001000 2217
449 0.001000 2217
450 0.001000 2217
451 0.001000 2217
452 0.001000 2217
453 0.001000 2217
454 0.001000 2217
455 0.001000 2217
456 0.001000 2217
457 0.001000 2217
458 0.001000 2217
459 0.001000 2217
460 0.001000 2217
461 0.001000 2217
462 0.001000 2217
463 0.001000 2217
464 0.001000 2217
465 0.001000 2217
466 0.001000 2217
467 0.001000 2217
468 0.001000 2217
469 0.001000 2217
470 0.001000 2217
471 0.001000 2217
472 0.001000 2217
473 0.001000 2217
474 0.001000 2217
475 0.001000 2217
476 0.001000 2217
477 0.001000 2217
478 0.001000 2217
479 0.001000 2217
480 0.001000 2217
481 0.001000 2217
482 0.001000 2217
483 0.001000 2217
484 0.001000 2217
485 0.001000 2217
486 0.001000 2217
487 0.001000 2193
488 0.001000 2193
489 0.001000 2193
490 0.001000 2193
491 0.001000 2193
492 0.001000 2193
493 0.001000 2193
494 0.001000 2193
495 0.001000 2193
496 0.001000 2193
497 0.001000 2193
498 0.001000 2193
499 0.001000 2193
500 0.001000 2193
501 0.001000 2193
502 0.001000 2193
503 0.001000 2193
504 0.001000 2193
505 0.001000 2193
506 0.001000 2193
507 0.001000 2193
508 0.001000 2193
509 0.001000 2193
510 0.001000 2193
511 0.001000 2193
512 0.001000 2193
513 0.001000 2193
514 0.001000 2193
515 0.001000 2193
516 0.001000 2193
517 0.001000 2193
518 0.001000 2193
519 0.001000 2193
520 0.001000 2193
521 0.001000 2193
522 0.001000 2193
523 0.001000 2193
524 0.001000 2193
525 0.001000 2193
526 0.001000 2193
527 0.001000 2193
528 0.001000 2193
529 0.001000 2193
530 0.001000 2193
531 0.001000 2193
532 0.001000 2193
533 0.001000 2193
534 0.001000 2193
535 0.001000 2193
536 0.001000 2193
537 0.001000 2193
538 0.001000 2193
539 0.001000 2193
540 0.001000 2193
541 0.001000 2193
542 0.001000 2193
543 0.001000 2193
544 0.001000 2193
545 0.001000 2193
546 0.001000 2193
547 0.001000 2193
548 0.001000 2193
549 0.001000 2193
550 0.001000 2193
551 0.001000 2193
552 0.001000 2193
553 0.001000 2193
554 0.001000 2193
555 0.001000 2193
556 0.001000 2193
557 0.001000 2193
558 0.001000 2193
559 0.001000 2193
560 0.001000 2193
561 0.001000 2193
562 0.001000 2193
563 0.001000 2193
564 0.001000 2193
565 0.001000 2193
566 0.001000 2193
567 0.001000 2193
568 0.001000 2193
569 0.001000 2193
570 0.001000 2193
571 0.001000 2193
572 0.001000 2193
573 0.001000 2193
574 0.001000 2193
575 0.001000 2193
576 0.001000 2193
577 0.001000 2193
578 0.001000 2193
579 0.001000 2193
580 0.001000 2193
581 0.001000 2193
582 0.001000 2193
583 0.001000 2193
584 0.001000 2193
585 0.001000 2193
586 0.001000 2193
587 0.001000 2193
588 0.001000 2193
589 0.001000 2193
590 0.001000 2193
591 0.001000 2193
592 0.001000 2193
593 0.001000 2193
594 0.001000 2193
595 0.001000 2193
596 0.001000 2193
597 0.001000 2193
598 0.001000 2193
599 0.001000 2193
600 0.001000 2193
601 0.001000 2193
602 0.001000 2193
603 0.001000 2193
604 0.001000 2193
605 0.001000 2193
606 0.001000 2193
607 0.001000 2193
608 0.001000 2193
609 0.001000 2193
610 0.001000 2193
611 0.001000 2193
612 0.001000 2193
613 0.001000 2193
614 0.001000 2193
615 0.001000 2193
616 0.001000 2193
617 0.001000 2193
618 0.001000 2193
619 0.001000 2193
620 0.001000 2193
621 0.001000 2193
622 0.001000 2193
623 0.001000 2193
624 0.001000 2193
625 0.001000 2193
626 0.001000 2193
627 0.001000 2193
628 0.001000 2193
629 0.001000 2193
630 0.001000 2193
631 0.001000 2193
632 0.001000 2193
633 0.001000 2193
634 0.001000 2193
635 0.001000 2193
636 0.001000 2193
637 0.001000 2193
638 0.001000 2193
639 0.001000 2193
640 0.001000 2193
641 0.001000 2193
642 0.001000 2193
643 0.001000 2193
644 0.001000 2193
645 0.001000 2193
646 0.001000 2193
647 0.001000 2193
648 0.001000 2193
649 0.001000 2193
650 0.001000 2193
651 0.001000 2193
652 0.001000 2193
653 0.001000 2193
654 0.001000 2193
655 0.001000 2193
656 0.001000 2193
657 0.001000 2193
658 0.001000 2193
659 0.001000 2193
660 0.001000 2193
661 0.001000 2193
662 0.001000 2193
663 0.001000 2193
664 0.001000 2193
665 0.001000 2193
666 0.001000 2193
667 0.001000 2193
668 0.001000 2193
669 0.001000 2193
670 0.001000 2193
671 0.001000 2193
672 0.001000 2193
673 0.001000 2193
674 0.001000 2193
675 0.001000 2193
676 0.001000 2193
677 0.001000 2193
678 0.001000 2193
679 0.001000 2193
680 0.001000 2193
681 0.001000 2193
682 0.001000 2193
683 0.001000 2193
684 0.001000 2193
685 0.001000 2193
686 0.001000 2193
687 0.001000 2193
688 0.001000 2193
689 0.001000 2193
690 0.001000 2193
691 0.001000 2193
692 0.001000 2193
693 0.001000 2193
694 0.001000 2193
695 0.001000 2193
696 0.001000 2193
697 0.001000 2193
698 0.001000 2193
699 0.001000 2193
700 0.001000 2193
701 0.001000 2193
702 0.001000 2193
703 0.001000 2193
704 0.001000 2193
705 0.001000 2193
706 0.001000 2193
707 0.001000 2193
708 0.001000 2193
709 0.001000 2193
710 0.001000 2193
711 0.001000 2193
712 0.001000 2193
713 0.001000 2193
714 0.001000 2193
715 0.001000 2193
716 0.001000 2193
717 0.001000 2193
718 0.001000 2193
719 0.001000 2193
720 0.001000 2193
721 0.001000 2193
722 0.001000 2193
723 0.001000 2193
724 0.001000 2193
725 0.001000 2193
726 0.001000 2193
727 0.001000 2193
728 0.001000 2193
729 0.001000 2193
730 0.001000 2193
731 0.001000 2193
732 0.001000 2193
733 0.001000 2193
734 0.001000 2193
735 0.001000 2193
736 0.001000 2193
737 0.001000 2193
738 0.001000 2193
739 0.001000 2193
740 0.001000 2193
741 0.001000 2193
742 0.001000 2193
743 0.001000 2193
744 0.001000 2193
745 0.001000 2193
746 0.001000 2193
747 0.001000 2193
748 0.001000 2193
749 0.001000 2193
750 0.001000 2193
751 0.001000 2193
752 0.001000 2193
753 0.001000 2193
754 0.001000 2193
755 0.001000 2193
756 0.001000 2193
757 0.001000 2193
758 0.001000 2193
759 0.001000 2193
760 0.001000 2193
761 0.001000 2193
762 0.001000 2193
763 0.001000 2193
764 0.001000 2193
765 0.001000 2193
766 0.001000 2193
767 0.001000 2193
768 0.001000 2193
769 0.001000 2193
770 0.001000 2193
771 0.001000 2193
772 0.001000 2193
773 0.001000 2193
774 0.001000 2193
775 0.001000 2193
776 0.001000 2193
777 0.001000 2193
778 0.001000 2193
779 0.001000 2193
780 0.001000 2193
781 0.001000 2193
782 0.001000 2193
783 0.001000 2193
784 0.001000 2193
785 0.001000 2193
786 0.001000 2193
787 0.001000 2193
788 0.001000 2193
789 0.001000 2193
790 0.001000 2193
791 0.001000 2193
792 0.001000 2193
793 0.001000 2193
794 0.001000 2193
795 0.001000 2193
796 0.001000 2193
797 0.001000 2193
798 0.001000 2193
799 0.001000 2193
800 0.001000 2193
801 0.001000 2193
802 0.001000 2193
803 0.001000 2193
804 0.001000 2193
805 0.001000 2193
806 0.001000 2193
807 0.001000 2193
808 0.001000 2193
809 0.001000 2193
810 0.001000 2193
811 0.001000 2193
812 0.001000 2193
813 0.001000 2193
814 0.001000 2193
815 0.001000 2193
816 0.001000 2193
817 0.001000 2193
818 0.001000 2193
819 0.001000 2193
820 0.001000 2193
821 0.001000 2193
822 0.001000 2193
823 0.001000 2193
824 0.001000 2193
825 0.001000 2193
826 0.001000 2193
827 0.001000 2193
828 0.001000 2193
829 0.001000 2193
830 0.001000 2193
831 0.001000 2193
832 0.001000 2193
833 0.001000 2193
834 0.001000 2193
835 0.001000 2193
836 0.001000 2193
837 0.001000 2193
838 0.001000 2193
839 0.001000 2193
840 0.001000 2193
841 0.001000 2193
842 0.001000 2193
843 0.001000 2193
844 0.001000 2193
845 0.001000 2193
846 0.001000 2193
847 0.001000 2193
848 0.001000 2193
849 0.001000 2193
850 0.001000 2193
851 0.001000 2193
852 0.001000 2193
853 0.001000 2193
854 0.001000 2193
855 0.001000 2193
856 0.001000 2193
857 0.001000 2193
858 0.001000 2193
859 0.001000 2193
860 0.001000 2193
861 0.001000 2193
862 0.001000 2193
863 0.001000 2193
864 0.001000 2193
865 0.001000 2193
866 0.001000 2193
867 0.001000 2193
868 0.001000 2193
869 0.001000 2193
870 0.001000 2193
871 0.001000 2193
872 0.001000 2193
873 0.001000 2179
874 0.001000 2179
875 0.001000 2179
876 0.001000 2179
877 0.001000 2179
878 0.001000 2179
879 0.001000 2179
880 0.001000 2179
881 0.001000 2179
882 0.001000 2179
883 0.001000 2179
884 0.001000 2179
885 0.001000 2179
886 0.001000 2179
887 0.001000 2179
888 0.001000 2179
889 0.001000 2179
890 0.001000 2179
891 0.001000 2179
892 0.001000 2179
893 0.001000 2179
894 0.001000 2179
895 0.001000 2179
896 0.001000 2179
897 0.001000 2179
898 0.001000 2179
899 0.001000 2179
900 0.001000 2179
901 0.001000 2179
902 0.001000 2179
903 0.001000 2179
904 0.001000 2179
905 0.001000 2179
906 0.001000 2179
907 0.001000 2179
908 0.001000 2179
909 0.001000 2179
910 0.001000 2179
911 0.001000 2179
912 0.001000 2179
913 0.001000 2179
914 0.001000 2179
915 0.001000 2179
916 0.001000 2179
917 0.001000 2179
918 0.001000 2179
919 0.001000 2179
920 0.001000 2179
921 0.001000 2179
922 0.001000 2179
923 0.001000 2179
924 0.001000 2179
925 0.001000 2179
926 0.001000 2179
927 0.001000 2179
928 0.001000 2179
929 0.001000 2179
930 0.001000 2179
931 0.001000 2179
932 0.001000 2179
933 0.001000 2179
934 0.001000 2179
935 0.001000 2179
936 0.001000 2179
937 0.001000 2179
938 0.001000 2179
939 0.001000 2179
940 0.001000 2179
941 0.001000 2179
942 0.001000 2179
943 0.001000 2179
944 0.001000 2179
945 0.001000 2179
946 0.001000 2179
947 0.001000 2179
948 0.001000 2179
949 0.001000 2179
950 0.001000 2179
951 0.001000 2179
952 0.001000 2179
953 0.001000 2179
954 0.001000 2179
955 0.001000 2179
956 0.001000 2179
957 0.001000 2179
958 0.001000 2179
959 0.001000 2179
960 0.001000 2179
961 0.001000 2179
962 0.001000 2179
963 0.001000 2179
964 0.001000 2179
965 0.001000 2179
966 0.001000 2179
967 0.001000 2179
968 0.001000 2179
969 0.001000 2179
970 0.001000 2179
971 0.001000 2179
972 0.001000 2179
973 0.001000 2179
974 0.001000 2179
975 0.001000 2179
976 0.001000 2179
977 0.001000 2179
978 0.001000 2179
979 0.001000 2179
980 0.001000 2179
981 0.001000 2179
982 0.001000 2179
983 0.001000 2179
984 0.001000 2179
985 0.001000 2179
986 0.001000 2179
987 0.001000 2179
988 0.001000 2179
989 0.001000 2179
990 0.001000 2179
991 0.001000 2179
992 0.001000 2179
993 0.001000 2179
994 0.001000 2179
995 0.001000 2179
996 0.001000 2179
997 0.001000 2179
998 0.001000 2179
999 0.001000 2179
1000 0.001000 2179
1001 0.001000 2179
1002 0.001000 2179
1003 0.001000 2179
1004 0.001000 2179
1005 0.001000 2179
1006 0.001000 2179
1007 0.001000 2179
1008 0.001000 2179
1009 0.001000 2133
1010 0.001000 2133
1011 0.001000 2133
1012 0.001000 2133
1013 0.001000 2133
1014 0.001000 2133
1015 0.001000 2133
1016 0.001000 2133
1017 0.001000 2133
1018 0.001000 2133
1019 0.001000 2133
1020 0.001000 2133
1021 0.001000 2133
1022 0.001000 2133
1023 0.001000 2133
1024 0.001000 2133
1025 0.001000 2133
1026 0.001000 2133
1027 0.001000 2133
1028 0.001000 2133
1029 0.001000 2133
1030 0.001000 2133
1031 0.001000 2133
1032 0.001000 2133
1033 0.001000 2133
1034 0.001000 2133
1035 0.001000 2133
1036 0.001000 2133
1037 0.001000 2133
1038 0.001000 2133
1039 0.001000 2133
1040 0.001000 2133
1041 0.001000 2133
1042 0.001000 2133
1043 0.001000 2133
1044 0.001000 2133
1045 0.001000 2133
1046 0.001000 2133
1047 0.001000 2133
1048 0.001000 2133
1049 0.001000 2133
1050 0.001000 2133
1051 0.001000 2133
1052 0.001000 2133
1053 0.001000 2133
1054 0.001000 2133
1055 0.001000 2133
1056 0.001000 2133
1057 0.001000 2133
1058 0.001000 2133
1059 0.001000 2133
1060 0.001000 2133
1061 0.001000 2133
1062 0.001000 2133
1063 0.001000 2133
1064 0.001000 2133
1065 0.001000 2133
1066 0.001000 2133
1067 0.001000 2133
1068 0.001000 2133
1069 0.001000 2133
1070 0.001000 2133
1071 0.001000 2133
1072 0.001000 2133
1073 0.001000 2133
1074 0.001000 2133
1075 0.001000 2133
1076 0.001000 2133
1077 0.001000 2133
1078 0.001000 2133
1079 0.001000 2133
1080 0.001000 2133
1081 0.001000 2133
1082 0.001000 2133
1083 0.001000 2133
1084 0.001000 2133
1085 0.001000 2133
1086 0.001000 2133
1087 0.001000 2133
1088 0.001000 2133
1089 0.001000 2133
1090 0.001000 2133
1091 0.001000 2133
1092 0.001000 2133
1093 0.001000 2133
1094 0.001000 2133
1095 0.001000 2133
1096 0.001000 2133
1097 0.001000 2133
1098 0.001000 2133
1099 0.001000 2133
1100 0.001000 2133
1101 0.001000 2133
1102 0.001000 2133
1103 0.001000 2133
1104 0.001000 2133
1105 0.001000 2133
1106 0.001000 2133
1107 0.001000 2133
1108 0.001000 2133
1109 0.001000 2133
1110 0.001000 2133
1111 0.001000 2133
1112 0.001000 2133
1113 0.001000 2133
1114 0.001000 2133
1115 0.001000 2133
1116 0.001000 2133
1117 0.001000 2133
1118 0.001000 2133
1119 0.001000 2133
1120 0.001000 2133
1121 0.001000 2133
1122 0.001000 2133
1123 0.001000 2133
1124 0.001000 2133
1125 0.001000 2133
1126 0.001000 2133
1127 0.001000 2133
1128 0.001000 2133
1129 0.001000 2133
1130 0.001000 2133
1131 0.001000 2133
1132 0.001000 2133
1133 0.001000 2133
1134 0.001000 2133
1135 0.001000 2133
1136 0.001000 2133
1137 0.001000 2133
1138 0.001000 2133
1139 0.001000 2133
1140 0.001000 2133
1141 0.001000 2133
1142 0.001000 2133
1143 0.001000 2133
1144 0.001000 2133
1145 0.001000 2133
1146 0.001000 2133
1147 0.001000 2133
1148 0.001000 2133
1149 0.001000 2133
1150 0.001000 2133
1151 0.001000 2133
1152 0.001000 2133
1153 0.001000 2133
1154 0.001000 2133
1155 0.001000 2133
1156 0.001000 2133
1157 0.001000 2133
1158 0.001000 2133
1159 0.001000 2133
1160 0.001000 2133
1161 0.001000 2133
1162 0.001000 2133
1163 0.001000 2133
1164 0.001000 2133
1165 0.001000 2133
1166 0.001000 2133
1167 0.001000 2133
1168 0.001000 2133
1169 0.001000 2133
1170 0.001000 2133
1171 0.001000 2133
1172 0.001000 2133
1173 0.001000 2133
1174 0.001000 2133
1175 0.001000 2133
1176 0.001000 2133
1177 0.001000 2133
1178 0.001000 2133
1179 0.001000 2133
1180 0.001000 2133
1181 0.001000 2133
1182 0.001000 2133
1183 0.001000 2133
1184 0.001000 2133
1185 0.001000 2133
1186 0.001000 2133
1187 0.001000 2133
1188 0.001000 2133
1189 0.001000 2133
1190 0.001000 2133
1191 0.001000 2133
1192 0.001000 2133
1193 0.001000 2133
1194 0.001000 2133
1195 0.001000 2133
1196 0.001000 2133
1197 0.001000 2133
1198 0.001000 2133
1199 0.001000 2133
1200 0.001000 2133
1201 0.001000 2133
1202 0.001000 2133
1203 0.001000 2133
1204 0.001000 2133
1205 0.001000 2133
1206 0.001000 2133
1207 0.001000 2133
1208 0.001000 2133
1209 0.001000 2133
1210 0.001000 2133
1211 0.001000 2133
1212 0.001000 2133
1213 0.001000 2133
1214 0.001000 2133
1215 0.001000 2133
1216 0.001000 2133
1217 0.001000 2133
1218 0.001000 2133
1219 0.001000 2133
1220 0.001000 2133
1221 0.001000 2133
1222 0.001000 2133
1223 0.001000 2133
1224 0.001000 2133
1225 0.001000 2133
1226 0.001000 2133
1227 0.001000 2133
1228 0.001000 2133
1229 0.001000 2133
1230 0.001000 2133
1231 0.001000 2133
1232 0.001000 2133
1233 0.001000 2133
1234 0.001000 2133
1235 0.001000 2133
1236 0.001000 2133
1237 0.001000 2133
1238 0.001000 2133
1239 0.001000 2133
1240 0.001000 2133
1241 0.001000 2133
1242 0.001000 2133
1243 0.001000 2133
1244 0.001000 2133
1245 0.001000 2133
1246 0.001000 2133
1247 0.001000 2133
1248 0.001000 2133
1249 0.001000 2133
1250 0.001000 2133
1251 0.001000 2133
1252 0.001000 2133
1253 0.001000 2133
1254 0.001000 2133
1255 0.001000 2133
1256 0.001000 2133
1257 0.001000 2133
1258 0.001000 2133
1259 0.001000 2133
1260 0.001000 2133
1261 0.001000 2133
1262 0.001000 2133
1263 0.001000 2133
1264 0.001000 2133
1265 0.001000 2133
1266 0.001000 2133
1267 0.001000 2133
1268 0.001000 2133
1269 0.001000 2133
1270 0.001000 2133
1271 0.001000 2133
1272 0.001000 2133
1273 0.001000 2133
1274 0.001000 2133
1275 0.001000 2133
1276 0.001000 2133
1277 0.001000 2133
1278 0.001000 2133
1279 0.001000 2133
1280 0.001000 2133
1281 0.001000 2133
1282 0.001000 2133
1283 0.001000 2133
1284 0.001000 2133
1285 0.001000 2133
1286 0.001000 2133
1287 0.001000 2133
1288 0.001000 2133
1289 0.001000 2133
1290 0.001000 2133
1291 0.001000 2133
1292 0.001000 2133
1293 0.001000 2133
1294 0.001000 2133
1295 0.001000 2133
1296 0.001000 2133
1297 0.001000 2133
1298 0.001000 2133
1299 0.001000 2133
1300 0.001000 2133
1301 0.001000 2133
1302 0.001000 2133
1303 0.001000 2133
1304 0.001000 2133
1305 0.001000 2133
1306 0.001000 2133
1307 0.001000 2133
1308 0.001000 2133
1309 0.001000 2133
1310 0.001000 2133
1311 0.001000 2133
1312 0.001000 2133
1313 0.001000 2133
1314 0.001000 2133
1315 0.001000 2133
1316 0.001000 2133
1317 0.001000 2133
1318 0.001000 2133
1319 0.001000 2133
1320 0.001000 2133
1321 0.001000 2133
1322 0.001000 2133
1323 0.001000 2133
1324 0.001000 2133
1325 0.001000 2133
1326 0.001000 2133
1327 0.001000 2133
1328 0.001000 2133
1329 0.001000 2133
1330 0.001000 2133
1331 0.001000 2133
1332 0.001000 2133
1333 0.001000 2133
1334 0.001000 2133
1335 0.001000 2133
1336 0.001000 2133
1337 0.001000 2133
1338 0.001000 2133
1339 0.001000 2133
1340 0.001000 2133
1341 0.001000 2133
1342 0.001000 2133
1343 0.001000 2133
1344 0.001000 2133
1345 0.001000 2133
1346 0.001000 2133
1347 0.001000 2133
1348 0.001000 2133
1349 0.001000 2133
1350 0.001000 2133
1351 0.001000 2133
1352 0.001000 2133
1353 0.001000 2133
1354 0.001000 2133
1355 0.001000 2133
1356 0.001000 2133
1357 0.001000 2133
1358 0.001000 2133
1359 0.001000 2133
1360 0.001000 2133
1361 0.001000 2133
1362 0.002000 2133
1363 0.002000 2133
1364 0.002000 2133
1365 0.002000 2133
1366 0.002000 2133
1367 0.002000 2133
1368 0.002000 2133
1369 0.002000 2133
1370 0.002000 2133
1371 0.002000 2133
1372 0.002000 2133
1373 0.002000 2133
1374 0.002000 2133
1375 0.002000 2133
1376 0.002000 2133
1377 0.002000 2133
1378 0.002000 2133
1379 0.002000 2133
1380 0.002000 2133
1381 0.002000 2133
1382 0.002000 2133
1383 0.002000 2133
1384 0.002000 2133
1385 0.002000 2133
1386 0.002000 2133
1387 0.002000 2133
1388 0.002000 2133
1389 0.002000 2133
1390 0.002000 2133
1391 0.002000 2133
1392 0.002000 2133
1393 0.002000 2133
1394 0.002000 2133
1395 0.002000 2133
1396 0.002000 2133
1397 0.002000 2133
1398 0.002000 2133
1399 0.002000 2133
1400 0.002000 2133
1401 0.002000 2133
1402 0.002000 2133
1403 0.002000 2133
1404 0.002000 2133
1405 0.002000 2133
1406 0.002000 2133
1407 0.002000 2133
1408 0.002000 2133
1409 0.002000 2133
1410 0.002000 2133
1411 0.002000 2133
1412 0.002000 2133
1413 0.002000 2133
1414 0.002000 2133
1415 0.002000 2133
1416 0.002000 2133
1417 0.002000 2133
1418 0.002000 2133
1419 0.002000 2133
1420 0.002000 2133
1421 0.002000 2133
1422 0.002000 2133
1423 0.002000 2133
1424 0.002000 2133
1425 0.002000 2133
1426 0.002000 2133
1427 0.002000 2133
1428 0.002000 2133
1429 0.002000 2133
1430 0.002000 2133
1431 0.002000 2133
1432 0.002000 2133
1433 0.002000 2133
1434 0.002000 2133
1435 0.002000 2133
1436 0.002000 2133
1437 0.002000 2133
1438 0.002000 2133
1439 0.002000 2133
1440 0.002000 2133
1441 0.002000 2133
1442 0.002000 2133
1443 0.002000 2133
1444 0.002000 2133
1445 0.002000 2133
1446 0.002000 2133
1447 0.002000 2133
1448 0.002000 2133
1449 0.002000 2133
1450 0.002000 2133
1451 0.002000 2133
1452 0.002000 2133
1453 0.002000 2133
1454 0.002000 2133
1455 0.002000 2133
1456 0.002000 2133
1457 0.002000 2133
1458 0.002000 2133
1459 0.002000 2133
1460 0.002000 2133
1461 0.002000 2133
1462 0.002000 2133
1463 0.002000 2133
1464 0.002000 2133
1465 0.002000 2133
1466 0.002000 2133
1467 0.002000 2133
1468 0.002000 2133
1469 0.002000 2133
1470 0.002000 2133
1471 0.002000 2133
1472 0.002000 2133
1473 0.002000 2133
1474 0.002000 2133
1475 0.002000 2133
1476 0.002000 2133
1477 0.002000 2133
1478 0.002000 2133
1479 0.002000 2133
1480 0.002000 2133
1481 0.002000 2133
1482 0.002000 2133
1483 0.002000 2133
1484 0.002000 2133
1485 0.002000 2133
1486 0.002000 2133
1487 0.002000 2133
1488 0.002000 2133
1489 0.002000 2133
1490 0.002000 2133
1491 0.002000 2133
1492 0.002000 2133
1493 0.002000 2133
1494 0.002000 2133
1495 0.002000 2133
1496 0.002000 2133
1497 0.002000 2133
1498 0.002000 2133
1499 0.002000 2133
1500 0.002000 2133
1501 0.002000 2133
1502 0.002000 2133
1503 0.002000 2133
1504 0.002000 2133
1505 0.002000 2133
1506 0.002000 2133
1507 0.002000 2133
1508 0.002000 2133
1509 0.002000 2133
1510 0.002000 2133
1511 0.002000 2133
1512 0.002000 2133
1513 0.002000 2133
1514 0.002000 2133
1515 0.002000 2133
1516 0.002000 2133
1517 0.002000 2133
1518 0.002000 2133
1519 0.002000 2133
1520 0.002000 2133
1521 0.002000 2133
1522 0.002000 2133
1523 0.002000 2133
1524 0.002000 2133
1525 0.002000 2133
1526 0.002000 2133
1527 0.002000 2133
1528 0.002000 2133
1529 0.002000 2133
1530 0.002000 2133
1531 0.002000 2133
1532 0.002000 2133
1533 0.002000 2133
1534 0.002000 2133
1535 0.002000 2133
1536 0.002000 2133
1537 0.002000 2133
1538 0.002000 2133
1539 0.002000 2133
1540 0.002000 2133
1541 0.002000 2133
1542 0.002000 2133
1543 0.002000 2133
1544 0.002000 2133
1545 0.002000 2133
1546 0.002000 2133
1547 0.002000 2133
1548 0.002000 2133
1549 0.002000 2133
1550 0.002000 2133
1551 0.002000 2133
1552 0.002000 2133
1553 0.002000 2133
1554 0.002000 2133
1555 0.002000 2133
1556 0.002000 2133
1557 0.002000 2133
1558 0.002000 2133
1559 0.002000 2133
1560 0.002000 2133
1561 0.002000 2133
1562 0.002000 2133
1563 0.002000 2133
1564 0.002000 2133
1565 0.002000 2133
1566 0.002000 2133
1567 0.002000 2133
1568 0.002000 2133
1569 0.002000 2133
1570 0.002000 2133
1571 0.002000 2133
1572 0.002000 2133
1573 0.002000 2133
1574 0.002000 2133
1575 0.002000 2133
1576 0.002000 2133
1577 0.002000 2133
1578 0.002000 2133
1579 0.002000 2133
1580 0.002000 2133
1581 0.002000 2133
1582 0.002000 2133
1583 0.002000 2133
1584 0.002000 2133
1585 0.002000 2133
1586 0.002000 2133
1587 0.002000 2133
1588 0.002000 2133
1589 0.002000 2133
1590 0.002000 2133
1591 0.002000 2133
1592 0.002000 2133
1593 0.002000 2133
1594 0.002000 2133
1595 0.002000 2133
1596 0.002000 2133
1597 0.002000 2133
1598 0.002000 2133
1599 0.002000 2133
1600 0.002000 2133
1601 0.002000 2133
1602 0.002000 2133
1603 0.002000 2133
1604 0.002000 2133
1605 0.002000 2133
1606 0.002000 2133
1607 0.002000 2133
1608 0.002000 2133
1609 0.002000 2133
1610 0.002000 2133
1611 0.002000 2133
1612 0.002000 2133
1613 0.002000 2133
1614 0.002000 2133
1615 0.002000 2133
1616 0.002000 2133
1617 0.002000 2133
1618 0.002000 2133
1619 0.002000 2133
1620 0.002000 2133
1621 0.002000 2133
1622 0.002000 2133
1623 0.002000 2133
1624 0.002000 2133
1625 0.002000 2133
1626 0.002000 2133
1627 0.002000 2133
1628 0.002000 2133
1629 0.002000 2133
1630 0.002000 2133
1631 0.002000 2133
1632 0.002000 2133
1633 0.002000 2133
1634 0.002000 2133
1635 0.002000 2133
1636 0.002000 2133
1637 0.002000 2133
1638 0.002000 2133
1639 0.002000 2133
1640 0.002000 2133
1641 0.002000 2133
1642 0.002000 2133
1643 0.002000 2133
1644 0.002000 2133
1645 0.002000 2133
1646 0.002000 2133
1647 0.002000 2133
1648 0.002000 2133
1649 0.002000 2133
1650 0.002000 2133
1651 0.002000 2133
1652 0.002000 2133
1653 0.002000 2133
1654 0.002000 2133
1655 0.002000 2133
1656 0.002000 2133
1657 0.002000 2133
1658 0.002000 2133
1659 0.002000 2133
1660 0.002000 2133
1661 0.002000 2133
1662 0.002000 2133
1663 0.002000 2133
1664 0.002000 2133
1665 0.002000 2133
1666 0.002000 2133
1667 0.002000 2133
1668 0.002000 2133
1669 0.002000 2133
1670 0.002000 2133
1671 0.002000 2133
1672 0.002000 2133
1673 0.002000 2133
1674 0.002000 2133
1675 0.002000 2133
1676 0.002000 2133
1677 0.002000 2133
1678 0.002000 2133
1679 0.002000 2133
1680 0.002000 2133
1681 0.002000 2133
1682 0.002000 2133
1683 0.002000 2133
1684 0.002000 2133
1685 0.002000 2133
1686 0.002000 2133
1687 0.002000 2133
1688 0.002000 2133
1689 0.002000 2133
1690 0.002000 2133
1691 0.002000 2133
1692 0.002000 2133
1693 0.002000 2133
1694 0.002000 2133
1695 0.002000 2133
1696 0.002000 2133
1697 0.002000 2133
1698 0.002000 2133
1699 0.002000 2133
1700 0.002000 2133
1701 0.002000 2133
1702 0.002000 2133
1703 0.002000 2133
1704 0.002000 2133
1705 0.002000 2133
1706 0.002000 2133
1707 0.002000 2133
1708 0.002000 2133
1709 0.002000 2133
1710 0.002000 2133
1711 0.002000 2133
1712 0.002000 2133
1713 0.002000 2133
1714 0.002000 2133
1715 0.002000 2133
1716 0.002000 2133
1717 0.002000 2133
1718 0.002000 2133
1719 0.002000 2133
1720 0.002000 2133
1721 0.002000 2133
1722 0.002000 2133
1723 0.002000 2133
1724 0.002000 2133
1725 0.002000 2133
1726 0.002000 2133
1727 0.002000 2133
1728 0.002000 2133
1729 0.002000 2133
1730 0.002000 2133
1731 0.002000 2133
1732 0.002000 2133
1733 0.002000 2133
1734 0.002000 2133
1735 0.002000 2133
1736 0.002000 2133
1737 0.002000 2133
1738 0.002000 2133
1739 0.002000 2133
1740 0.002000 2133
1741 0.002000 2133
1742 0.002000 2133
1743 0.002000 2133
1744 0.002000 2133
1745 0.002000 2133
1746 0.002000 2133
1747 0.002000 2133
1748 0.002000 2133
1749 0.002000 2133
1750 0.002000 2133
1751 0.002000 2133
1752 0.002000 2133
1753 0.002000 2133
1754 0.002000 2133
1755 0.002000 2133
1756 0.002000 2133
1757 0.002000 2133
1758 0.002000 2133
1759 0.002000 2133
1760 0.002000 2133
1761 0.002000 2133
1762 0.002000 2133
1763 0.002000 2133
1764 0.002000 2133
1765 0.002000 2133
1766 0.002000 2133
1767 0.002000 2133
1768 0.002000 2133
1769 0.002000 2133
1770 0.002000 2133
1771 0.002000 2133
1772 0.002000 2133
1773 0.002000 2133
1774 0.002000 2133
1775 0.002000 2133
1776 0.002000 2133
1777 0.002000 2133
1778 0.002000 2133
1779 0.002000 2133
1780 0.002000 2133
1781 0.002000 2133
1782 0.002000 2133
1783 0.002000 2133
1784 0.002000 2133
1785 0.002000 2133
1786 0.002000 2133
1787 0.002000 2133
1788 0.002000 2133
1789 0.002000 2133
1790 0.002000 2133
1791 0.002000 2133
1792 0.002000 2133
1793 0.002000 2133
1794 0.002000 2133
1795 0.002000 2133
1796 0.002000 2133
1797 0.002000 2133
1798 0.002000 2133
1799 0.002000 2133
1800 0.002000 2133
1801 0.002000 2133
1802 0.002000 2133
1803 0.002000 2133
1804 0.002000 2133
1805 0.002000 2133
1806 0.002000 2133
1807 0.002000 2133
1808 0.002000 2133
1809 0.002000 2133
1810 0.002000 2133
1811 0.002000 2133
1812 0.002000 2133
1813 0.002000 2133
1814 0.002000 2133
1815 0.002000 2133
1816 0.002000 2133
1817 0.002000 2133
1818 0.002000 2133
1819 0.002000 2133
1820 0.002000 2133
1821 0.002000 2133
1822 0.002000 2133
1823 0.002000 2133
1824 0.002000 2133
1825 0.002000 2133
1826 0.002000 2133
1827 0.002000 2133
1828 0.002000 2133
1829 0.002000 2133
1830 0.002000 2133
1831 0.002000 2133
1832 0.002000 2133
1833 0.002000 2133
1834 0.002000 2133
1835 0.002000 2133
1836 0.002000 2133
1837 0.002000 2133
1838 0.002000 2133
1839 0.002000 2133
1840 0.002000 2133
1841 0.002000 2133
1842 0.002000 2133
1843 0.002000 2133
1844 0.002000 2133
1845 0.002000 2133
1846 0.002000 2133
1847 0.002000 2133
1848 0.002000 2133
1849 0.002000 2133
1850 0.002000 2133
1851 0.002000 2133
1852 0.002000 2133
1853 0.002000 2133
1854 0.002000 2133
1855 0.002000 2133
1856 0.002000 2133
1857 0.002000 2133
1858 0.002000 2133
1859 0.002000 2133
1860 0.002000 2133
1861 0.002000 2133
1862 0.002000 2133
1863 0.002000 2133
1864 0.002000 2133
1865 0.002000 2133
1866 0.002000 2133
1867 0.002000 2133
1868 0.002000 2133
1869 0.002000 2133
1870 0.002000 2133
1871 0.002000 2133
1872 0.002000 2133
1873 0.002000 2133
1874 0.002000 2133
1875 0.002000 2133
1876 0.002000 2133
1877 0.002000 2133
1878 0.002000 2133
1879 0.002000 2133
1880 0.002000 2133
1881 0.002000 2133
1882 0.002000 2133
1883 0.002000 2133
1884 0.002000 2133
1885 0.002000 2133
1886 0.002000 2133
1887 0.002000 2133
1888 0.002000 2133
1889 0.002000 2133
1890 0.002000 2133
1891 0.002000 2133
1892 0.002000 2133
1893 0.002000 2133
1894 0.002000 2133
1895 0.002000 2133
1896 0.002000 2133
1897 0.002000 2133
1898 0.002000 2133
1899 0.002000 2133
1900 0.002000 2133
1901 0.002000 2133
1902 0.002000 2133
1903 0.002000 2133
1904 0.002000 2133
1905 0.002000 2133
1906 0.002000 2133
1907 0.002000 2133
1908 0.002000 2133
1909 0.002000 2133
1910 0.002000 2133
1911 0.002000 2133
1912 0.002000 2133
1913 0.002000 2133
1914 0.002000 2133
1915 0.002000 2133
1916 0.002000 2133
1917 0.002000 2133
1918 0.002000 2133
1919 0.002000 2133
1920 0.002000 2133
1921 0.002000 2133
1922 0.002000 2133
1923 0.002000 2133
1924 0.002000 2133
1925 0.002000 2133
1926 0.002000 2133
1927 0.002000 2133
1928 0.002000 2133
1929 0.002000 2133
1930 0.002000 2133
1931 0.002000 2133
1932 0.002000 2133
1933 0.002000 2133
1934 0.002000 2133
1935 0.002000 2133
1936 0.002000 2133
1937 0.002000 2133
1938 0.002000 2133
1939 0.002000 2133
1940 0.002000 2133
1941 0.002000 2133
1942 0.002000 2133
1943 0.002000 2133
1944 0.002000 2133
1945 0.002000 2133
1946 0.002000 2133
1947 0.002000 2133
1948 0.002000 2133
1949 0.002000 2133
1950 0.002000 2133
1951 0.002000 2133
1952 0.002000 2133
1953 0.002000 2133
1954 0.002000 2133
1955 0.002000 2133
1956 0.002000 2133
1957 0.002000 2133
1958 0.002000 2133
1959 0.002000 2133
1960 0.002000 2133
1961 0.002000 2133
1962 0.002000 2133
1963 0.002000 2133
1964 0.002000 2133
1965 0.002000 2133
1966 0.002000 2133
1967 0.002000 2133
1968 0.002000 2133
1969 0.002000 2133
1970 0.002000 2133
1971 0.002000 2133
1972 0.002000 2133
1973 0.002000 2133
1974 0.002000 2133
1975 0.002000 2133
1976 0.002000 2133
1977 0.002000 2133
1978 0.002000 2133
1979 0.002000 2133
1980 0.002000 2133
1981 0.002000 2133
1982 0.002000 2133
1983 0.002000 2133
1984 0.002000 2133
1985 0.002000 2133
1986 0.002000 2133
1987 0.002000 2133
1988 0.002000 2133
1989 0.002000 2133
1990 0.002000 2133
1991 0.002000 2133
1992 0.002000 2133
1993 0.002000 2133
1994 0.002000 2133
1995 0.002000 2133
1996 0.002000 2133
1997 0.002000 2133
1998 0.002000 2133
1999 0.002000 2133
2000 0.002000 2133
2001 0.002000 2133
2002 0.002000 2133
2003 0.002000 2133
2004 0.002000 2133
2005 0.002000 2133
2006 0.002000 2133
2007 0.002000 2133
2008 0.002000 2133
2009 0.002000 2133
2010 0.002000 2133
2011 0.002000 2133
2012 0.002000 2133
2013 0.002000 2133
2014 0.002000 2133
2015 0.002000 2133
2016 0.002000 2133
2017 0.002000 2133
2018 0.002000 2133
2019 0.002000 2133
2020 0.002000 2133
2021 0.002000 2133
2022 0.002000 2133
2023 0.002000 2133
2024 0.002000 2133
2025 0.002000 2133
2026 0.002000 2133
2027 0.002000 2133
2028 0.002000 2133
2029 0.002000 2133
2030 0.002000 2133
2031 0.002000 2133
2032 0.002000 2133
2033 0.002000 2133
2034 0.002000 2133
2035 0.002000 2133
2036 0.002000 2133
2037 0.002000 2133
2038 0.002000 2133
2039 0.002000 2133
2040 0.002000 2133
2041 0.002000 2133
2042 0.002000 2133
2043 0.002000 2133
2044 0.002000 2133
2045 0.002000 2133
2046 0.002000 2133
2047 0.002000 2133
2048 0.002000 2133
2049 0.002000 2133
2050 0.002000 2133
2051 0.002000 2133
2052 0.002000 2133
2053 0.002000 2133
2054 0.002000 2133
2055 0.002000 2133
2056 0.002000 2133
2057 0.002000 2133
2058 0.002000 2133
2059 0.002000 2133
2060 0.002000 2133
2061 0.002000 2133
2062 0.002000 2133
2063 0.002000 2133
2064 0.002000 2133
2065 0.002000 2133
2066 0.002000 2133
2067 0.002000 2133
2068 0.002000 2133
2069 0.002000 2133
2070 0.002000 2133
2071 0.002000 2133
2072 0.002000 2133
2073 0.002000 2133
2074 0.002000 2133
2075 0.002000 2133
2076 0.002000 2133
2077 0.002000 2133
2078 0.002000 2133
2079 0.002000 2133
2080 0.002000 2133
2081 0.002000 2133
2082 0.002000 2133
2083 0.002000 2133
2084 0.002000 2133
2085 0.002000 2133
2086 0.002000 2133
2087 0.002000 2133
2088 0.002000 2133
2089 0.002000 2133
2090 0.002000 2133
2091 0.002000 2133
2092 0.002000 2133
2093 0.002000 2133
2094 0.002000 2133
2095 0.002000 2133
2096 0.002000 2133
2097 0.002000 2133
2098 0.002000 2133
2099 0.002000 2133
2100 0.002000 2133
2101 0.002000 2133
2102 0.002000 2133
2103 0.002000 2133
2104 0.002000 2133
2105 0.002000 2133
2106 0.002000 2133
2107 0.002000 2133
2108 0.002000 2133
2109 0.002000 2133
2110 0.002000 2133
2111 0.002000 2133
2112 0.002000 2133
2113 0.002000 2133
2114 0.002000 2133
2115 0.002000 2133
2116 0.002000 2133
2117 0.002000 2133
2118 0.002000 2133
2119 0.002000 2133
2120 0.002000 2133
2121 0.002000 2133
2122 0.002000 2133
2123 0.002000 2133
2124 0.002000 2133
2125 0.002000 2133
2126 0.002000 2133
2127 0.002000 2133
2128 0.002000 2133
2129 0.002000 2133
2130 0.002000 2133
2131 0.002000 2133
2132 0.002000 2133
2133 0.002000 2133
2134 0.002000 2133
2135 0.002000 2133
2136 0.002000 2133
2137 0.002000 2133
2138 0.002000 2133
2139 0.002000 2133
2140 0.002000 2133
2141 0.002000 2133
2142 0.002000 2133
2143 0.002000 2133
2144 0.002000 2133
2145 0.002000 2133
2146 0.002000 2133
2147 0.002000 2133
2148 0.002000 2133
2149 0.002000 2133
2150 0.002000 2133
2151 0.002000 2133
2152 0.002000 2133
2153 0.002000 2133
2154 0.002000 2133
2155 0.002000 2133
2156 0.002000 2133
2157 0.002000 2133
2158 0.002000 2133
2159 0.002000 2133
2160 0.002000 2133
2161 0.002000 2133
2162 0.002000 2133
2163 0.002000 2133
2164 0.002000 2133
2165 0.002000 2133
2166 0.002000 2133
2167 0.002000 2133
2168 0.002000 2133
2169 0.002000 2133
2170 0.002000 2133
2171 0.002000 2133
2172 0.002000 2133
2173 0.002000 2133
2174 0.002000 2133
2175 0.002000 2133
2176 0.002000 2133
2177 0.002000 2133
2178 0.002000 2133
2179 0.002000 2133
2180 0.002000 2133
2181 0.002000 2133
2182 0.002000 2133
2183 0.002000 2133
2184 0.002000 2133
2185 0.002000 2133
2186 0.002000 2133
2187 0.002000 2133
2188 0.002000 2133
2189 0.002000 2133
2190 0.002000 2133
2191 0.002000 2133
2192 0.002000 2133
2193 0.002000 2133
2194 0.002000 2133
2195 0.002000 2133
2196 0.002000 2133
2197 0.002000 2133
2198 0.002000 2133
2199 0.002000 2133
2200 0.002000 2133
2201 0.002000 2133
2202 0.002000 2133
2203 0.002000 2133
2204 0.002000 2133
2205 0.002000 2133
2206 0.002000 2133
2207 0.002000 2133
2208 0.002000 2133
2209 0.002000 2133
2210 0.002000 2133
2211 0.002000 2133
2212 0.002000 2133
2213 0.002000 2133
2214 0.002000 2133
2215 0.002000 2133
2216 0.002000 2133
2217 0.002000 2133
2218 0.002000 2133
2219 0.002000 2133
2220 0.002000 2133
2221 0.002000 2133
2222 0.002000 2133
2223 0.002000 2133
2224 0.002000 2133
2225 0.002000 2133
2226 0.002000 2133
2227 0.002000 2133
2228 0.002000 2133
2229 0.002000 2133
2230 0.002000 2133
2231 0.002000 2133
2232 0.002000 2133
2233 0.002000 2133
2234 0.002000 2133
2235 0.002000 2133
2236 0.002000 2133
2237 0.002000 2133
2238 0.002000 2133
2239 0.002000 2133
2240 0.002000 2133
2241 0.002000 2133
2242 0.002000 2133
2243 0.002000 2133
2244 0.002000 2133
2245 0.002000 2133
2246 0.002000 2133
2247 0.002000 2133
2248 0.002000 2133
2249 0.002000 2133
2250 0.002000 2133
2251 0.002000 2133
2252 0.002000 2133
2253 0.002000 2133
2254 0.002000 2133
2255 0.002000 2133
2256 0.002000 2133
2257 0.002000 2133
2258 0.002000 2133
2259 0.002000 2133
2260 0.002000 2133
2261 0.002000 2133
2262 0.002000 2133
2263 0.002000 2133
2264 0.002000 2133
2265 0.002000 2133
2266 0.002000 2133
2267 0.002000 2133
2268 0.002000 2133
2269 0.002000 2133
2270 0.002000 2133
2271 0.002000 2133
2272 0.002000 2133
2273 0.002000 2133
2274 0.002000 2133
2275 0.002000 2133
2276 0.002000 2133
2277 0.002000 2133
2278 0.002000 2133
2279 0.002000 2133
2280 0.002000 2133
2281 0.002000 2133
2282 0.002000 2133
2283 0.002000 2133
2284 0.002000 2133
2285 0.002000 2133
2286 0.002000 2133
2287 0.002000 2133
2288 0.002000 2133
2289 0.002000 2133
2290 0.002000 2133
2291 0.002000 2133
2292 0.002000 2133
2293 0.002000 2133
2294 0.002000 2133
2295 0.002000 2133
2296 0.002000 2133
2297 0.002000 2133
2298 0.002000 2133
2299 0.002000 2133
2300 0.002000 2133
2301 0.002000 2133
2302 0.002000 2133
2303 0.002000 2133
2304 0.002000 2133
2305 0.002000 2133
2306 0.002000 2133
2307 0.002000 2133
2308 0.002000 2133
2309 0.002000 2133
2310 0.002000 2133
2311 0.002000 2133
2312 0.002000 2133
2313 0.002000 2133
2314 0.002000 2133
2315 0.002000 2133
2316 0.002000 2133
2317 0.002000 2133
2318 0.002000 2133
2319 0.002000 2133
2320 0.002000 2133
2321 0.002000 2133
2322 0.002000 2133
2323 0.002000 2133
2324 0.002000 2133
2325 0.002000 2133
2326 0.002000 2133
2327 0.002000 2133
2328 0.002000 2133
2329 0.002000 2133
2330 0.002000 2133
2331 0.002000 2133
2332 0.002000 2133
2333 0.002000 2133
2334 0.002000 2133
2335 0.002000 2133
2336 0.002000 2133
2337 0.002000 2133
2338 0.002000 2133
2339 0.002000 2133
2340 0.002000 2133
2341 0.002000 2133
2342 0.002000 2133
2343 0.002000 2133
2344 0.002000 2133
2345 0.002000 2133
2346 0.002000 2133
2347 0.002000 2133
2348 0.002000 2133
2349 0.002000 2133
2350 0.002000 2133
2351 0.002000 2133
2352 0.002000 2133
2353 0.002000 2133
2354 0.002000 2133
2355 0.002000 2133
2356 0.002000 2133
2357 0.002000 2133
2358 0.002000 2133
2359 0.002000 2133
2360 0.002000 2133
2361 0.002000 2133
2362 0.002000 2133
2363 0.002000 2133
2364 0.002000 2133
2365 0.002000 2133
2366 0.002000 2133
2367 0.002000 2133
2368 0.002000 2133
2369 0.002000 2133
2370 0.002000 2133
2371 0.002000 2133
2372 0.002000 2133
2373 0.002000 2133
2374 0.002000 2133
2375 0.002000 2133
2376 0.002000 2133
2377 0.002000 2133
2378 0.002000 2133
2379 0.002000 2133
2380 0.002000 2133
2381 0.002000 2133
2382 0.002000 2133
2383 0.002000 2133
2384 0.002000 2133
2385 0.002000 2133
2386 0.002000 2133
2387 0.002000 2133
2388 0.002000 2133
2389 0.002000 2133
2390 0.002000 2133
2391 0.002000 2133
2392 0.002000 2133
2393 0.002000 2133
2394 0.002000 2133
2395 0.002000 2133
2396 0.002000 2133
2397 0.002000 2133
2398 0.002000 2133
2399 0.002000 2133
2400 0.002000 2133
2401 0.002000 2133
2402 0.002000 2133
2403 0.002000 2133
2404 0.002000 2133
2405 0.002000 2133
2406 0.002000 2133
2407 0.002000 2133
2408 0.002000 2133
2409 0.002000 2133
2410 0.002000 2133
2411 0.002000 2133
2412 0.002000 2133
2413 0.002000 2133
2414 0.002000 2133
2415 0.002000 2133
2416 0.002000 2133
2417 0.002000 2133
2418 0.002000 2133
2419 0.002000 2133
2420 0.002000 2133
2421 0.002000 2133
2422 0.002000 2133
2423 0.002000 2133
2424 0.002000 2133
2425 0.002000 2133
2426 0.002000 2133
2427 0.002000 2133
2428 0.002000 2133
2429 0.002000 2133
2430 0.002000 2133
2431 0.002000 2133
2432 0.002000 2133
2433 0.002000 2133
2434 0.002000 2133
2435 0.002000 2133
2436 0.002000 2133
2437 0.002000 2133
2438 0.002000 2133
2439 0.002000 2133
2440 0.002000 2133
2441 0.002000 2133
2442 0.002000 2133
2443 0.002000 2133
2444 0.002000 2133
2445 0.002000 2133
2446 0.002000 2133
2447 0.002000 2133
2448 0.002000 2133
2449 0.002000 2133
2450 0.002000 2133
2451 0.002000 2133
2452 0.002000 2133
2453 0.002000 2118
2454 0.002000 2118
2455 0.002000 2118
2456 0.002000 2118
2457 0.002000 2118
2458 0.002000 2118
2459 0.002000 2118
2460 0.002000 2118
2461 0.002000 2118
2462 0.002000 2118
2463 0.002000 2118
2464 0.002000 2118
2465 0.002000 2118
2466 0.002000 2118
2467 0.002000 2118
2468 0.002000 2118
2469 0.002000 2118
2470 0.002000 2118
2471 0.002000 2118
2472 0.002000 2118
2473 0.002000 2118
2474 0.002000 2118
2475 0.002000 2118
2476 0.002000 2118
2477 0.002000 2118
2478 0.002000 2118
2479 0.002000 2118
2480 0.002000 2118
2481 0.002000 2118
2482 0.002000 2118
2483 0.002000 2118
2484 0.002000 2118
2485 0.002000 2118
2486 0.002000 2118
2487 0.002000 2118
2488 0.002000 2118
2489 0.002000 2118
2490 0.002000 2118
2491 0.002000 2118
2492 0.002000 2118
2493 0.002000 2118
2494 0.002000 2118
2495 0.002000 2118
2496 0.002000 2118
2497 0.002000 2118
2498 0.002000 2118
2499 0.002000 2118
2500 0.002000 2118
2501 0.002000 2118
2502 0.002000 2118
2503 0.002000 2118
2504 0.002000 2118
2505 0.002000 2118
2506 0.002000 2118
2507 0.002000 2118
2508 0.002000 2118
2509 0.002000 2118
2510 0.002000 2118
2511 0.002000 2118
2512 0.002000 2118
2513 0.002000 2118
2514 0.002000 2118
2515 0.002000 2118
2516 0.002000 2118
2517 0.002000 2118
2518 0.002000 2118
2519 0.002000 2118
2520 0.002000 2118
2521 0.002000 2118
2522 0.002000 2118
2523 0.002000 2118
2524 0.002000 2118
2525 0.002000 2118
2526 0.002000 2118
2527 0.002000 2118
2528 0.002000 2118
2529 0.002000 2118
2530 0.002000 2118
2531 0.002000 2118
2532 0.002000 2118
2533 0.002000 2118
2534 0.002000 2118
2535 0.002000 2118
2536 0.002000 2118
2537 0.002000 2118
2538 0.002000 2118
2539 0.002000 2118
2540 0.002000 2118
2541 0.002000 2118
2542 0.002000 2118
2543 0.002000 2118
2544 0.002000 2118
2545 0.002000 2118
2546 0.002000 2118
2547 0.002000 2118
2548 0.002000 2118
2549 0.002000 2118
2550 0.002000 2118
2551 0.002000 2118
2552 0.002000 2118
2553 0.002000 2118
2554 0.002000 2118
2555 0.002000 2118
2556 0.002000 2118
2557 0.002000 2118
2558 0.002000 2118
2559 0.002000 2118
2560 0.002000 2118
2561 0.002000 2118
2562 0.002000 2118
2563 0.002000 2118
2564 0.002000 2118
2565 0.002000 2118
2566 0.002000 2118
2567 0.002000 2118
2568 0.002000 2118
2569 0.002000 2118
2570 0.002000 2118
2571 0.002000 2118
2572 0.002000 2118
2573 0.002000 2118
2574 0.002000 2118
2575 0.002000 2118
2576 0.002000 2118
2577 0.002000 2118
2578 0.002000 2118
2579 0.002000 2118
2580 0.002000 2118
2581 0.002000 2118
2582 0.002000 2118
2583 0.002000 2118
2584 0.002000 2118
2585 0.002000 2118
2586 0.002000 2118
2587 0.002000 2118
2588 0.002000 2118
2589 0.002000 2118
2590 0.002000 2118
2591 0.002000 2118
2592 0.002000 2118
2593 0.002000 2118
2594 0.002000 2118
2595 0.002000 2118
2596 0.002000 2118
2597 0.002000 2118
2598 0.002000 2118
2599 0.002000 2118
2600 0.002000 2118
2601 0.002000 2118
2602 0.002000 2118
2603 0.002000 2118
2604 0.002000 2118
2605 0.002000 2118
2606 0.002000 2118
2607 0.002000 2118
2608 0.002000 2118
2609 0.002000 2118
2610 0.002000 2118
2611 0.002000 2118
2612 0.002000 2118
2613 0.002000 2118
2614 0.002000 2118
2615 0.002000 2118
2616 0.002000 2118
2617 0.002000 2118
2618 0.002000 2118
2619 0.002000 2118
2620 0.002000 2118
2621 0.002000 2118
2622 0.002000 2118
2623 0.002000 2118
2624 0.002000 2118
2625 0.002000 2118
2626 0.002000 2118
2627 0.002000 2118
2628 0.002000 2118
2629 0.002000 2118
2630 0.002000 2118
2631 0.002000 2118
2632 0.002000 2118
2633 0.002000 2118
2634 0.002000 2118
2635 0.002000 2118
2636 0.002000 2118
2637 0.002000 2118
2638 0.002000 2118
2639 0.002000 2118
2640 0.002000 2118
2641 0.002000 2118
2642 0.002000 2118
2643 0.002000 2118
2644 0.002000 2118
2645 0.002000 2118
2646 0.002000 2118
2647 0.002000 2118
2648 0.002000 2118
2649 0.002000 2118
2650 0.002000 2118
2651 0.002000 2118
2652 0.002000 2118
2653 0.002000 2118
2654 0.002000 2118
2655 0.002000 2118
2656 0.002000 2118
2657 0.002000 2118
2658 0.002000 2118
2659 0.002000 2118
2660 0.002000 2118
2661 0.002000 2118
2662 0.002000 2118
2663 0.002000 2118
2664 0.002000 2118
2665 0.002000 2118
2666 0.002000 2118
2667 0.002000 2118
2668 0.002000 2118
2669 0.002000 2118
2670 0.002000 2118
2671 0.002000 2118
2672 0.002000 2118
2673 0.002000 2118
2674 0.002000 2118
2675 0.002000 2118
2676 0.002000 2118
2677 0.002000 2118
2678 0.002000 2118
2679 0.002000 2118
2680 0.002000 2118
2681 0.002000 2118
2682 0.002000 2118
2683 0.002000 2118
2684 0.002000 2118
2685 0.002000 2118
2686 0.002000 2118
2687 0.002000 2118
2688 0.002000 2118
2689 0.002000 2118
2690 0.002000 2118
2691 0.002000 2118
2692 0.002000 2118
2693 0.002000 2118
2694 0.002000 2118
2695 0.002000 2118
2696 0.002000 2118
2697 0.002000 2118
2698 0.002000 2118
2699 0.002000 2118
2700 0.002000 2118
2701 0.002000 2118
2702 0.002000 2118
2703 0.002000 2118
2704 0.002000 2118
2705 0.002000 2118
2706 0.002000 2118
2707 0.002000 2118
2708 0.002000 2118
2709 0.002000 2118
2710 0.002000 2118
2711 0.002000 2118
2712 0.002000 2118
2713 0.002000 2118
2714 0.002000 2118
2715 0.002000 2118
2716 0.002000 2118
2717 0.002000 2118
2718 0.002000 2118
2719 0.002000 2118
2720 0.002000 2118
2721 0.002000 2118
2722 0.002000 2118
2723 0.002000 2118
2724 0.002000 2118
2725 0.002000 2118
2726 0.002000 2118
2727 0.002000 2118
2728 0.002000 2118
2729 0.002000 2118
2730 0.002000 2118
2731 0.002000 2118
2732 0.002000 2118
2733 0.002000 2118
2734 0.002000 2118
2735 0.002000 2118
2736 0.002000 2118
2737 0.002000 2118
2738 0.002000 2118
2739 0.002000 2118
2740 0.002000 2118
2741 0.002000 2118
2742 0.002000 2118
2743 0.002000 2118
2744 0.002000 2118
2745 0.002000 2118
2746 0.002000 2118
2747 0.002000 2118
2748 0.002000 2118
2749 0.002000 2118
2750 0.002000 2118
2751 0.002000 2118
2752 0.002000 2118
2753 0.002000 2118
2754 0.002000 2118
2755 0.002000 2118
2756 0.002000 2118
2757 0.002000 2118
2758 0.002000 2118
2759 0.002000 2118
2760 0.002000 2118
2761 0.002000 2118
2762 0.002000 2118
2763 0.002000 2118
2764 0.002000 2118
2765 0.002000 2118
2766 0.002000 2118
2767 0.002000 2118
2768 0.002000 2118
2769 0.002000 2118
2770 0.002000 2118
2771 0.002000 2118
2772 0.002000 2118
2773 0.002000 2118
2774 0.002000 2118
2775 0.002000 2118
2776 0.002000 2118
2777 0.002000 2118
2778 0.002000 2118
2779 0.002000 2118
2780 0.002000 2118
2781 0.002000 2118
2782 0.002000 2118
2783 0.002000 2118
2784 0.002000 2118
2785 0.002000 2118
2786 0.002000 2118
2787 0.002000 2118
2788 0.002000 2118
2789 0.002000 2118
2790 0.002000 2118
2791 0.002000 2118
2792 0.002000 2118
2793 0.002000 2118
2794 0.002000 2118
2795 0.002000 2118
2796 0.002000 2118
2797 0.002000 2118
2798 0.002000 2118
2799 0.002000 2118
2800 0.002000 2118
2801 0.002000 2118
2802 0.002000 2118
2803 0.002000 2118
2804 0.002000 2118
2805 0.002000 2118
2806 0.002000 2118
2807 0.002000 2118
2808 0.002000 2118
2809 0.002000 2118
2810 0.002000 2118
2811 0.002000 2118
2812 0.002000 2118
2813 0.002000 2118
2814 0.002000 2118
2815 0.002000 2118
2816 0.002000 2118
2817 0.002000 2118
2818 0.002000 2118
2819 0.002000 2118
2820 0.002000 2118
2821 0.002000 2118
2822 0.002000 2118
2823 0.002000 2118
2824 0.002000 2118
2825 0.002000 2118
2826 0.002000 2118
2827 0.002000 2118
2828 0.002000 2118
2829 0.002000 2118
2830 0.002000 2118
2831 0.002000 2118
2832 0.002000 2118
2833 0.002000 2118
2834 0.002000 2118
2835 0.002000 2118
2836 0.002000 2118
2837 0.002000 2118
2838 0.002000 2118
2839 0.002000 2118
2840 0.002000 2118
2841 0.002000 2118
2842 0.002000 2118
2843 0.002000 2118
2844 0.002000 2118
2845 0.002000 2118
2846 0.002000 2118
2847 0.002000 2118
2848 0.002000 2118
2849 0.002000 2118
2850 0.002000 2118
2851 0.002000 2118
2852 0.002000 2118
2853 0.002000 2118
2854 0.002000 2118
2855 0.002000 2118
2856 0.002000 2118
2857 0.002000 2118
2858 0.002000 2118
2859 0.002000 2118
2860 0.002000 2118
2861 0.002000 2118
2862 0.002000 2118
2863 0.002000 2118
2864 0.002000 2118
2865 0.002000 2118
2866 0.002000 2118
2867 0.002000 2118
2868 0.002000 2118
2869 0.002000 2118
2870 0.002000 2118
2871 0.002000 2118
2872 0.002000 2118
2873 0.002000 2118
2874 0.002000 2118
2875 0.002000 2118
2876 0.002000 2118
2877 0.002000 2118
2878 0.002000 2118
2879 0.002000 2118
2880 0.002000 2118
2881 0.002000 2118
2882 0.002000 2118
2883 0.002000 2118
2884 0.002000 2118
2885 0.002000 2118
2886 0.002000 2118
2887 0.002000 2118
2888 0.002000 2118
2889 0.002000 2118
2890 0.002000 2118
2891 0.002000 2118
2892 0.002000 2118
2893 0.002000 2118
2894 0.002000 2118
2895 0.002000 2118
2896 0.002000 2118
2897 0.002000 2118
2898 0.002000 2118
2899 0.002000 2118
2900 0.002000 2118
2901 0.002000 2118
2902 0.002000 2118
2903 0.002000 2118
2904 0.002000 2118
2905 0.002000 2118
2906 0.002000 2118
2907 0.002000 2118
2908 0.002000 2118
2909 0.002000 2118
2910 0.002000 2118
2911 0.002000 2118
2912 0.002000 2118
2913 0.002000 2118
2914 0.002000 2118
2915 0.002000 2118
2916 0.002000 2118
2917 0.002000 2118
2918 0.002000 2118
2919 0.002000 2118
2920 0.002000 2118
2921 0.002000 2118
2922 0.002000 2118
2923 0.002000 2118
2924 0.002000 2118
2925 0.002000 2118
2926 0.002000 2118
2927 0.002000 2118
2928 0.002000 2118
2929 0.002000 2118
2930 0.002000 2118
2931 0.002000 2118
2932 0.002000 2118
2933 0.002000 2118
2934 0.002000 2118
2935 0.002000 2118
2936 0.002000 2118
2937 0.002000 2118
2938 0.002000 2118
2939 0.002000 2118
2940 0.002000 2118
2941 0.002000 2118
2942 0.002000 2118
2943 0.002000 2118
2944 0.002000 2118
2945 0.002000 2118
2946 0.002000 2118
2947 0.002000 2118
2948 0.002000 2118
2949 0.002000 2118
2950 0.002000 2118
2951 0.002000 2118
2952 0.002000 2118
2953 0.002000 2118
2954 0.002000 2118
2955 0.002000 2118
2956 0.002000 2118
2957 0.002000 2118
2958 0.002000 2118
2959 0.002000 2118
2960 0.002000 2118
2961 0.002000 2118
2962 0.002000 2118
2963 0.002000 2118
2964 0.002000 2118
2965 0.002000 2118
2966 0.002000 2118
2967 0.002000 2118
2968 0.002000 2118
2969 0.002000 2118
2970 0.002000 2118
2971 0.002000 2118
2972 0.002000 2118
2973 0.002000 2118
2974 0.002000 2118
2975 0.002000 2118
2976 0.002000 2118
2977 0.002000 2118
2978 0.002000 2118
2979 0.002000 2118
2980 0.002000 2118
2981 0.002000 2118
2982 0.002000 2118
2983 0.002000 2118
2984 0.002000 2118
2985 0.002000 2118
2986 0.002000 2118
2987 0.002000 2118
2988 0.002000 2118
2989 0.002000 2118
2990 0.002000 2118
2991 0.002000 2118
2992 0.002000 2118
2993 0.002000 2118
2994 0.002000 2118
2995 0.002000 2118
2996 0.002000 2118
2997 0.002000 2118
2998 0.002000 2118
2999 0.002000 2118
3000 0.002000 2118
# Final Best Cost: 2118
