# Instance: usa13509.tsp
# Method: simulated-annealing
# output: step cost
0 224760
0.088000 224760
0.172000 224760
0.253000 224760
0.336000 224760
0.416000 224760
0.503000 224760
0.609000 224760
0.719000 224760
0.808000 224760
0.892000 224760
0.978000 224760
1.064000 224760
1.150000 224760
1.233000 224760
1.320000 224760
1.405000 224760
1.490000 224760
1.572000 224760
1.655000 224760
1.737000 224760
1.821000 224760
1.904000 224760
1.986000 224760
2.070000 224760
2.154000 224760
2.236000 224760
2.318000 224760
2.401000 224760
2.483000 224760
2.566000 224760
2.649000 224760
2.730000 224760
2.814000 224760
2.897000 224760
2.979000 224760
3.061000 224760
3.143000 224760
3.226000 224760
3.307000 224760
3.388000 224760
3.471000 224760
3.552000 224760
3.673000 224760
3.761000 224760
3.845000 224760
3.925000 224760
4.007000 224760
4.089000 224760
4.172000 224760
4.254000 224760
4.337000 224760
4.419000 224760
4.500000 224760
4.582000 224760
4.663000 224760
4.745000 224760
4.829000 224760
4.911000 224760
4.994000 224760
5.077000 224760
5.160000 224760
5.242000 224760
5.324000 224760
5.406000 224760
5.487000 224760
5.570000 224760
5.654000 224760
5.739000 224760
5.820000 224760
5.902000 224760
5.985000 224760
6.066000 224760
6.148000 224760
6.232000 224760
6.314000 224760
6.397000 224760
6.480000 224760
6.563000 224760
6.646000 224760
6.729000 224760
6.810000 224760
6.892000 224760
6.974000 224760
7.055000 224760
7.137000 224760
7.222000 224760
7.304000 224760
7.388000 224760
7.471000 224760
7.551000 224760
7.632000 224760
7.715000 224760
7.797000 224760
7.876000 224760
7.958000 224760
8.040000 224760
8.122000 224760
8.203000 224760
8.285000 224760
8.367000 224760
8.449000 224760
8.531000 224760
8.612000 224760
8.697000 224760
8.778000 224760
8.858000 224760
8.939000 224760
9.020000 224760
9.100000 224760
9.182000 224760
9.266000 224760
9.348000 224760
9.431000 224760
9.511000 224760
9.593000 224760
9.675000 224760
9.757000 224760
9.837000 224760
9.918000 224760
10.001000 224760
10.080000 224760
10.162000 224760
10.252000 224760
10.334000 224760
10.415000 224760
10.498000 224760
10.578000 224760
10.661000 224760
10.745000 224760
10.828000 224760
10.911000 224760
10.993000 224760
11.074000 224760
11.156000 224760
11.239000 224760
11.321000 224760
11.404000 224760
11.486000 224760
11.569000 224760
11.652000 224760
11.736000 224760
11.819000 224760
11.900000 224760
11.983000 224760
12.064000 224760
12.146000 224760
12.230000 224760
12.310000 224760
12.392000 224760
12.474000 224760
12.592000 224760
12.674000 224760
12.758000 224760
12.838000 224760
12.920000 224760
13.003000 224760
13.086000 224760
13.167000 224760
13.249000 224760
13.335000 224760
13.423000 224760
13.509000 224760
13.597000 224760
13.683000 224760
13.767000 224760
13.851000 224760
13.935000 224760
14.021000 224760
14.107000 224760
14.194000 224760
14.280000 224760
14.364000 224760
14.447000 224760
14.533000 224760
14.617000 224760
14.697000 224760
14.781000 224760
14.865000 224760
14.946000 224760
15.028000 224760
15.110000 224760
15.192000 224760
15.276000 224760
15.363000 224760
15.448000 224760
15.534000 224760
15.621000 224760
15.707000 224760
15.796000 224760
15.882000 224760
15.969000 224760
16.055000 224760
16.137000 224760
16.220000 224760
16.307000 224760
16.395000 224760
16.475000 224760
16.576000 224760
16.661000 224760
16.746000 224760
16.832000 224760
16.916000 224760
17.000000 224760
17.085000 224760
17.168000 224760
17.251000 224760
17.337000 224760
17.421000 224760
17.505000 224760
17.588000 224760
17.670000 224760
17.753000 224760
17.837000 224760
17.922000 224760
18.005000 224760
18.092000 224760
18.180000 224760
18.263000 224760
18.346000 224760
18.428000 224760
18.511000 224760
18.594000 224760
18.678000 224760
18.761000 224760
18.845000 224760
18.927000 224760
19.007000 224760
19.087000 224760
19.168000 224760
19.250000 224760
19.333000 224760
19.416000 224760
19.497000 224760
19.579000 224760
19.661000 224760
19.743000 224760
19.825000 224760
19.908000 224760
19.986000 224760
20.068000 224760
20.149000 224760
20.234000 224760
20.314000 224760
20.396000 224760
20.479000 224760
20.561000 224760
20.641000 224760
20.724000 224760
20.805000 224760
20.887000 224760
20.969000 224760
21.049000 224760
21.130000 224760
21.211000 224760
21.292000 224760
21.375000 224760
21.457000 224760
21.540000 224760
21.622000 224760
21.704000 224760
21.786000 224760
21.875000 224760
21.957000 224760
22.039000 224760
22.119000 224760
22.203000 224760
22.288000 224760
22.371000 224760
22.454000 224760
22.536000 224760
22.616000 224760
22.699000 224760
22.779000 224760
22.860000 224760
22.941000 224760
23.023000 224760
23.104000 224760
23.191000 224760
23.273000 224760
23.354000 224760
23.435000 224760
23.517000 224760
23.599000 224760
23.683000 224760
23.763000 224760
23.844000 224760
23.925000 224760
24.009000 224760
24.094000 224760
24.178000 224760
24.263000 224760
24.348000 224760
24.432000 224760
24.517000 224760
24.603000 224760
24.693000 224760
24.778000 224760
24.862000 224760
24.948000 224760
25.033000 224760
25.114000 224760
25.195000 224760
25.276000 224760
25.358000 224760
25.440000 224760
25.522000 224760
25.603000 224760
25.684000 224760
25.766000 224760
25.848000 224760
25.933000 224760
26.015000 224760
26.097000 224760
26.179000 224760
26.261000 224760
26.344000 224760
26.426000 224760
26.509000 224760
26.592000 224760
26.674000 224760
26.757000 224760
26.848000 224760
26.934000 224760
27.015000 224760
27.104000 224760
27.186000 224760
27.274000 224760
27.360000 224760
27.449000 224760
27.537000 224760
27.625000 224760
27.716000 224760
27.815000 224760
27.912000 224760
28.005000 224760
28.094000 224760
28.185000 224760
28.281000 224760
28.374000 224760
28.464000 224760
28.548000 224760
28.632000 224760
28.716000 224760
28.800000 224760
28.883000 224760
28.967000 224760
29.049000 224760
29.133000 224760
29.216000 224760
29.298000 224760
29.380000 224760
29.462000 224760
29.546000 224760
29.627000 224760
29.707000 224760
29.788000 224760
29.871000 224760
29.953000 224760
30.036000 224760
30.118000 224760
30.198000 224760
30.280000 224760
30.363000 224760
30.445000 224760
30.527000 224760
30.607000 224760
30.689000 224760
30.771000 224760
30.855000 224760
30.937000 224760
31.021000 224760
31.105000 224760
31.187000 224760
31.269000 224760
31.352000 224760
31.435000 224760
31.518000 224760
31.600000 224760
31.682000 224760
31.763000 224760
31.845000 224760
31.926000 224760
32.007000 224760
32.088000 224760
32.169000 224760
32.249000 224760
32.330000 224760
32.412000 224760
32.493000 224760
32.577000 224760
32.661000 224760
32.744000 224760
32.828000 224760
32.909000 224760
32.992000 224760
33.073000 224760
33.156000 224760
33.237000 224760
33.321000 224760
33.404000 224760
33.487000 224760
33.569000 224760
33.653000 224760
33.735000 224760
33.818000 224760
33.900000 224760
33.984000 224760
34.067000 224760
34.149000 224760
34.230000 224760
34.314000 224760
34.398000 224760
34.482000 224760
34.565000 224760
34.648000 224760
34.730000 224760
34.812000 224760
34.894000 224760
34.978000 224760
35.060000 224760
35.142000 224760
35.224000 224760
35.307000 224760
35.391000 224760
35.473000 224760
35.556000 224760
35.638000 224760
35.721000 224760
35.803000 224760
35.885000 224760
35.968000 224760
36.053000 224760
36.134000 224760
36.216000 224760
36.297000 224760
36.378000 224760
36.460000 224760
36.541000 224760
36.625000 224760
36.708000 224760
36.792000 224760
36.875000 224760
36.959000 224760
37.044000 224760
37.128000 224760
37.210000 224760
37.293000 224760
37.377000 224760
37.461000 224760
37.544000 224760
37.628000 224760
37.711000 224760
37.795000 224760
37.879000 224760
37.961000 224760
38.046000 224760
38.130000 224760
38.210000 224760
38.294000 224760
38.377000 224760
38.459000 224760
38.543000 224760
38.626000 224760
38.712000 224760
38.796000 224760
38.880000 224760
38.962000 224760
39.043000 224760
39.126000 224760
39.206000 224760
39.288000 224760
39.368000 224760
39.450000 224760
39.530000 224760
39.611000 224760
39.694000 224760
39.775000 224760
39.857000 224760
39.939000 224760
40.021000 224760
40.102000 224760
40.184000 224760
40.265000 224760
40.346000 224760
40.427000 224760
40.509000 187891
40.592000 187891
40.675000 187891
40.756000 187891
40.840000 187891
40.923000 187891
41.006000 187891
41.089000 187891
41.171000 187891
41.256000 187891
41.339000 187891
41.422000 187891
41.505000 187891
41.590000 187891
41.674000 187891
41.757000 187891
41.841000 187891
41.923000 187891
42.005000 187891
42.086000 187891
42.170000 187891
42.250000 187891
42.337000 187891
42.418000 187891
42.500000 187891
42.580000 187891
42.663000 187891
42.746000 187891
42.827000 187891
42.908000 187891
42.991000 187891
43.074000 187891
43.158000 187891
43.239000 187891
43.321000 187891
43.405000 187891
43.487000 187891
43.573000 187891
43.655000 187891
43.736000 187891
43.819000 187891
43.900000 187891
43.982000 187891
44.064000 187891
44.147000 187891
44.230000 187891
44.313000 187891
44.395000 187891
44.478000 187891
44.561000 187891
44.646000 187891
44.730000 187891
44.814000 187891
44.896000 187891
44.980000 187891
45.063000 187891
45.145000 187891
45.227000 187891
45.309000 187891
45.393000 187891
45.474000 187891
45.558000 187891
45.642000 187891
45.725000 187891
45.810000 187891
45.893000 187891
45.975000 187891
46.059000 187891
46.144000 187891
46.228000 187891
46.309000 187891
46.389000 187891
46.472000 187891
46.555000 187891
46.641000 187891
46.723000 187891
46.805000 187891
46.894000 187891
46.979000 187891
47.062000 187891
47.144000 187891
47.224000 187891
47.306000 187891
47.389000 187891
47.472000 187891
47.554000 187891
47.636000 187891
47.720000 187891
47.802000 187891
47.886000 187891
47.969000 187891
48.052000 187891
48.135000 187891
48.220000 187891
48.302000 187891
48.390000 187891
48.473000 187891
48.553000 187891
48.636000 187891
48.720000 187891
48.802000 187891
48.886000 187891
48.968000 187891
49.050000 187891
49.133000 187891
49.214000 187891
49.296000 187891
49.379000 187891
49.461000 187891
49.543000 187891
49.626000 187891
49.708000 187891
49.790000 187891
49.873000 187891
49.957000 187891
50.039000 187891
50.121000 187891
50.204000 187891
50.287000 187891
50.367000 187891
50.450000 187891
50.534000 187891
50.617000 187891
50.699000 187891
50.782000 187891
50.863000 187891
50.944000 187891
51.026000 187891
51.108000 187891
51.189000 187891
51.269000 187891
51.350000 187891
51.431000 187891
51.518000 187891
51.601000 187891
51.683000 187891
51.765000 187891
51.846000 187891
51.929000 187891
52.010000 187891
52.092000 187891
52.173000 187891
52.257000 187891
52.339000 187891
52.420000 187891
52.503000 187891
52.583000 187891
52.664000 187891
52.746000 187891
52.828000 187891
52.910000 187891
52.993000 187891
53.077000 187891
53.158000 187891
53.240000 187891
53.321000 187891
53.409000 187891
53.493000 187891
53.575000 187891
53.660000 187891
53.745000 187891
53.827000 187891
53.910000 187891
53.992000 187891
54.075000 187891
54.157000 187891
54.239000 187891
54.322000 187891
54.402000 187891
54.483000 187891
54.568000 187891
54.650000 187891
54.732000 187891
54.813000 187891
54.894000 187891
54.984000 187891
55.073000 187891
55.159000 187891
55.250000 187891
55.339000 187891
55.424000 187891
55.509000 187891
55.597000 187891
55.682000 187891
55.769000 187891
55.852000 187891
55.933000 187891
56.016000 187891
56.099000 187891
56.182000 187891
56.265000 187891
56.348000 187891
56.427000 187891
56.510000 187891
56.592000 187891
56.673000 187891
56.756000 187891
56.837000 187891
56.919000 187891
57.003000 187891
57.085000 187891
57.168000 187891
57.252000 187891
57.334000 187891
57.416000 187891
57.499000 187891
57.581000 187891
57.663000 187891
57.745000 187891
57.827000 187891
57.908000 187891
57.988000 187891
58.069000 187891
58.150000 187891
58.233000 187891
58.315000 187891
58.399000 187891
58.480000 187891
58.563000 187891
58.645000 187891
58.728000 187891
58.812000 187891
58.894000 187891
58.979000 187891
59.062000 187891
59.144000 187891
59.226000 187891
59.309000 187891
59.391000 187891
59.473000 187891
59.555000 187891
59.638000 187891
59.722000 187891
59.807000 187891
59.890000 187891
59.972000 187891
60.054000 187891
60.137000 187891
60.219000 187891
60.301000 187891
60.384000 187891
60.466000 187891
60.548000 187891
60.632000 187891
60.713000 187891
60.798000 187891
60.879000 187891
60.961000 187891
61.043000 187891
61.125000 187891
61.208000 187891
61.290000 187891
61.373000 187891
61.454000 187891
61.537000 187891
61.621000 187891
61.703000 187891
61.787000 187891
61.868000 187891
61.952000 187891
62.036000 187891
62.120000 187891
62.203000 187891
62.286000 187891
62.368000 187891
62.450000 187891
62.531000 187891
62.614000 187891
62.698000 187891
62.779000 187891
62.863000 187891
62.943000 187891
63.026000 187891
63.108000 187891
63.189000 187891
63.273000 187891
63.356000 187891
63.438000 187891
63.520000 187891
63.603000 187891
63.684000 187891
63.766000 187891
63.854000 187891
63.936000 187891
64.018000 187891
64.099000 187891
64.180000 187891
64.262000 187891
64.344000 187891
64.428000 187891
64.508000 187891
64.591000 187891
64.673000 187891
64.755000 187891
64.837000 187891
64.919000 187891
65.002000 187891
65.085000 187891
65.168000 187891
65.251000 187891
65.332000 187891
65.414000 187891
65.494000 187891
65.576000 187891
65.659000 187891
65.745000 187891
65.827000 187891
65.911000 187891
65.993000 187891
66.076000 187891
66.159000 187891
66.242000 187891
66.325000 187891
66.407000 187891
66.489000 187891
66.569000 187891
66.650000 187891
66.732000 187891
66.815000 187891
66.896000 187891
66.979000 187891
67.062000 187891
67.144000 187891
67.226000 187891
67.308000 187891
67.391000 187891
67.474000 187891
67.554000 187891
67.636000 187891
67.718000 187891
67.802000 187891
67.884000 187891
67.967000 187891
68.048000 187891
68.130000 187891
68.212000 187891
68.295000 187891
68.376000 187891
68.460000 187891
68.541000 187891
68.623000 187891
68.706000 187891
68.787000 187891
68.869000 187891
68.954000 187891
69.036000 187891
69.121000 187891
69.202000 187891
69.285000 187891
69.367000 187891
69.450000 187891
69.532000 187891
69.614000 187891
69.696000 187891
69.780000 187891
69.868000 187891
69.950000 187891
70.034000 187891
70.115000 187891
70.197000 187891
70.305000 187891
70.396000 187891
70.480000 187891
70.559000 187891
70.640000 187891
70.722000 187891
70.805000 187891
70.885000 187891
70.969000 187891
71.051000 187891
71.133000 187891
71.214000 187891
71.295000 187891
71.407000 187891
71.489000 187891
71.571000 187891
71.653000 187891
71.733000 187891
71.813000 187891
71.893000 187891
71.975000 187891
72.057000 187891
72.139000 187891
72.220000 187891
72.302000 187891
72.382000 187891
72.466000 187891
72.549000 187891
72.629000 187891
72.712000 187891
72.794000 187891
72.876000 187891
72.958000 187891
73.040000 187891
73.124000 187891
73.206000 187891
73.287000 187891
73.368000 187891
73.450000 187891
73.531000 187891
73.614000 187891
73.698000 187891
73.780000 187891
73.862000 187891
73.944000 187891
74.026000 187891
74.110000 187891
74.192000 187891
74.274000 187891
74.355000 187891
74.438000 187891
74.520000 187891
74.601000 187891
74.682000 187891
74.767000 187891
74.850000 187891
74.932000 187891
75.015000 187891
75.096000 187891
75.178000 187891
75.259000 187891
75.342000 187891
75.424000 187891
75.506000 187891
75.588000 187891
75.670000 187891
75.752000 187891
75.833000 187891
75.917000 187891
75.999000 187891
76.081000 187891
76.162000 187891
76.243000 187891
76.325000 187891
76.406000 187891
76.488000 187891
76.571000 187891
76.651000 187891
76.733000 187891
76.815000 187891
76.896000 187891
76.978000 187891
77.059000 187891
77.142000 187891
77.224000 187891
77.308000 187891
77.390000 187891
77.472000 187891
77.554000 187891
77.635000 187891
77.716000 187891
77.799000 187891
77.880000 187891
77.963000 187891
78.045000 187891
78.126000 187891
78.207000 187891
78.289000 187891
78.374000 187891
78.456000 187891
78.540000 187891
78.623000 187891
78.703000 187891
78.785000 187891
78.867000 187891
78.950000 187891
79.032000 187891
79.114000 187891
79.197000 187891
79.277000 187891
79.358000 187891
79.440000 187891
79.521000 187891
79.602000 187891
79.684000 187891
79.768000 187891
79.852000 187891
79.934000 187891
80.017000 187891
80.098000 187891
80.180000 187891
80.262000 187891
80.344000 187891
80.426000 187891
80.515000 187891
80.599000 187891
80.681000 187891
80.762000 187891
80.844000 187891
80.926000 187891
81.008000 187891
81.089000 187891
81.170000 187891
81.252000 187891
81.334000 187891
81.416000 187891
81.498000 187891
81.581000 187891
81.665000 187891
81.747000 187891
81.831000 187891
81.913000 187891
81.996000 187891
82.078000 187891
82.161000 187891
82.245000 187891
82.330000 187891
82.413000 187891
82.499000 187891
82.584000 187891
82.665000 187891
82.748000 187891
82.832000 187891
82.912000 187891
82.995000 187891
83.077000 187891
83.160000 187891
83.242000 187891
83.323000 187891
83.405000 187891
83.486000 187891
83.571000 187891
83.654000 187891
83.737000 187891
83.819000 187891
83.902000 187891
83.984000 187891
84.066000 187891
84.150000 187891
84.233000 187891
84.317000 187891
84.403000 187891
84.485000 187891
84.567000 187891
84.650000 187891
84.733000 187891
84.814000 187891
84.895000 187891
84.977000 187891
85.058000 187891
85.141000 187891
85.224000 187891
85.306000 187891
85.388000 187891
85.472000 187891
85.554000 187891
85.636000 187891
85.718000 187891
85.800000 187891
85.888000 187891
85.973000 187891
86.061000 187891
86.145000 187891
86.231000 187891
86.316000 187891
86.400000 187891
86.484000 187891
86.570000 187891
86.663000 187891
86.750000 187891
86.834000 187891
86.916000 187891
86.999000 187891
87.082000 187891
87.163000 187891
87.244000 187891
87.326000 187891
87.410000 187891
87.494000 187891
87.576000 187891
87.658000 187891
87.741000 187891
87.824000 187891
87.907000 187891
87.990000 187891
88.073000 187891
88.159000 187891
88.240000 187891
88.323000 187891
88.406000 187891
88.490000 187891
88.573000 187891
88.659000 187891
88.741000 187891
88.823000 187891
88.905000 187891
88.990000 187891
89.071000 187891
89.153000 187891
89.236000 187891
89.318000 187891
89.403000 187891
89.486000 187891
89.570000 187891
89.653000 187891
89.737000 187891
89.819000 187891
89.899000 187891
89.985000 187891
90.067000 187891
90.149000 187891
90.232000 187891
90.313000 187891
90.396000 187891
90.478000 187891
90.562000 187891
90.642000 187891
90.723000 187891
90.804000 187891
90.886000 187891
90.969000 187891
91.051000 187891
91.132000 187891
91.215000 187891
91.297000 187891
91.378000 187891
91.460000 187891
91.542000 187891
91.624000 187891
91.706000 187891
91.787000 187891
91.868000 187891
91.950000 187891
92.034000 187891
92.116000 187891
92.199000 187891
92.281000 187891
92.362000 187891
92.443000 187891
92.524000 187891
92.606000 187891
92.687000 187891
92.770000 187891
92.853000 187891
92.935000 187891
93.017000 187891
93.097000 187891
93.181000 187891
93.263000 187891
93.345000 187891
93.427000 187891
93.509000 187891
93.590000 187891
93.672000 187891
93.756000 187891
93.840000 187891
93.920000 187891
94.002000 187891
94.083000 187891
94.166000 187891
94.250000 187891
94.333000 187891
94.418000 187891
94.502000 187891
94.588000 187891
94.669000 187891
94.751000 187891
94.832000 187891
94.914000 187891
94.997000 187891
95.079000 187891
# Final Best Cost: 187891
