# first_value: 3273
# Instance: eil101.tsp
# Method: random-search
# output: time cost
0 3273
1 0.000000 3273
2 0.000000 3273
3 0.000000 3273
4 0.000000 3273
5 0.000000 3273
6 0.000000 3030
7 0.000000 3030
8 0.000000 3030
9 0.000000 3030
10 0.000000 3030
11 0.000000 3030
12 0.000000 3030
13 0.000000 3030
14 0.000000 3030
15 0.000000 3030
16 0.000000 3030
17 0.000000 3030
18 0.000000 3030
19 0.000000 3030
20 0.000000 3030
21 0.000000 3030
22 0.000000 3030
23 0.000000 3030
24 0.000000 3030
25 0.000000 3030
26 0.000000 3030
27 0.000000 3030
28 0.000000 3030
29 0.000000 3030
30 0.000000 3030
31 0.000000 3030
32 0.000000 3030
33 0.000000 3030
34 0.000000 3030
35 0.000000 3030
36 0.000000 3030
37 0.000000 3030
38 0.000000 3030
39 0.000000 3030
40 0.000000 3030
41 0.000000 3030
42 0.000000 3030
43 0.000000 3030
44 0.000000 3030
45 0.000000 3030
46 0.000000 3030
47 0.000000 3030
48 0.000000 3030
49 0.000000 3030
50 0.000000 3030
51 0.000000 3030
52 0.000000 3030
53 0.000000 3030
54 0.000000 3030
55 0.000000 3030
56 0.000000 3030
57 0.000000 3030
58 0.000000 3030
59 0.000000 3030
60 0.000000 3030
61 0.000000 3030
62 0.000000 3030
63 0.000000 3030
64 0.000000 3030
65 0.000000 3030
66 0.000000 3030
67 0.000000 3030
68 0.000000 3030
69 0.000000 3030
70 0.000000 3030
71 0.000000 3030
72 0.000000 3030
73 0.000000 3030
74 0.000000 3030
75 0.000000 3030
76 0.000000 3030
77 0.000000 3030
78 0.000000 3030
79 0.000000 3030
80 0.000000 3030
81 0.000000 3030
82 0.000000 3030
83 0.000000 3030
84 0.000000 3030
85 0.000000 3030
86 0.000000 3030
87 0.000000 3030
88 0.000000 3030
89 0.000000 3030
90 0.000000 3030
91 0.000000 3030
92 0.000000 3030
93 0.000000 3030
94 0.000000 3030
95 0.000000 3030
96 0.000000 3030
97 0.000000 3030
98 0.000000 3030
99 0.000000 3030
100 0.000000 3030
101 0.000000 3030
102 0.000000 3030
103 0.000000 3030
104 0.000000 3030
105 0.000000 3030
106 0.000000 3030
107 0.000000 3030
108 0.000000 3030
109 0.000000 3030
110 0.000000 3030
111 0.000000 3030
112 0.000000 3030
113 0.000000 3030
114 0.000000 3030
115 0.000000 3030
116 0.000000 3030
117 0.000000 3030
118 0.000000 3030
119 0.000000 3030
120 0.000000 3030
121 0.000000 3030
122 0.000000 3030
123 0.000000 3030
124 0.000000 3030
125 0.000000 3030
126 0.000000 3030
127 0.000000 3030
128 0.000000 3030
129 0.000000 3030
130 0.000000 3030
131 0.000000 3030
132 0.000000 3030
133 0.000000 3030
134 0.000000 3030
135 0.000000 3030
136 0.000000 3030
137 0.000000 3030
138 0.000000 3030
139 0.000000 3030
140 0.000000 3030
141 0.000000 3030
142 0.000000 3030
143 0.000000 3030
144 0.000000 3030
145 0.000000 3030
146 0.000000 3030
147 0.000000 3030
148 0.000000 3030
149 0.000000 3030
150 0.000000 3030
151 0.000000 3030
152 0.000000 3030
153 0.000000 3030
154 0.000000 3030
155 0.000000 3030
156 0.000000 3030
157 0.000000 3030
158 0.000000 3030
159 0.000000 3030
160 0.000000 3030
161 0.000000 3030
162 0.000000 3030
163 0.000000 3030
164 0.000000 3030
165 0.000000 3030
166 0.000000 3030
167 0.000000 3030
168 0.000000 3030
169 0.000000 3030
170 0.000000 3030
171 0.000000 3030
172 0.000000 3030
173 0.000000 3030
174 0.000000 3030
175 0.000000 3030
176 0.000000 3030
177 0.000000 3030
178 0.000000 3030
179 0.000000 3030
180 0.000000 3030
181 0.000000 3030
182 0.000000 3030
183 0.000000 3030
184 0.000000 3030
185 0.000000 3030
186 0.000000 3030
187 0.000000 3030
188 0.000000 3030
189 0.000000 3030
190 0.000000 3030
191 0.000000 3030
192 0.000000 3030
193 0.000000 3030
194 0.000000 3030
195 0.000000 3030
196 0.000000 3030
197 0.000000 3030
198 0.000000 3030
199 0.000000 3030
200 0.000000 3030
201 0.000000 3030
202 0.000000 3030
203 0.000000 3030
204 0.000000 3030
205 0.000000 3030
206 0.000000 3030
207 0.000000 3030
208 0.000000 3030
209 0.000000 3030
210 0.000000 3030
211 0.000000 3030
212 0.000000 3030
213 0.000000 3030
214 0.000000 3030
215 0.000000 3030
216 0.000000 3030
217 0.000000 3030
218 0.000000 3030
219 0.000000 3030
220 0.000000 3030
221 0.000000 3030
222 0.000000 3030
223 0.000000 3030
224 0.000000 3030
225 0.000000 3030
226 0.000000 3030
227 0.000000 3030
228 0.000000 3030
229 0.000000 3030
230 0.000000 3030
231 0.000000 3030
232 0.000000 3030
233 0.000000 3030
234 0.000000 3030
235 0.000000 3030
236 0.000000 3030
237 0.000000 3030
238 0.000000 3030
239 0.000000 3030
240 0.000000 3030
241 0.000000 3030
242 0.000000 3030
243 0.000000 3030
244 0.000000 3030
245 0.000000 3030
246 0.000000 3030
247 0.000000 3030
248 0.000000 3030
249 0.000000 3030
250 0.000000 3030
251 0.000000 3030
252 0.000000 3030
253 0.000000 3030
254 0.000000 3030
255 0.000000 3030
256 0.000000 3030
257 0.000000 3030
258 0.000000 3030
259 0.000000 3030
260 0.000000 3030
261 0.000000 3030
262 0.000000 3030
263 0.000000 3030
264 0.000000 3030
265 0.000000 3030
266 0.000000 3030
267 0.000000 3030
268 0.000000 3030
269 0.000000 3030
270 0.000000 3030
271 0.000000 3030
272 0.000000 3030
273 0.000000 3030
274 0.000000 3030
275 0.000000 3030
276 0.000000 3030
277 0.000000 3030
278 0.000000 3030
279 0.000000 3030
280 0.000000 3030
281 0.000000 3030
282 0.000000 3030
283 0.000000 3030
284 0.000000 3030
285 0.000000 3030
286 0.000000 3030
287 0.000000 3030
288 0.000000 3030
289 0.000000 3030
290 0.000000 3030
291 0.000000 3030
292 0.000000 3030
293 0.000000 3030
294 0.000000 3030
295 0.000000 3030
296 0.000000 3030
297 0.000000 3030
298 0.000000 3030
299 0.000000 3030
300 0.000000 3030
301 0.000000 3030
302 0.000000 3030
303 0.000000 3030
304 0.000000 3030
305 0.000000 3030
306 0.000000 3030
307 0.000000 3030
308 0.000000 3030
309 0.000000 3030
310 0.000000 3030
311 0.000000 3030
312 0.000000 3030
313 0.000000 3030
314 0.000000 3030
315 0.000000 3030
316 0.000000 3030
317 0.000000 3030
318 0.000000 3030
319 0.000000 3030
320 0.000000 3030
321 0.000000 3030
322 0.000000 3030
323 0.000000 3030
324 0.000000 3030
325 0.000000 3030
326 0.000000 3030
327 0.000000 3030
328 0.000000 3030
329 0.000000 3030
330 0.000000 3030
331 0.000000 3030
332 0.000000 3030
333 0.000000 3030
334 0.000000 3030
335 0.000000 3030
336 0.000000 3030
337 0.000000 3030
338 0.000000 3030
339 0.000000 3030
340 0.000000 3030
341 0.000000 3030
342 0.000000 3030
343 0.000000 3030
344 0.000000 3030
345 0.000000 3030
346 0.000000 3030
347 0.000000 3030
348 0.000000 3030
349 0.000000 3030
350 0.000000 3030
351 0.000000 3030
352 0.000000 3030
353 0.000000 3030
354 0.000000 3030
355 0.000000 3030
356 0.000000 3030
357 0.000000 3030
358 0.000000 3030
359 0.000000 3030
360 0.000000 3030
361 0.000000 3030
362 0.000000 3030
363 0.000000 3030
364 0.000000 3030
365 0.000000 3030
366 0.000000 3030
367 0.000000 3030
368 0.000000 3030
369 0.000000 3030
370 0.000000 3030
371 0.000000 3030
372 0.000000 3030
373 0.000000 3030
374 0.000000 3030
375 0.000000 3030
376 0.000000 3030
377 0.000000 3030
378 0.000000 3030
379 0.000000 3030
380 0.000000 3030
381 0.000000 3030
382 0.000000 3030
383 0.000000 3030
384 0.000000 3030
385 0.000000 3030
386 0.000000 3030
387 0.000000 3030
388 0.000000 3030
389 0.000000 3030
390 0.000000 3030
391 0.000000 3030
392 0.000000 3030
393 0.000000 3030
394 0.000000 3030
395 0.000000 3030
396 0.000000 3030
397 0.000000 3030
398 0.000000 3030
399 0.000000 3030
400 0.000000 3030
401 0.000000 3030
402 0.000000 3030
403 0.000000 3030
404 0.000000 3030
405 0.000000 3030
406 0.000000 3030
407 0.000000 3030
408 0.000000 3030
409 0.000000 3030
410 0.000000 3030
411 0.000000 3030
412 0.000000 3030
413 0.000000 3030
414 0.000000 3030
415 0.000000 3030
416 0.000000 3030
417 0.000000 3030
418 0.000000 3030
419 0.000000 3030
420 0.000000 3030
421 0.000000 3030
422 0.000000 3030
423 0.000000 3030
424 0.000000 3030
425 0.000000 3030
426 0.000000 3030
427 0.000000 3030
428 0.000000 3030
429 0.000000 3030
430 0.000000 3030
431 0.000000 3030
432 0.000000 3030
433 0.000000 3030
434 0.000000 3030
435 0.000000 3030
436 0.000000 3030
437 0.000000 3030
438 0.000000 3030
439 0.000000 3030
440 0.000000 3030
441 0.000000 3030
442 0.000000 3030
443 0.000000 3030
444 0.000000 3030
445 0.000000 3030
446 0.000000 3030
447 0.000000 3030
448 0.000000 3030
449 0.000000 3030
450 0.000000 3030
451 0.000000 3030
452 0.000000 3030
453 0.000000 3030
454 0.000000 3030
455 0.000000 3030
456 0.000000 3030
457 0.000000 3030
458 0.000000 3030
459 0.000000 3030
460 0.000000 3030
461 0.000000 3030
462 0.000000 3030
463 0.000000 3030
464 0.000000 3030
465 0.000000 3030
466 0.000000 3030
467 0.000000 3030
468 0.000000 3030
469 0.000000 3030
470 0.000000 3030
471 0.000000 3030
472 0.000000 3030
473 0.000000 3030
474 0.000000 3030
475 0.000000 3030
476 0.000000 3030
477 0.000000 3030
478 0.000000 3030
479 0.000000 3030
480 0.000000 3030
481 0.000000 3030
482 0.000000 3030
483 0.000000 3030
484 0.000000 3030
485 0.000000 3030
486 0.000000 3030
487 0.000000 3030
488 0.000000 3030
489 0.000000 3030
490 0.000000 3030
491 0.000000 3030
492 0.000000 3030
493 0.000000 3030
494 0.000000 3030
495 0.000000 3030
496 0.000000 3030
497 0.000000 3030
498 0.000000 3030
499 0.000000 3030
500 0.000000 3030
501 0.000000 3030
502 0.000000 3030
503 0.000000 3030
504 0.000000 3030
505 0.000000 3030
506 0.000000 3030
507 0.000000 3030
508 0.000000 3030
509 0.000000 3030
510 0.000000 3030
511 0.000000 3030
512 0.000000 3030
513 0.000000 3030
514 0.000000 3030
515 0.000000 3030
516 0.000000 3030
517 0.000000 3030
518 0.000000 3030
519 0.000000 3030
520 0.000000 3030
521 0.000000 3030
522 0.000000 3030
523 0.000000 3030
524 0.000000 3030
525 0.000000 3030
526 0.000000 3030
527 0.000000 3030
528 0.000000 3030
529 0.000000 3030
530 0.000000 3030
531 0.000000 3030
532 0.000000 3030
533 0.000000 3030
534 0.000000 3030
535 0.000000 3030
536 0.000000 3030
537 0.000000 3030
538 0.000000 3030
539 0.000000 3030
540 0.000000 3030
541 0.000000 3030
542 0.000000 3030
543 0.000000 3030
544 0.000000 3030
545 0.000000 3030
546 0.000000 3030
547 0.000000 3030
548 0.000000 3030
549 0.000000 3030
550 0.000000 3030
551 0.000000 3030
552 0.000000 3030
553 0.000000 3030
554 0.000000 3030
555 0.000000 3030
556 0.000000 3030
557 0.000000 3030
558 0.000000 3030
559 0.000000 3030
560 0.000000 3030
561 0.000000 3030
562 0.000000 3030
563 0.000000 3030
564 0.000000 3030
565 0.000000 3030
566 0.000000 3030
567 0.000000 3030
568 0.000000 3030
569 0.000000 3030
570 0.000000 3030
571 0.000000 3030
572 0.000000 3030
573 0.000000 3030
574 0.000000 3030
575 0.000000 3030
576 0.000000 3030
577 0.000000 3030
578 0.000000 3030
579 0.000000 3030
580 0.000000 3030
581 0.000000 3030
582 0.000000 3030
583 0.000000 3030
584 0.000000 3030
585 0.000000 3030
586 0.000000 3030
587 0.000000 3030
588 0.000000 3030
589 0.000000 3030
590 0.000000 3030
591 0.000000 3030
592 0.000000 3030
593 0.000000 3030
594 0.000000 3030
595 0.000000 3030
596 0.000000 3030
597 0.000000 3030
598 0.000000 3030
599 0.000000 3030
600 0.000000 3030
601 0.000000 3030
602 0.000000 3030
603 0.000000 3030
604 0.000000 3030
605 0.000000 3030
606 0.000000 3030
607 0.000000 3030
608 0.000000 3030
609 0.000000 3030
610 0.000000 3030
611 0.000000 3030
612 0.000000 3030
613 0.000000 3030
614 0.000000 3030
615 0.000000 3030
616 0.000000 3030
617 0.000000 3030
618 0.000000 3030
619 0.000000 3030
620 0.000000 3030
621 0.000000 3030
622 0.000000 3030
623 0.000000 3030
624 0.000000 3030
625 0.000000 3030
626 0.000000 3030
627 0.000000 3030
628 0.000000 3030
629 0.000000 3030
630 0.000000 3030
631 0.000000 3030
632 0.000000 3030
633 0.000000 3030
634 0.000000 3030
635 0.000000 3030
636 0.000000 3030
637 0.000000 3030
638 0.000000 3030
639 0.000000 3030
640 0.000000 3030
641 0.000000 3030
642 0.000000 3030
643 0.000000 3030
644 0.000000 3030
645 0.000000 3030
646 0.000000 3030
647 0.000000 3030
648 0.000000 3030
649 0.000000 3030
650 0.000000 3030
651 0.000000 3030
652 0.000000 3030
653 0.000000 3030
654 0.000000 3030
655 0.000000 3030
656 0.000000 3030
657 0.000000 3030
658 0.000000 3030
659 0.000000 3030
660 0.000000 3030
661 0.000000 3030
662 0.000000 3030
663 0.000000 3030
664 0.000000 3030
665 0.000000 3030
666 0.000000 3030
667 0.000000 3030
668 0.000000 3030
669 0.000000 3030
670 0.000000 3030
671 0.000000 3030
672 0.000000 3030
673 0.000000 3030
674 0.000000 3030
675 0.000000 3030
676 0.000000 3030
677 0.000000 3030
678 0.000000 3030
679 0.000000 3030
680 0.000000 3030
681 0.000000 3030
682 0.000000 3030
683 0.000000 3030
684 0.000000 3030
685 0.000000 3030
686 0.000000 3030
687 0.000000 3030
688 0.000000 3030
689 0.000000 3030
690 0.000000 3030
691 0.000000 3030
692 0.000000 3030
693 0.000000 3030
694 0.000000 3030
695 0.000000 3030
696 0.000000 3030
697 0.000000 3030
698 0.000000 3030
699 0.000000 3030
700 0.000000 3030
701 0.000000 3030
702 0.000000 3030
703 0.000000 3030
704 0.000000 3030
705 0.000000 3030
706 0.000000 3030
707 0.000000 3030
708 0.000000 3030
709 0.000000 3030
710 0.000000 3030
711 0.000000 3030
712 0.000000 3030
713 0.000000 3030
714 0.000000 3030
715 0.000000 3030
716 0.000000 3030
717 0.000000 3030
718 0.000000 3030
719 0.000000 3030
720 0.000000 3030
721 0.000000 3030
722 0.000000 3030
723 0.000000 3030
724 0.000000 3030
725 0.000000 3030
726 0.000000 3030
727 0.000000 3030
728 0.000000 3030
729 0.000000 3030
730 0.000000 3030
731 0.000000 3030
732 0.000000 3030
733 0.001000 3030
734 0.001000 3030
735 0.001000 3030
736 0.001000 3030
737 0.001000 3030
738 0.001000 3030
739 0.001000 3030
740 0.001000 3030
741 0.001000 3030
742 0.001000 3030
743 0.001000 3030
744 0.001000 3030
745 0.001000 3030
746 0.001000 3030
747 0.001000 3030
748 0.001000 3030
749 0.001000 3030
750 0.001000 3030
751 0.001000 3030
752 0.001000 3030
753 0.001000 3030
754 0.001000 3030
755 0.001000 3030
756 0.001000 3030
757 0.001000 3030
758 0.001000 3030
759 0.001000 3030
760 0.001000 3030
761 0.001000 3030
762 0.001000 3030
763 0.001000 3030
764 0.001000 3030
765 0.001000 3030
766 0.001000 3030
767 0.001000 3030
768 0.001000 3030
769 0.001000 3030
770 0.001000 3030
771 0.001000 3030
772 0.001000 2985
773 0.001000 2985
774 0.001000 2985
775 0.001000 2985
776 0.001000 2985
777 0.001000 2985
778 0.001000 2985
779 0.001000 2985
780 0.001000 2985
781 0.001000 2985
782 0.001000 2985
783 0.001000 2985
784 0.001000 2985
785 0.001000 2985
786 0.001000 2985
787 0.001000 2985
788 0.001000 2985
789 0.001000 2985
790 0.001000 2985
791 0.001000 2985
792 0.001000 2985
793 0.001000 2985
794 0.001000 2985
795 0.001000 2985
796 0.001000 2985
797 0.001000 2985
798 0.001000 2985
799 0.001000 2985
800 0.001000 2985
801 0.001000 2985
802 0.001000 2985
803 0.001000 2985
804 0.001000 2985
805 0.001000 2985
806 0.001000 2985
807 0.001000 2985
808 0.001000 2985
809 0.001000 2985
810 0.001000 2985
811 0.001000 2985
812 0.001000 2985
813 0.001000 2985
814 0.001000 2985
815 0.001000 2985
816 0.001000 2985
817 0.001000 2985
818 0.001000 2985
819 0.001000 2985
820 0.001000 2985
821 0.001000 2985
822 0.001000 2985
823 0.001000 2985
824 0.001000 2985
825 0.001000 2985
826 0.001000 2985
827 0.001000 2985
828 0.001000 2985
829 0.001000 2985
830 0.001000 2985
831 0.001000 2985
832 0.001000 2985
833 0.001000 2985
834 0.001000 2985
835 0.001000 2985
836 0.001000 2985
837 0.001000 2985
838 0.001000 2985
839 0.001000 2985
840 0.001000 2985
841 0.001000 2985
842 0.001000 2985
843 0.001000 2985
844 0.001000 2985
845 0.001000 2985
846 0.001000 2985
847 0.001000 2985
848 0.001000 2985
849 0.001000 2985
850 0.001000 2985
851 0.001000 2985
852 0.001000 2985
853 0.001000 2985
854 0.001000 2985
855 0.001000 2985
856 0.001000 2985
857 0.001000 2985
858 0.001000 2985
859 0.001000 2985
860 0.001000 2985
861 0.001000 2985
862 0.001000 2985
863 0.001000 2985
864 0.001000 2985
865 0.001000 2985
866 0.001000 2985
867 0.001000 2985
868 0.001000 2985
869 0.001000 2985
870 0.001000 2985
871 0.001000 2985
872 0.001000 2985
873 0.001000 2985
874 0.001000 2985
875 0.001000 2985
876 0.001000 2985
877 0.001000 2985
878 0.001000 2985
879 0.001000 2985
880 0.001000 2985
881 0.001000 2985
882 0.001000 2985
883 0.001000 2985
884 0.001000 2985
885 0.001000 2985
886 0.001000 2985
887 0.001000 2985
888 0.001000 2985
889 0.001000 2985
890 0.001000 2985
891 0.001000 2985
892 0.001000 2985
893 0.001000 2985
894 0.001000 2985
895 0.001000 2985
896 0.001000 2985
897 0.001000 2985
898 0.001000 2985
899 0.001000 2985
900 0.001000 2985
901 0.001000 2985
902 0.001000 2985
903 0.001000 2985
904 0.001000 2985
905 0.001000 2985
906 0.001000 2985
907 0.001000 2985
908 0.001000 2985
909 0.001000 2985
910 0.001000 2985
911 0.001000 2985
912 0.001000 2985
913 0.001000 2985
914 0.001000 2985
915 0.001000 2985
916 0.001000 2985
917 0.001000 2985
918 0.001000 2985
919 0.001000 2985
920 0.001000 2985
921 0.001000 2985
922 0.001000 2985
923 0.001000 2985
924 0.001000 2985
925 0.001000 2985
926 0.001000 2985
927 0.001000 2985
928 0.001000 2985
929 0.001000 2985
930 0.001000 2985
931 0.001000 2985
932 0.001000 2985
933 0.001000 2985
934 0.001000 2985
935 0.001000 2985
936 0.001000 2985
937 0.001000 2985
938 0.001000 2985
939 0.001000 2985
940 0.001000 2985
941 0.001000 2985
942 0.001000 2985
943 0.001000 2985
944 0.001000 2985
945 0.001000 2985
946 0.001000 2985
947 0.001000 2985
948 0.001000 2985
949 0.001000 2985
950 0.001000 2985
951 0.001000 2985
952 0.001000 2985
953 0.001000 2985
954 0.001000 2985
955 0.001000 2985
956 0.001000 2985
957 0.001000 2985
958 0.001000 2985
959 0.001000 2985
960 0.001000 2985
961 0.001000 2985
962 0.001000 2985
963 0.001000 2985
964 0.001000 2985
965 0.001000 2985
966 0.001000 2985
967 0.001000 2985
968 0.001000 2985
969 0.001000 2985
970 0.001000 2985
971 0.001000 2985
972 0.001000 2985
973 0.001000 2985
974 0.001000 2985
975 0.001000 2985
976 0.001000 2985
977 0.001000 2985
978 0.001000 2985
979 0.001000 2985
980 0.001000 2985
981 0.001000 2985
982 0.001000 2985
983 0.001000 2985
984 0.001000 2985
985 0.001000 2985
986 0.001000 2985
987 0.001000 2985
988 0.001000 2985
989 0.001000 2985
990 0.001000 2985
991 0.001000 2985
992 0.001000 2985
993 0.001000 2985
994 0.001000 2985
995 0.001000 2985
996 0.001000 2985
997 0.001000 2985
998 0.001000 2985
999 0.001000 2985
1000 0.001000 2985
1001 0.001000 2985
1002 0.001000 2985
1003 0.001000 2985
1004 0.001000 2985
1005 0.001000 2985
1006 0.001000 2985
1007 0.001000 2985
1008 0.001000 2985
1009 0.001000 2985
1010 0.001000 2985
1011 0.001000 2985
1012 0.001000 2985
1013 0.001000 2985
1014 0.001000 2985
1015 0.001000 2985
1016 0.001000 2985
1017 0.001000 2985
1018 0.001000 2985
1019 0.001000 2985
1020 0.001000 2985
1021 0.001000 2985
1022 0.001000 2985
1023 0.001000 2985
1024 0.001000 2985
1025 0.001000 2985
1026 0.001000 2985
1027 0.001000 2985
1028 0.001000 2985
1029 0.001000 2985
1030 0.001000 2985
1031 0.001000 2985
1032 0.001000 2985
1033 0.001000 2985
1034 0.001000 2985
1035 0.001000 2985
1036 0.001000 2985
1037 0.001000 2985
1038 0.001000 2985
1039 0.001000 2985
1040 0.001000 2985
1041 0.001000 2985
1042 0.001000 2985
1043 0.001000 2985
1044 0.001000 2985
1045 0.001000 2985
1046 0.001000 2985
1047 0.001000 2985
1048 0.001000 2985
1049 0.001000 2985
1050 0.001000 2985
1051 0.001000 2985
1052 0.001000 2985
1053 0.001000 2985
1054 0.001000 2985
1055 0.001000 2985
1056 0.001000 2985
1057 0.001000 2985
1058 0.001000 2985
1059 0.001000 2985
1060 0.001000 2985
1061 0.001000 2985
1062 0.001000 2985
1063 0.001000 2985
1064 0.001000 2985
1065 0.001000 2985
1066 0.001000 2985
1067 0.001000 2985
1068 0.001000 2985
1069 0.001000 2985
1070 0.001000 2985
1071 0.001000 2985
1072 0.001000 2985
1073 0.001000 2985
1074 0.001000 2985
1075 0.001000 2985
1076 0.001000 2985
1077 0.001000 2985
1078 0.001000 2985
1079 0.001000 2985
1080 0.001000 2985
1081 0.001000 2985
1082 0.001000 2985
1083 0.001000 2985
1084 0.001000 2985
1085 0.001000 2985
1086 0.001000 2985
1087 0.001000 2985
1088 0.001000 2985
1089 0.001000 2985
1090 0.001000 2985
1091 0.001000 2985
1092 0.001000 2985
1093 0.001000 2985
1094 0.001000 2985
1095 0.001000 2985
1096 0.001000 2985
1097 0.001000 2985
1098 0.001000 2985
1099 0.001000 2985
1100 0.001000 2985
1101 0.001000 2985
1102 0.001000 2985
1103 0.001000 2985
1104 0.001000 2985
1105 0.001000 2985
1106 0.001000 2985
1107 0.001000 2985
1108 0.001000 2985
1109 0.001000 2985
1110 0.001000 2985
1111 0.001000 2985
1112 0.001000 2985
1113 0.001000 2985
1114 0.001000 2985
1115 0.001000 2985
1116 0.001000 2985
1117 0.001000 2985
1118 0.001000 2985
1119 0.001000 2985
1120 0.001000 2985
1121 0.001000 2985
1122 0.001000 2985
1123 0.001000 2985
1124 0.001000 2985
1125 0.001000 2985
1126 0.001000 2985
1127 0.001000 2985
1128 0.001000 2985
1129 0.001000 2985
1130 0.001000 2985
1131 0.001000 2985
1132 0.001000 2985
1133 0.001000 2985
1134 0.001000 2985
1135 0.001000 2985
1136 0.001000 2985
1137 0.001000 2985
1138 0.001000 2985
1139 0.001000 2985
1140 0.001000 2985
1141 0.001000 2985
1142 0.001000 2985
1143 0.001000 2985
1144 0.001000 2985
1145 0.001000 2985
1146 0.001000 2985
1147 0.001000 2985
1148 0.001000 2985
1149 0.001000 2985
1150 0.001000 2985
1151 0.001000 2985
1152 0.001000 2985
1153 0.001000 2985
1154 0.001000 2985
1155 0.001000 2985
1156 0.001000 2985
1157 0.001000 2985
1158 0.001000 2985
1159 0.001000 2985
1160 0.001000 2985
1161 0.001000 2985
1162 0.001000 2985
1163 0.001000 2985
1164 0.001000 2985
1165 0.001000 2985
1166 0.001000 2985
1167 0.001000 2985
1168 0.001000 2985
1169 0.001000 2985
1170 0.001000 2985
1171 0.001000 2985
1172 0.001000 2985
1173 0.001000 2985
1174 0.001000 2985
1175 0.001000 2985
1176 0.001000 2985
1177 0.001000 2985
1178 0.001000 2985
1179 0.001000 2985
1180 0.001000 2985
1181 0.001000 2985
1182 0.001000 2985
1183 0.001000 2985
1184 0.001000 2985
1185 0.001000 2985
1186 0.001000 2985
1187 0.001000 2985
1188 0.001000 2985
1189 0.001000 2985
1190 0.001000 2985
1191 0.001000 2985
1192 0.001000 2985
1193 0.001000 2985
1194 0.001000 2985
1195 0.001000 2985
1196 0.001000 2985
1197 0.001000 2985
1198 0.001000 2985
1199 0.001000 2985
1200 0.001000 2985
1201 0.001000 2985
1202 0.001000 2985
1203 0.001000 2985
1204 0.001000 2985
1205 0.001000 2985
1206 0.001000 2985
1207 0.001000 2985
1208 0.001000 2985
1209 0.001000 2985
1210 0.001000 2985
1211 0.001000 2985
1212 0.001000 2985
1213 0.001000 2985
1214 0.001000 2985
1215 0.001000 2985
1216 0.001000 2985
1217 0.001000 2985
1218 0.001000 2985
1219 0.001000 2985
1220 0.001000 2985
1221 0.001000 2985
1222 0.001000 2985
1223 0.001000 2985
1224 0.001000 2985
1225 0.001000 2985
1226 0.001000 2985
1227 0.001000 2985
1228 0.001000 2985
1229 0.001000 2985
1230 0.001000 2985
1231 0.001000 2985
1232 0.001000 2985
1233 0.001000 2985
1234 0.001000 2985
1235 0.001000 2985
1236 0.001000 2985
1237 0.001000 2985
1238 0.001000 2985
1239 0.001000 2985
1240 0.001000 2985
1241 0.001000 2985
1242 0.001000 2985
1243 0.001000 2985
1244 0.001000 2985
1245 0.001000 2985
1246 0.001000 2985
1247 0.001000 2985
1248 0.001000 2985
1249 0.001000 2985
1250 0.001000 2985
1251 0.001000 2985
1252 0.001000 2985
1253 0.001000 2985
1254 0.001000 2985
1255 0.001000 2985
1256 0.001000 2985
1257 0.001000 2985
1258 0.001000 2985
1259 0.001000 2985
1260 0.001000 2985
1261 0.001000 2985
1262 0.001000 2985
1263 0.001000 2985
1264 0.001000 2985
1265 0.001000 2985
1266 0.001000 2985
1267 0.001000 2985
1268 0.001000 2985
1269 0.001000 2985
1270 0.001000 2985
1271 0.001000 2985
1272 0.001000 2985
1273 0.001000 2985
1274 0.001000 2985
1275 0.001000 2985
1276 0.001000 2985
1277 0.001000 2985
1278 0.001000 2985
1279 0.001000 2985
1280 0.001000 2985
1281 0.001000 2985
1282 0.001000 2985
1283 0.001000 2985
1284 0.001000 2985
1285 0.001000 2985
1286 0.001000 2985
1287 0.001000 2985
1288 0.001000 2985
1289 0.001000 2985
1290 0.001000 2985
1291 0.001000 2985
1292 0.001000 2985
1293 0.001000 2985
1294 0.001000 2985
1295 0.001000 2985
1296 0.001000 2985
1297 0.001000 2985
1298 0.001000 2985
1299 0.001000 2985
1300 0.001000 2985
1301 0.001000 2985
1302 0.001000 2985
1303 0.001000 2985
1304 0.001000 2985
1305 0.001000 2985
1306 0.001000 2985
1307 0.001000 2985
1308 0.001000 2985
1309 0.001000 2985
1310 0.001000 2985
1311 0.001000 2985
1312 0.001000 2985
1313 0.001000 2985
1314 0.001000 2985
1315 0.001000 2985
1316 0.001000 2985
1317 0.001000 2985
1318 0.001000 2985
1319 0.001000 2985
1320 0.001000 2985
1321 0.001000 2985
1322 0.001000 2985
1323 0.001000 2985
1324 0.001000 2985
1325 0.001000 2985
1326 0.001000 2985
1327 0.001000 2985
1328 0.001000 2985
1329 0.001000 2985
1330 0.001000 2985
1331 0.001000 2985
1332 0.001000 2985
1333 0.001000 2985
1334 0.001000 2985
1335 0.001000 2985
1336 0.001000 2985
1337 0.001000 2985
1338 0.001000 2985
1339 0.001000 2985
1340 0.001000 2985
1341 0.001000 2985
1342 0.001000 2985
1343 0.001000 2985
1344 0.001000 2985
1345 0.001000 2985
1346 0.001000 2985
1347 0.001000 2985
1348 0.001000 2985
1349 0.001000 2985
1350 0.001000 2985
1351 0.001000 2985
1352 0.001000 2985
1353 0.001000 2985
1354 0.001000 2985
1355 0.001000 2985
1356 0.001000 2985
1357 0.001000 2985
1358 0.001000 2985
1359 0.001000 2985
1360 0.001000 2985
1361 0.001000 2985
1362 0.001000 2985
1363 0.001000 2985
1364 0.001000 2985
1365 0.001000 2985
1366 0.001000 2985
1367 0.001000 2985
1368 0.001000 2985
1369 0.001000 2985
1370 0.001000 2985
1371 0.001000 2985
1372 0.001000 2985
1373 0.001000 2985
1374 0.001000 2985
1375 0.001000 2985
1376 0.001000 2985
1377 0.001000 2985
1378 0.001000 2985
1379 0.001000 2985
1380 0.001000 2985
1381 0.001000 2985
1382 0.001000 2985
1383 0.001000 2985
1384 0.001000 2985
1385 0.001000 2985
1386 0.001000 2985
1387 0.001000 2985
1388 0.001000 2985
1389 0.001000 2985
1390 0.001000 2985
1391 0.001000 2985
1392 0.001000 2985
1393 0.001000 2985
1394 0.001000 2985
1395 0.001000 2985
1396 0.001000 2985
1397 0.001000 2985
1398 0.001000 2985
1399 0.001000 2985
1400 0.001000 2985
1401 0.001000 2985
1402 0.001000 2985
1403 0.001000 2985
1404 0.001000 2985
1405 0.001000 2985
1406 0.001000 2985
1407 0.001000 2985
1408 0.001000 2985
1409 0.001000 2985
1410 0.001000 2985
1411 0.001000 2985
1412 0.001000 2985
1413 0.001000 2985
1414 0.001000 2985
1415 0.001000 2985
1416 0.001000 2985
1417 0.001000 2985
1418 0.001000 2985
1419 0.001000 2985
1420 0.001000 2985
1421 0.001000 2985
1422 0.001000 2985
1423 0.001000 2985
1424 0.001000 2985
1425 0.001000 2985
1426 0.001000 2985
1427 0.001000 2985
1428 0.001000 2985
1429 0.001000 2985
1430 0.001000 2985
1431 0.001000 2985
1432 0.001000 2985
1433 0.001000 2985
1434 0.001000 2940
1435 0.001000 2940
1436 0.001000 2940
1437 0.001000 2940
1438 0.001000 2940
1439 0.001000 2940
1440 0.001000 2940
1441 0.001000 2940
1442 0.001000 2940
1443 0.002000 2940
1444 0.002000 2940
1445 0.002000 2940
1446 0.002000 2940
1447 0.002000 2940
1448 0.002000 2940
1449 0.002000 2940
1450 0.002000 2940
1451 0.002000 2940
1452 0.002000 2940
1453 0.002000 2940
1454 0.002000 2940
1455 0.002000 2940
1456 0.002000 2940
1457 0.002000 2940
1458 0.002000 2940
1459 0.002000 2940
1460 0.002000 2940
1461 0.002000 2940
1462 0.002000 2940
1463 0.002000 2940
1464 0.002000 2940
1465 0.002000 2940
1466 0.002000 2940
1467 0.002000 2940
1468 0.002000 2940
1469 0.002000 2940
1470 0.002000 2940
1471 0.002000 2940
1472 0.002000 2940
1473 0.002000 2940
1474 0.002000 2940
1475 0.002000 2940
1476 0.002000 2940
1477 0.002000 2940
1478 0.002000 2940
1479 0.002000 2940
1480 0.002000 2940
1481 0.002000 2940
1482 0.002000 2927
1483 0.002000 2927
1484 0.002000 2927
1485 0.002000 2927
1486 0.002000 2927
1487 0.002000 2927
1488 0.002000 2927
1489 0.002000 2927
1490 0.002000 2927
1491 0.002000 2927
1492 0.002000 2927
1493 0.002000 2927
1494 0.002000 2927
1495 0.002000 2927
1496 0.002000 2927
1497 0.002000 2927
1498 0.002000 2927
1499 0.002000 2927
1500 0.002000 2927
1501 0.002000 2927
1502 0.002000 2927
1503 0.002000 2927
1504 0.002000 2927
1505 0.002000 2927
1506 0.002000 2927
1507 0.002000 2927
1508 0.002000 2927
1509 0.002000 2927
1510 0.002000 2927
1511 0.002000 2927
1512 0.002000 2927
1513 0.002000 2927
1514 0.002000 2927
1515 0.002000 2927
1516 0.002000 2927
1517 0.002000 2927
1518 0.002000 2927
1519 0.002000 2927
1520 0.002000 2927
1521 0.002000 2927
1522 0.002000 2927
1523 0.002000 2927
1524 0.002000 2927
1525 0.002000 2927
1526 0.002000 2927
1527 0.002000 2927
1528 0.002000 2927
1529 0.002000 2927
1530 0.002000 2927
1531 0.002000 2927
1532 0.002000 2927
1533 0.002000 2927
1534 0.002000 2927
1535 0.002000 2927
1536 0.002000 2927
1537 0.002000 2927
1538 0.002000 2927
1539 0.002000 2927
1540 0.002000 2927
1541 0.002000 2927
1542 0.002000 2927
1543 0.002000 2927
1544 0.002000 2927
1545 0.002000 2927
1546 0.002000 2927
1547 0.002000 2927
1548 0.002000 2927
1549 0.002000 2927
1550 0.002000 2927
1551 0.002000 2927
1552 0.002000 2927
1553 0.002000 2927
1554 0.002000 2927
1555 0.002000 2927
1556 0.002000 2927
1557 0.002000 2927
1558 0.002000 2927
1559 0.002000 2927
1560 0.002000 2927
1561 0.002000 2927
1562 0.002000 2927
1563 0.002000 2927
1564 0.002000 2927
1565 0.002000 2927
1566 0.002000 2927
1567 0.002000 2927
1568 0.002000 2927
1569 0.002000 2927
1570 0.002000 2927
1571 0.002000 2927
1572 0.002000 2927
1573 0.002000 2927
1574 0.002000 2927
1575 0.002000 2927
1576 0.002000 2927
1577 0.002000 2927
1578 0.002000 2927
1579 0.002000 2927
1580 0.002000 2927
1581 0.002000 2927
1582 0.002000 2927
1583 0.002000 2927
1584 0.002000 2927
1585 0.002000 2927
1586 0.002000 2927
1587 0.002000 2927
1588 0.002000 2927
1589 0.002000 2927
1590 0.002000 2927
1591 0.002000 2927
1592 0.002000 2927
1593 0.002000 2927
1594 0.002000 2927
1595 0.002000 2927
1596 0.002000 2927
1597 0.002000 2927
1598 0.002000 2927
1599 0.002000 2927
1600 0.002000 2927
1601 0.002000 2927
1602 0.002000 2927
1603 0.002000 2927
1604 0.002000 2927
1605 0.002000 2927
1606 0.002000 2927
1607 0.002000 2927
1608 0.002000 2927
1609 0.002000 2927
1610 0.002000 2927
1611 0.002000 2927
1612 0.002000 2927
1613 0.002000 2927
1614 0.002000 2927
1615 0.002000 2927
1616 0.002000 2927
1617 0.002000 2927
1618 0.002000 2927
1619 0.002000 2927
1620 0.002000 2927
1621 0.002000 2927
1622 0.002000 2927
1623 0.002000 2927
1624 0.002000 2927
1625 0.002000 2927
1626 0.002000 2927
1627 0.002000 2927
1628 0.002000 2927
1629 0.002000 2927
1630 0.002000 2927
1631 0.002000 2927
1632 0.002000 2927
1633 0.002000 2927
1634 0.002000 2927
1635 0.002000 2927
1636 0.002000 2927
1637 0.002000 2927
1638 0.002000 2927
1639 0.002000 2927
1640 0.002000 2927
1641 0.002000 2927
1642 0.002000 2927
1643 0.002000 2927
1644 0.002000 2927
1645 0.002000 2927
1646 0.002000 2927
1647 0.002000 2927
1648 0.002000 2927
1649 0.002000 2927
1650 0.002000 2927
1651 0.002000 2927
1652 0.002000 2927
1653 0.002000 2927
1654 0.002000 2927
1655 0.002000 2927
1656 0.002000 2927
1657 0.002000 2927
1658 0.002000 2927
1659 0.002000 2927
1660 0.002000 2927
1661 0.002000 2927
1662 0.002000 2927
1663 0.002000 2927
1664 0.002000 2927
1665 0.002000 2927
1666 0.002000 2927
1667 0.002000 2927
1668 0.002000 2927
1669 0.002000 2927
1670 0.002000 2927
1671 0.002000 2927
1672 0.002000 2927
1673 0.002000 2927
1674 0.002000 2927
1675 0.002000 2927
1676 0.002000 2927
1677 0.002000 2927
1678 0.002000 2927
1679 0.002000 2927
1680 0.003000 2927
1681 0.003000 2927
1682 0.003000 2927
1683 0.003000 2927
1684 0.003000 2927
1685 0.003000 2927
1686 0.003000 2927
1687 0.003000 2927
1688 0.003000 2927
1689 0.003000 2927
1690 0.003000 2927
1691 0.003000 2927
1692 0.003000 2927
1693 0.003000 2927
1694 0.003000 2927
1695 0.003000 2927
1696 0.003000 2927
1697 0.003000 2927
1698 0.003000 2927
1699 0.003000 2927
1700 0.003000 2927
1701 0.003000 2927
1702 0.003000 2927
1703 0.003000 2927
1704 0.003000 2927
1705 0.003000 2927
1706 0.003000 2927
1707 0.003000 2927
1708 0.003000 2927
1709 0.003000 2927
1710 0.003000 2927
1711 0.003000 2927
1712 0.003000 2927
1713 0.003000 2927
1714 0.003000 2927
1715 0.003000 2927
1716 0.003000 2927
1717 0.003000 2927
1718 0.003000 2927
1719 0.003000 2927
1720 0.003000 2927
1721 0.003000 2927
1722 0.003000 2927
1723 0.003000 2927
1724 0.003000 2927
1725 0.003000 2927
1726 0.003000 2927
1727 0.003000 2927
1728 0.003000 2927
1729 0.003000 2927
1730 0.003000 2927
1731 0.003000 2927
1732 0.003000 2927
1733 0.003000 2927
1734 0.003000 2927
1735 0.003000 2927
1736 0.003000 2927
1737 0.003000 2927
1738 0.003000 2927
1739 0.003000 2927
1740 0.003000 2927
1741 0.003000 2927
1742 0.003000 2927
1743 0.003000 2927
1744 0.003000 2927
1745 0.003000 2927
1746 0.003000 2927
1747 0.003000 2927
1748 0.003000 2927
1749 0.003000 2927
1750 0.003000 2927
1751 0.003000 2927
1752 0.003000 2927
1753 0.003000 2927
1754 0.003000 2927
1755 0.003000 2927
1756 0.003000 2927
1757 0.003000 2927
1758 0.003000 2927
1759 0.003000 2927
1760 0.003000 2927
1761 0.003000 2927
1762 0.003000 2927
1763 0.003000 2927
1764 0.003000 2927
1765 0.003000 2927
1766 0.003000 2927
1767 0.003000 2927
1768 0.003000 2927
1769 0.003000 2927
1770 0.003000 2927
1771 0.003000 2927
1772 0.003000 2927
1773 0.003000 2927
1774 0.003000 2927
1775 0.003000 2927
1776 0.003000 2927
1777 0.003000 2927
1778 0.003000 2927
1779 0.003000 2927
1780 0.003000 2927
1781 0.003000 2927
1782 0.003000 2927
1783 0.003000 2927
1784 0.003000 2927
1785 0.003000 2927
1786 0.003000 2927
1787 0.003000 2927
1788 0.003000 2927
1789 0.003000 2927
1790 0.003000 2927
1791 0.003000 2927
1792 0.003000 2927
1793 0.003000 2927
1794 0.003000 2927
1795 0.003000 2927
1796 0.003000 2927
1797 0.003000 2927
1798 0.003000 2927
1799 0.003000 2927
1800 0.003000 2927
1801 0.003000 2927
1802 0.003000 2927
1803 0.003000 2927
1804 0.003000 2927
1805 0.003000 2927
1806 0.003000 2927
1807 0.003000 2927
1808 0.003000 2927
1809 0.003000 2927
1810 0.003000 2927
1811 0.003000 2927
1812 0.003000 2927
1813 0.003000 2927
1814 0.003000 2927
1815 0.003000 2927
1816 0.003000 2927
1817 0.003000 2927
1818 0.003000 2927
1819 0.003000 2927
1820 0.003000 2927
1821 0.003000 2927
1822 0.003000 2927
1823 0.003000 2927
1824 0.003000 2927
1825 0.003000 2927
1826 0.003000 2927
1827 0.003000 2927
1828 0.003000 2927
1829 0.003000 2927
1830 0.003000 2927
1831 0.003000 2927
1832 0.003000 2927
1833 0.003000 2927
1834 0.003000 2927
1835 0.003000 2927
1836 0.003000 2927
1837 0.003000 2927
1838 0.003000 2927
1839 0.003000 2927
1840 0.003000 2927
1841 0.003000 2927
1842 0.003000 2927
1843 0.003000 2927
1844 0.003000 2927
1845 0.003000 2927
1846 0.003000 2927
1847 0.003000 2927
1848 0.003000 2927
1849 0.003000 2927
1850 0.003000 2927
1851 0.003000 2927
1852 0.003000 2927
1853 0.003000 2927
1854 0.003000 2927
1855 0.003000 2927
1856 0.003000 2927
1857 0.003000 2927
1858 0.003000 2927
1859 0.003000 2927
1860 0.003000 2927
1861 0.003000 2927
1862 0.003000 2927
1863 0.003000 2927
1864 0.003000 2927
1865 0.003000 2927
1866 0.003000 2927
1867 0.003000 2927
1868 0.003000 2927
1869 0.003000 2927
1870 0.003000 2927
1871 0.003000 2927
1872 0.003000 2927
1873 0.003000 2927
1874 0.003000 2927
1875 0.003000 2927
1876 0.003000 2927
1877 0.003000 2927
1878 0.003000 2927
1879 0.003000 2927
1880 0.003000 2927
1881 0.003000 2927
1882 0.003000 2927
1883 0.003000 2927
1884 0.003000 2927
1885 0.003000 2927
1886 0.003000 2927
1887 0.003000 2927
1888 0.003000 2927
1889 0.003000 2927
1890 0.003000 2927
1891 0.003000 2927
1892 0.003000 2927
1893 0.003000 2927
1894 0.003000 2927
1895 0.003000 2927
1896 0.003000 2927
1897 0.003000 2927
1898 0.003000 2927
1899 0.003000 2927
1900 0.003000 2927
1901 0.003000 2927
1902 0.003000 2927
1903 0.003000 2927
1904 0.003000 2927
1905 0.003000 2927
1906 0.003000 2927
1907 0.003000 2927
1908 0.003000 2927
1909 0.003000 2927
1910 0.003000 2927
1911 0.003000 2927
1912 0.003000 2927
1913 0.003000 2927
1914 0.003000 2927
1915 0.003000 2927
1916 0.003000 2927
1917 0.003000 2927
1918 0.003000 2927
1919 0.003000 2927
1920 0.003000 2927
1921 0.003000 2927
1922 0.003000 2927
1923 0.003000 2927
1924 0.003000 2927
1925 0.003000 2927
1926 0.003000 2927
1927 0.003000 2927
1928 0.003000 2927
1929 0.003000 2927
1930 0.003000 2927
1931 0.003000 2927
1932 0.003000 2927
1933 0.003000 2927
1934 0.003000 2927
1935 0.003000 2927
1936 0.003000 2927
1937 0.003000 2927
1938 0.003000 2927
1939 0.003000 2927
1940 0.003000 2927
1941 0.003000 2927
1942 0.003000 2927
1943 0.003000 2927
1944 0.003000 2927
1945 0.003000 2927
1946 0.003000 2927
1947 0.003000 2927
1948 0.003000 2927
1949 0.003000 2927
1950 0.003000 2927
1951 0.003000 2927
1952 0.003000 2927
1953 0.003000 2927
1954 0.003000 2927
1955 0.003000 2927
1956 0.003000 2927
1957 0.003000 2927
1958 0.003000 2927
1959 0.003000 2927
1960 0.003000 2927
1961 0.003000 2927
1962 0.003000 2927
1963 0.003000 2927
1964 0.003000 2927
1965 0.003000 2927
1966 0.003000 2927
1967 0.003000 2927
1968 0.003000 2927
1969 0.003000 2927
1970 0.003000 2927
1971 0.003000 2927
1972 0.003000 2927
1973 0.003000 2927
1974 0.003000 2927
1975 0.003000 2927
1976 0.003000 2927
1977 0.003000 2927
1978 0.003000 2927
1979 0.003000 2927
1980 0.003000 2927
1981 0.003000 2927
1982 0.003000 2927
1983 0.003000 2927
1984 0.003000 2927
1985 0.003000 2927
1986 0.003000 2927
1987 0.003000 2927
1988 0.003000 2927
1989 0.003000 2927
1990 0.003000 2927
1991 0.003000 2927
1992 0.003000 2927
1993 0.003000 2927
1994 0.003000 2927
1995 0.003000 2927
1996 0.003000 2927
1997 0.003000 2927
1998 0.003000 2927
1999 0.003000 2927
2000 0.003000 2927
2001 0.003000 2927
2002 0.003000 2927
2003 0.003000 2927
2004 0.003000 2927
2005 0.003000 2927
2006 0.003000 2927
2007 0.003000 2927
2008 0.003000 2927
2009 0.003000 2927
2010 0.003000 2927
2011 0.003000 2927
2012 0.003000 2927
2013 0.003000 2927
2014 0.003000 2927
2015 0.003000 2927
2016 0.003000 2927
2017 0.003000 2927
2018 0.003000 2927
2019 0.003000 2927
2020 0.003000 2927
2021 0.003000 2927
2022 0.003000 2927
2023 0.003000 2927
2024 0.003000 2927
2025 0.003000 2927
2026 0.003000 2927
2027 0.003000 2927
2028 0.003000 2927
2029 0.003000 2927
2030 0.003000 2927
2031 0.003000 2927
2032 0.003000 2927
2033 0.003000 2927
2034 0.003000 2927
2035 0.003000 2927
2036 0.003000 2927
2037 0.003000 2927
2038 0.003000 2927
2039 0.003000 2927
2040 0.003000 2927
2041 0.003000 2927
2042 0.003000 2927
2043 0.003000 2927
2044 0.003000 2927
2045 0.003000 2927
2046 0.003000 2927
2047 0.003000 2927
2048 0.003000 2927
2049 0.003000 2927
2050 0.003000 2927
2051 0.003000 2927
2052 0.003000 2927
2053 0.003000 2927
2054 0.003000 2927
2055 0.003000 2927
2056 0.003000 2927
2057 0.003000 2927
2058 0.003000 2927
2059 0.003000 2927
2060 0.003000 2927
2061 0.003000 2927
2062 0.003000 2927
2063 0.003000 2927
2064 0.003000 2927
2065 0.003000 2927
2066 0.003000 2927
2067 0.003000 2927
2068 0.003000 2927
2069 0.003000 2927
2070 0.003000 2927
2071 0.003000 2927
2072 0.003000 2927
2073 0.003000 2927
2074 0.003000 2927
2075 0.003000 2927
2076 0.003000 2927
2077 0.003000 2927
2078 0.003000 2927
2079 0.003000 2927
2080 0.003000 2927
2081 0.003000 2927
2082 0.003000 2927
2083 0.003000 2927
2084 0.003000 2927
2085 0.003000 2927
2086 0.003000 2927
2087 0.003000 2927
2088 0.003000 2927
2089 0.003000 2927
2090 0.003000 2927
2091 0.003000 2927
2092 0.003000 2927
2093 0.003000 2927
2094 0.003000 2927
2095 0.003000 2927
2096 0.003000 2927
2097 0.003000 2927
2098 0.003000 2927
2099 0.003000 2927
2100 0.003000 2927
2101 0.003000 2927
2102 0.003000 2927
2103 0.003000 2927
2104 0.003000 2927
2105 0.003000 2927
2106 0.003000 2927
2107 0.003000 2927
2108 0.003000 2927
2109 0.003000 2927
2110 0.003000 2927
2111 0.003000 2927
2112 0.003000 2927
2113 0.003000 2927
2114 0.003000 2927
2115 0.003000 2927
2116 0.003000 2927
2117 0.003000 2927
2118 0.003000 2927
2119 0.003000 2927
2120 0.003000 2927
2121 0.003000 2927
2122 0.003000 2927
2123 0.003000 2927
2124 0.003000 2927
2125 0.003000 2927
2126 0.003000 2927
2127 0.003000 2927
2128 0.003000 2927
2129 0.003000 2927
2130 0.003000 2927
2131 0.003000 2927
2132 0.003000 2927
2133 0.003000 2927
2134 0.003000 2927
2135 0.003000 2927
2136 0.003000 2927
2137 0.003000 2927
2138 0.003000 2927
2139 0.003000 2927
2140 0.003000 2927
2141 0.003000 2927
2142 0.003000 2927
2143 0.003000 2927
2144 0.003000 2927
2145 0.003000 2927
2146 0.003000 2927
2147 0.003000 2927
2148 0.003000 2927
2149 0.003000 2927
2150 0.003000 2927
2151 0.003000 2927
2152 0.003000 2927
2153 0.003000 2927
2154 0.003000 2927
2155 0.003000 2927
2156 0.003000 2927
2157 0.003000 2927
2158 0.003000 2927
2159 0.003000 2927
2160 0.003000 2927
2161 0.003000 2927
2162 0.003000 2927
2163 0.003000 2927
2164 0.003000 2927
2165 0.003000 2927
2166 0.003000 2927
2167 0.003000 2927
2168 0.003000 2927
2169 0.003000 2927
2170 0.003000 2927
2171 0.003000 2927
2172 0.003000 2927
2173 0.003000 2927
2174 0.003000 2927
2175 0.003000 2927
2176 0.003000 2927
2177 0.003000 2927
2178 0.003000 2927
2179 0.003000 2927
2180 0.003000 2927
2181 0.003000 2927
2182 0.003000 2927
2183 0.003000 2927
2184 0.003000 2927
2185 0.003000 2927
2186 0.003000 2927
2187 0.003000 2927
2188 0.003000 2927
2189 0.003000 2927
2190 0.003000 2927
2191 0.003000 2927
2192 0.003000 2927
2193 0.003000 2927
2194 0.003000 2927
2195 0.003000 2927
2196 0.003000 2927
2197 0.003000 2927
2198 0.003000 2927
2199 0.003000 2927
2200 0.003000 2927
2201 0.003000 2927
2202 0.003000 2927
2203 0.003000 2927
2204 0.003000 2927
2205 0.003000 2927
2206 0.003000 2927
2207 0.003000 2927
2208 0.003000 2927
2209 0.003000 2927
2210 0.003000 2927
2211 0.003000 2927
2212 0.003000 2927
2213 0.003000 2927
2214 0.003000 2927
2215 0.003000 2927
2216 0.003000 2927
2217 0.003000 2927
2218 0.003000 2927
2219 0.003000 2927
2220 0.003000 2927
2221 0.003000 2927
2222 0.003000 2927
2223 0.003000 2927
2224 0.003000 2927
2225 0.003000 2927
2226 0.003000 2927
2227 0.003000 2927
2228 0.003000 2927
2229 0.003000 2927
2230 0.003000 2927
2231 0.003000 2927
2232 0.003000 2927
2233 0.003000 2927
2234 0.003000 2927
2235 0.003000 2927
2236 0.003000 2927
2237 0.003000 2927
2238 0.003000 2927
2239 0.003000 2927
2240 0.003000 2927
2241 0.003000 2927
2242 0.003000 2927
2243 0.003000 2927
2244 0.003000 2927
2245 0.003000 2927
2246 0.003000 2927
2247 0.003000 2927
2248 0.003000 2927
2249 0.003000 2927
2250 0.003000 2927
2251 0.003000 2927
2252 0.003000 2927
2253 0.003000 2927
2254 0.003000 2927
2255 0.003000 2927
2256 0.003000 2927
2257 0.003000 2927
2258 0.003000 2927
2259 0.003000 2927
2260 0.003000 2927
2261 0.003000 2927
2262 0.003000 2927
2263 0.003000 2927
2264 0.003000 2927
2265 0.003000 2927
2266 0.003000 2927
2267 0.003000 2927
2268 0.003000 2927
2269 0.003000 2927
2270 0.003000 2927
2271 0.003000 2927
2272 0.003000 2927
2273 0.003000 2927
2274 0.003000 2927
2275 0.003000 2927
2276 0.003000 2927
2277 0.003000 2927
2278 0.003000 2927
2279 0.003000 2927
2280 0.003000 2927
2281 0.003000 2927
2282 0.003000 2927
2283 0.003000 2927
2284 0.003000 2927
2285 0.003000 2927
2286 0.003000 2927
2287 0.003000 2927
2288 0.003000 2927
2289 0.003000 2927
2290 0.003000 2927
2291 0.003000 2927
2292 0.003000 2927
2293 0.003000 2927
2294 0.003000 2927
2295 0.003000 2927
2296 0.003000 2927
2297 0.003000 2927
2298 0.003000 2927
2299 0.003000 2927
2300 0.003000 2927
2301 0.003000 2927
2302 0.003000 2927
2303 0.003000 2927
2304 0.003000 2927
2305 0.003000 2927
2306 0.003000 2927
2307 0.003000 2927
2308 0.003000 2927
2309 0.003000 2927
2310 0.003000 2927
2311 0.003000 2927
2312 0.003000 2927
2313 0.003000 2927
2314 0.003000 2927
2315 0.003000 2927
2316 0.003000 2927
2317 0.003000 2927
2318 0.003000 2927
2319 0.003000 2927
2320 0.003000 2927
2321 0.003000 2927
2322 0.003000 2927
2323 0.003000 2927
2324 0.003000 2927
2325 0.003000 2927
2326 0.003000 2927
2327 0.003000 2927
2328 0.003000 2927
2329 0.003000 2927
2330 0.003000 2927
2331 0.003000 2927
2332 0.003000 2927
2333 0.003000 2927
2334 0.003000 2927
2335 0.003000 2927
2336 0.003000 2927
2337 0.003000 2927
2338 0.003000 2927
2339 0.003000 2927
2340 0.003000 2927
2341 0.003000 2927
2342 0.003000 2927
2343 0.003000 2927
2344 0.003000 2927
2345 0.003000 2927
2346 0.004000 2927
2347 0.004000 2927
2348 0.004000 2927
2349 0.004000 2927
2350 0.004000 2927
2351 0.004000 2927
2352 0.004000 2927
2353 0.004000 2927
2354 0.004000 2927
2355 0.004000 2927
2356 0.004000 2927
2357 0.004000 2927
2358 0.004000 2927
2359 0.004000 2927
2360 0.004000 2927
2361 0.004000 2927
2362 0.004000 2927
2363 0.004000 2927
2364 0.004000 2927
2365 0.004000 2927
2366 0.004000 2927
2367 0.004000 2927
2368 0.004000 2927
2369 0.004000 2927
2370 0.004000 2927
2371 0.004000 2927
2372 0.004000 2927
2373 0.004000 2927
2374 0.004000 2927
2375 0.004000 2927
2376 0.004000 2927
2377 0.004000 2927
2378 0.004000 2927
2379 0.004000 2927
2380 0.004000 2927
2381 0.004000 2927
2382 0.004000 2927
2383 0.004000 2927
2384 0.004000 2927
2385 0.004000 2927
2386 0.004000 2927
2387 0.004000 2927
2388 0.004000 2927
2389 0.004000 2927
2390 0.004000 2927
2391 0.004000 2927
2392 0.004000 2927
2393 0.004000 2927
2394 0.004000 2927
2395 0.004000 2927
2396 0.004000 2927
2397 0.004000 2927
2398 0.004000 2927
2399 0.004000 2927
2400 0.004000 2927
2401 0.004000 2927
2402 0.004000 2927
2403 0.004000 2927
2404 0.004000 2927
2405 0.004000 2927
2406 0.004000 2927
2407 0.004000 2927
2408 0.004000 2927
2409 0.004000 2927
2410 0.004000 2927
2411 0.004000 2927
2412 0.004000 2927
2413 0.004000 2927
2414 0.004000 2927
2415 0.004000 2927
2416 0.004000 2927
2417 0.004000 2927
2418 0.004000 2927
2419 0.004000 2927
2420 0.004000 2927
2421 0.004000 2927
2422 0.004000 2927
2423 0.004000 2927
2424 0.004000 2927
2425 0.004000 2927
2426 0.004000 2927
2427 0.004000 2927
2428 0.004000 2927
2429 0.004000 2927
2430 0.004000 2927
2431 0.004000 2927
2432 0.004000 2927
2433 0.004000 2927
2434 0.004000 2927
2435 0.004000 2927
2436 0.004000 2927
2437 0.004000 2927
2438 0.004000 2927
2439 0.004000 2927
2440 0.004000 2927
2441 0.004000 2927
2442 0.004000 2927
2443 0.004000 2927
2444 0.004000 2927
2445 0.004000 2927
2446 0.004000 2927
2447 0.004000 2927
2448 0.004000 2927
2449 0.004000 2927
2450 0.004000 2927
2451 0.004000 2927
2452 0.004000 2927
2453 0.004000 2927
2454 0.004000 2927
2455 0.004000 2927
2456 0.004000 2927
2457 0.004000 2927
2458 0.004000 2927
2459 0.004000 2927
2460 0.004000 2927
2461 0.004000 2927
2462 0.004000 2927
2463 0.004000 2927
2464 0.004000 2927
2465 0.004000 2927
2466 0.004000 2927
2467 0.004000 2927
2468 0.004000 2927
2469 0.004000 2927
2470 0.004000 2927
2471 0.004000 2927
2472 0.004000 2927
2473 0.004000 2927
2474 0.004000 2927
2475 0.004000 2927
2476 0.004000 2927
2477 0.004000 2927
2478 0.004000 2927
2479 0.004000 2927
2480 0.004000 2927
2481 0.004000 2927
2482 0.004000 2927
2483 0.004000 2927
2484 0.004000 2927
2485 0.004000 2927
2486 0.004000 2927
2487 0.004000 2927
2488 0.004000 2927
2489 0.004000 2927
2490 0.004000 2927
2491 0.004000 2927
2492 0.004000 2927
2493 0.004000 2927
2494 0.004000 2927
2495 0.004000 2927
2496 0.004000 2927
2497 0.004000 2927
2498 0.004000 2927
2499 0.004000 2927
2500 0.004000 2927
2501 0.004000 2927
2502 0.004000 2927
2503 0.004000 2927
2504 0.004000 2927
2505 0.004000 2927
2506 0.004000 2927
2507 0.004000 2927
2508 0.004000 2927
2509 0.004000 2927
2510 0.004000 2927
2511 0.004000 2927
2512 0.004000 2927
2513 0.004000 2927
2514 0.004000 2927
2515 0.004000 2927
2516 0.004000 2927
2517 0.004000 2927
2518 0.004000 2927
2519 0.004000 2927
2520 0.004000 2927
2521 0.004000 2927
2522 0.005000 2927
2523 0.005000 2927
2524 0.005000 2927
2525 0.005000 2927
2526 0.005000 2927
2527 0.005000 2927
2528 0.005000 2927
2529 0.005000 2927
2530 0.005000 2927
2531 0.005000 2927
2532 0.005000 2927
2533 0.005000 2927
2534 0.005000 2927
2535 0.005000 2927
2536 0.005000 2927
2537 0.005000 2927
2538 0.005000 2927
2539 0.005000 2927
2540 0.005000 2927
2541 0.005000 2927
2542 0.005000 2927
2543 0.005000 2927
2544 0.005000 2927
2545 0.005000 2927
2546 0.005000 2927
2547 0.005000 2927
2548 0.005000 2927
2549 0.005000 2927
2550 0.005000 2927
2551 0.005000 2927
2552 0.005000 2927
2553 0.005000 2927
2554 0.005000 2927
2555 0.005000 2927
2556 0.005000 2927
2557 0.005000 2927
2558 0.005000 2927
2559 0.005000 2927
2560 0.005000 2927
2561 0.005000 2927
2562 0.005000 2927
2563 0.005000 2927
2564 0.005000 2927
2565 0.005000 2927
2566 0.005000 2927
2567 0.005000 2927
2568 0.005000 2927
2569 0.005000 2927
2570 0.005000 2927
2571 0.005000 2927
2572 0.005000 2927
2573 0.005000 2927
2574 0.005000 2927
2575 0.005000 2927
2576 0.005000 2927
2577 0.005000 2927
2578 0.005000 2927
2579 0.005000 2927
2580 0.005000 2927
2581 0.005000 2927
2582 0.005000 2927
2583 0.005000 2927
2584 0.005000 2927
2585 0.005000 2927
2586 0.005000 2927
2587 0.005000 2927
2588 0.005000 2927
2589 0.005000 2927
2590 0.005000 2927
2591 0.005000 2927
2592 0.005000 2927
2593 0.005000 2927
2594 0.005000 2927
2595 0.005000 2927
2596 0.005000 2927
2597 0.005000 2927
2598 0.005000 2927
2599 0.005000 2927
2600 0.005000 2927
2601 0.005000 2927
2602 0.005000 2927
2603 0.005000 2927
2604 0.005000 2927
2605 0.005000 2927
2606 0.005000 2927
2607 0.005000 2927
2608 0.005000 2927
2609 0.005000 2927
2610 0.005000 2927
2611 0.005000 2927
2612 0.005000 2927
2613 0.005000 2927
2614 0.005000 2927
2615 0.005000 2927
2616 0.005000 2927
2617 0.005000 2927
2618 0.005000 2927
2619 0.005000 2927
2620 0.005000 2927
2621 0.005000 2927
2622 0.005000 2927
2623 0.005000 2927
2624 0.005000 2927
2625 0.005000 2927
2626 0.005000 2927
2627 0.005000 2927
2628 0.005000 2927
2629 0.005000 2927
2630 0.005000 2927
2631 0.005000 2927
2632 0.005000 2927
2633 0.005000 2927
2634 0.005000 2927
2635 0.005000 2927
2636 0.005000 2927
2637 0.005000 2927
2638 0.005000 2927
2639 0.005000 2927
2640 0.005000 2927
2641 0.005000 2927
2642 0.005000 2927
2643 0.005000 2927
2644 0.005000 2927
2645 0.005000 2927
2646 0.005000 2927
2647 0.005000 2927
2648 0.005000 2927
2649 0.005000 2927
2650 0.005000 2927
2651 0.005000 2927
2652 0.005000 2927
2653 0.005000 2927
2654 0.005000 2927
2655 0.005000 2927
2656 0.005000 2927
2657 0.005000 2927
2658 0.005000 2927
2659 0.005000 2927
2660 0.005000 2927
2661 0.005000 2927
2662 0.005000 2927
2663 0.005000 2927
2664 0.005000 2927
2665 0.005000 2927
2666 0.005000 2927
2667 0.005000 2927
2668 0.005000 2927
2669 0.005000 2927
2670 0.005000 2927
2671 0.005000 2927
2672 0.005000 2927
2673 0.005000 2927
2674 0.005000 2927
2675 0.005000 2927
2676 0.005000 2927
2677 0.005000 2927
2678 0.005000 2927
2679 0.005000 2927
2680 0.005000 2927
2681 0.005000 2927
2682 0.005000 2927
2683 0.005000 2927
2684 0.005000 2927
2685 0.005000 2927
2686 0.005000 2927
2687 0.005000 2927
2688 0.005000 2927
2689 0.005000 2927
2690 0.005000 2927
2691 0.005000 2927
2692 0.005000 2927
2693 0.005000 2927
2694 0.005000 2927
2695 0.005000 2927
2696 0.005000 2927
2697 0.005000 2927
2698 0.005000 2927
2699 0.005000 2927
2700 0.005000 2927
2701 0.005000 2927
2702 0.005000 2927
2703 0.005000 2927
2704 0.005000 2927
2705 0.005000 2927
2706 0.005000 2927
2707 0.005000 2927
2708 0.005000 2927
2709 0.005000 2927
2710 0.005000 2927
2711 0.005000 2927
2712 0.005000 2927
2713 0.005000 2927
2714 0.005000 2927
2715 0.005000 2927
2716 0.005000 2927
2717 0.005000 2927
2718 0.005000 2927
2719 0.005000 2927
2720 0.005000 2927
2721 0.005000 2927
2722 0.005000 2927
2723 0.005000 2927
2724 0.005000 2927
2725 0.005000 2927
2726 0.005000 2927
2727 0.005000 2927
2728 0.005000 2927
2729 0.005000 2927
2730 0.005000 2927
2731 0.005000 2927
2732 0.005000 2927
2733 0.005000 2927
2734 0.005000 2927
2735 0.005000 2927
2736 0.005000 2927
2737 0.005000 2927
2738 0.005000 2927
2739 0.005000 2927
2740 0.005000 2927
2741 0.005000 2927
2742 0.005000 2927
2743 0.005000 2927
2744 0.005000 2927
2745 0.005000 2927
2746 0.005000 2927
2747 0.005000 2927
2748 0.005000 2927
2749 0.005000 2927
2750 0.005000 2927
2751 0.005000 2927
2752 0.005000 2927
2753 0.005000 2927
2754 0.005000 2927
2755 0.005000 2927
2756 0.005000 2927
2757 0.005000 2927
2758 0.005000 2927
2759 0.005000 2927
2760 0.005000 2927
2761 0.005000 2927
2762 0.005000 2927
2763 0.005000 2927
2764 0.005000 2927
2765 0.005000 2927
2766 0.005000 2927
2767 0.005000 2927
2768 0.005000 2927
2769 0.005000 2927
2770 0.005000 2927
2771 0.005000 2927
2772 0.005000 2927
2773 0.005000 2927
2774 0.005000 2927
2775 0.005000 2927
2776 0.005000 2927
2777 0.005000 2927
2778 0.005000 2927
2779 0.005000 2927
2780 0.005000 2927
2781 0.005000 2927
2782 0.005000 2927
2783 0.005000 2927
2784 0.005000 2927
2785 0.005000 2927
2786 0.005000 2927
2787 0.005000 2927
2788 0.005000 2927
2789 0.005000 2927
2790 0.005000 2927
2791 0.005000 2927
2792 0.005000 2927
2793 0.005000 2927
2794 0.005000 2927
2795 0.005000 2927
2796 0.005000 2927
2797 0.005000 2927
2798 0.005000 2927
2799 0.005000 2927
2800 0.005000 2927
2801 0.005000 2927
2802 0.005000 2927
2803 0.005000 2927
2804 0.005000 2927
2805 0.005000 2927
2806 0.005000 2927
2807 0.005000 2927
2808 0.005000 2927
2809 0.005000 2927
2810 0.005000 2927
2811 0.005000 2927
2812 0.005000 2927
2813 0.005000 2927
2814 0.005000 2927
2815 0.005000 2927
2816 0.005000 2927
2817 0.005000 2927
2818 0.005000 2927
2819 0.005000 2927
2820 0.005000 2927
2821 0.005000 2927
2822 0.005000 2927
2823 0.005000 2927
2824 0.005000 2927
2825 0.005000 2927
2826 0.005000 2927
2827 0.005000 2927
2828 0.005000 2927
2829 0.005000 2927
2830 0.005000 2927
2831 0.005000 2927
2832 0.005000 2927
2833 0.005000 2927
2834 0.005000 2927
2835 0.005000 2927
2836 0.005000 2927
2837 0.005000 2927
2838 0.005000 2927
2839 0.005000 2927
2840 0.005000 2927
2841 0.005000 2927
2842 0.005000 2927
2843 0.005000 2927
2844 0.005000 2927
2845 0.005000 2927
2846 0.005000 2927
2847 0.005000 2927
2848 0.005000 2927
2849 0.005000 2927
2850 0.005000 2927
2851 0.005000 2927
2852 0.005000 2927
2853 0.005000 2927
2854 0.005000 2927
2855 0.005000 2927
2856 0.005000 2927
2857 0.005000 2927
2858 0.005000 2927
2859 0.005000 2927
2860 0.005000 2927
2861 0.005000 2927
2862 0.005000 2927
2863 0.005000 2927
2864 0.005000 2927
2865 0.005000 2927
2866 0.005000 2927
2867 0.005000 2927
2868 0.005000 2927
2869 0.005000 2927
2870 0.005000 2927
2871 0.005000 2927
2872 0.005000 2927
2873 0.005000 2927
2874 0.005000 2927
2875 0.005000 2927
2876 0.005000 2927
2877 0.005000 2927
2878 0.005000 2927
2879 0.005000 2927
2880 0.005000 2927
2881 0.005000 2927
2882 0.005000 2927
2883 0.005000 2927
2884 0.005000 2927
2885 0.005000 2927
2886 0.005000 2927
2887 0.005000 2927
2888 0.005000 2927
2889 0.005000 2927
2890 0.005000 2927
2891 0.005000 2927
2892 0.005000 2927
2893 0.005000 2927
2894 0.005000 2927
2895 0.005000 2927
2896 0.005000 2927
2897 0.005000 2927
2898 0.005000 2927
2899 0.005000 2927
2900 0.005000 2927
2901 0.005000 2927
2902 0.005000 2927
2903 0.005000 2927
2904 0.005000 2927
2905 0.005000 2927
2906 0.005000 2927
2907 0.005000 2927
2908 0.005000 2927
2909 0.005000 2927
2910 0.005000 2927
2911 0.005000 2927
2912 0.005000 2927
2913 0.005000 2927
2914 0.005000 2927
2915 0.005000 2927
2916 0.005000 2927
2917 0.005000 2927
2918 0.005000 2927
2919 0.005000 2927
2920 0.005000 2927
2921 0.005000 2927
2922 0.005000 2927
2923 0.005000 2927
2924 0.005000 2927
2925 0.005000 2927
2926 0.005000 2927
2927 0.005000 2927
2928 0.005000 2927
2929 0.005000 2927
2930 0.005000 2927
2931 0.005000 2927
2932 0.005000 2927
2933 0.005000 2927
2934 0.005000 2927
2935 0.005000 2927
2936 0.005000 2927
2937 0.005000 2927
2938 0.005000 2927
2939 0.005000 2927
2940 0.005000 2927
2941 0.005000 2927
2942 0.005000 2927
2943 0.005000 2927
2944 0.005000 2927
2945 0.005000 2927
2946 0.005000 2927
2947 0.005000 2927
2948 0.005000 2927
2949 0.005000 2927
2950 0.005000 2927
2951 0.005000 2927
2952 0.005000 2927
2953 0.005000 2927
2954 0.005000 2927
2955 0.005000 2927
2956 0.005000 2927
2957 0.005000 2927
2958 0.005000 2927
2959 0.005000 2927
2960 0.005000 2927
2961 0.005000 2927
2962 0.005000 2927
2963 0.005000 2927
2964 0.005000 2927
2965 0.005000 2927
2966 0.005000 2927
2967 0.005000 2927
2968 0.005000 2927
2969 0.005000 2927
2970 0.005000 2927
2971 0.005000 2927
2972 0.005000 2927
2973 0.005000 2927
2974 0.005000 2927
2975 0.005000 2927
2976 0.005000 2927
2977 0.005000 2927
2978 0.005000 2927
2979 0.005000 2927
2980 0.005000 2927
2981 0.005000 2927
2982 0.005000 2927
2983 0.005000 2927
2984 0.005000 2927
2985 0.005000 2927
2986 0.005000 2927
2987 0.005000 2927
2988 0.005000 2927
2989 0.005000 2927
2990 0.005000 2927
2991 0.005000 2927
2992 0.005000 2927
2993 0.005000 2927
2994 0.005000 2927
2995 0.005000 2927
2996 0.005000 2927
2997 0.005000 2927
2998 0.005000 2927
2999 0.005000 2927
3000 0.005000 2927
# Final Best Cost: 2927
