# first_value: 3423
# Instance: eil101.tsp
# Method: random-search
# output: time cost
0 3423
1 0.000000 3423
2 0.000000 3423
3 0.000000 3423
4 0.000000 3423
5 0.000000 3423
6 0.000000 3423
7 0.000000 3423
8 0.000000 3423
9 0.000000 3423
10 0.000000 3423
11 0.000000 3265
12 0.000000 3265
13 0.000000 3265
14 0.000000 3195
15 0.000000 3195
16 0.000000 3195
17 0.000000 3195
18 0.000000 3195
19 0.000000 3195
20 0.000000 3195
21 0.000000 3195
22 0.000000 3195
23 0.000000 3195
24 0.000000 3195
25 0.000000 3195
26 0.000000 3195
27 0.000000 3195
28 0.000000 3195
29 0.000000 3195
30 0.000000 3195
31 0.000000 3195
32 0.000000 3195
33 0.000000 3195
34 0.000000 3171
35 0.000000 3171
36 0.000000 3171
37 0.000000 3171
38 0.000000 3029
39 0.000000 3029
40 0.000000 3029
41 0.000000 3029
42 0.000000 3029
43 0.000000 3029
44 0.000000 3029
45 0.000000 3029
46 0.000000 3029
47 0.000000 3029
48 0.000000 3029
49 0.000000 3029
50 0.000000 3029
51 0.000000 3029
52 0.000000 3029
53 0.000000 3029
54 0.000000 3029
55 0.000000 3029
56 0.000000 3029
57 0.000000 3029
58 0.000000 3029
59 0.000000 3029
60 0.000000 3029
61 0.000000 3029
62 0.000000 3029
63 0.000000 3029
64 0.000000 3029
65 0.000000 3029
66 0.000000 3029
67 0.000000 3029
68 0.000000 3029
69 0.000000 3029
70 0.000000 3029
71 0.000000 3029
72 0.000000 3029
73 0.000000 3029
74 0.000000 3029
75 0.000000 3029
76 0.000000 3029
77 0.000000 3029
78 0.000000 3029
79 0.000000 3029
80 0.000000 3029
81 0.000000 3029
82 0.000000 3029
83 0.000000 3029
84 0.000000 3029
85 0.000000 3029
86 0.000000 3029
87 0.000000 3029
88 0.000000 3029
89 0.000000 3029
90 0.000000 3029
91 0.000000 3029
92 0.000000 3029
93 0.000000 3029
94 0.000000 3029
95 0.000000 3029
96 0.000000 3029
97 0.000000 3029
98 0.000000 3029
99 0.000000 3029
100 0.000000 3029
101 0.000000 3029
102 0.000000 3029
103 0.000000 3029
104 0.000000 3029
105 0.000000 3029
106 0.000000 3029
107 0.000000 3029
108 0.000000 3029
109 0.000000 3029
110 0.000000 3029
111 0.000000 3029
112 0.000000 3029
113 0.000000 3029
114 0.000000 3029
115 0.000000 3029
116 0.000000 3029
117 0.000000 3029
118 0.000000 3029
119 0.000000 3029
120 0.000000 3029
121 0.000000 3029
122 0.000000 3029
123 0.000000 3029
124 0.000000 3029
125 0.000000 3029
126 0.000000 3029
127 0.000000 3029
128 0.000000 3029
129 0.000000 3029
130 0.000000 3029
131 0.000000 3029
132 0.000000 3029
133 0.000000 3029
134 0.000000 3029
135 0.000000 3029
136 0.000000 3029
137 0.000000 3029
138 0.000000 3029
139 0.000000 3029
140 0.000000 3029
141 0.000000 3029
142 0.000000 3029
143 0.000000 3029
144 0.000000 3029
145 0.000000 3029
146 0.000000 3029
147 0.000000 3029
148 0.000000 3029
149 0.000000 3029
150 0.000000 3029
151 0.000000 3029
152 0.000000 3029
153 0.000000 3029
154 0.000000 3029
155 0.000000 3029
156 0.000000 3029
157 0.000000 3029
158 0.000000 3029
159 0.000000 3029
160 0.000000 3029
161 0.000000 3029
162 0.000000 3029
163 0.000000 3029
164 0.000000 3029
165 0.000000 3029
166 0.000000 3029
167 0.000000 3029
168 0.000000 3029
169 0.000000 3029
170 0.000000 3029
171 0.000000 3029
172 0.000000 3029
173 0.000000 3029
174 0.000000 3029
175 0.000000 3029
176 0.000000 3029
177 0.000000 3029
178 0.000000 3029
179 0.000000 3029
180 0.000000 3029
181 0.000000 3029
182 0.000000 3029
183 0.000000 3029
184 0.000000 3029
185 0.000000 3029
186 0.000000 3029
187 0.000000 3029
188 0.000000 3029
189 0.000000 3029
190 0.000000 3029
191 0.000000 3029
192 0.000000 3029
193 0.000000 3029
194 0.000000 3029
195 0.000000 3029
196 0.000000 3029
197 0.000000 3029
198 0.000000 3029
199 0.000000 3029
200 0.000000 3029
201 0.000000 3029
202 0.000000 3029
203 0.000000 3029
204 0.000000 3029
205 0.000000 3029
206 0.000000 3029
207 0.000000 3029
208 0.000000 3029
209 0.000000 3029
210 0.000000 3029
211 0.000000 3029
212 0.000000 3029
213 0.000000 3029
214 0.000000 3029
215 0.000000 3029
216 0.000000 3029
217 0.000000 3029
218 0.000000 3029
219 0.000000 3029
220 0.000000 3029
221 0.000000 3029
222 0.000000 3029
223 0.000000 3029
224 0.000000 3029
225 0.000000 3029
226 0.000000 3029
227 0.000000 3029
228 0.000000 3029
229 0.000000 3029
230 0.000000 3029
231 0.000000 3029
232 0.000000 3029
233 0.000000 3029
234 0.000000 3029
235 0.000000 3029
236 0.000000 3029
237 0.000000 3029
238 0.000000 3029
239 0.000000 3029
240 0.000000 3029
241 0.000000 3029
242 0.000000 3029
243 0.000000 3029
244 0.000000 3029
245 0.000000 3029
246 0.000000 3029
247 0.000000 3029
248 0.000000 3029
249 0.000000 3029
250 0.000000 3029
251 0.000000 3029
252 0.000000 3029
253 0.000000 3029
254 0.000000 3029
255 0.000000 3029
256 0.000000 3029
257 0.000000 3029
258 0.000000 3029
259 0.000000 3029
260 0.000000 3029
261 0.000000 3029
262 0.000000 3029
263 0.000000 3029
264 0.000000 3029
265 0.000000 3029
266 0.000000 3029
267 0.000000 3029
268 0.000000 3029
269 0.000000 3029
270 0.000000 3029
271 0.000000 3029
272 0.000000 3029
273 0.000000 3029
274 0.000000 3029
275 0.000000 3029
276 0.000000 3029
277 0.000000 3029
278 0.000000 3029
279 0.000000 3029
280 0.000000 3029
281 0.000000 3029
282 0.000000 3029
283 0.000000 3029
284 0.000000 3029
285 0.000000 3029
286 0.000000 3029
287 0.000000 3029
288 0.000000 3029
289 0.000000 3029
290 0.000000 3029
291 0.000000 3029
292 0.000000 3029
293 0.000000 3029
294 0.000000 3029
295 0.000000 3029
296 0.000000 3029
297 0.000000 3029
298 0.000000 3029
299 0.000000 3029
300 0.000000 3029
301 0.000000 3029
302 0.000000 3029
303 0.000000 3029
304 0.000000 3029
305 0.000000 3029
306 0.000000 3029
307 0.000000 3029
308 0.000000 3029
309 0.000000 3029
310 0.000000 3029
311 0.000000 3029
312 0.000000 3029
313 0.000000 3029
314 0.000000 3029
315 0.000000 3029
316 0.000000 3029
317 0.000000 3029
318 0.000000 3029
319 0.000000 3029
320 0.000000 3029
321 0.000000 3029
322 0.000000 3029
323 0.000000 3029
324 0.000000 3029
325 0.000000 3029
326 0.000000 3029
327 0.000000 3029
328 0.000000 3029
329 0.000000 3029
330 0.000000 3029
331 0.000000 3029
332 0.000000 3029
333 0.000000 3029
334 0.000000 3029
335 0.000000 3029
336 0.000000 3029
337 0.000000 3029
338 0.000000 3029
339 0.000000 3029
340 0.000000 3029
341 0.000000 3029
342 0.000000 3029
343 0.000000 3029
344 0.000000 3029
345 0.000000 3029
346 0.000000 3029
347 0.000000 3029
348 0.000000 3029
349 0.000000 3029
350 0.000000 3029
351 0.000000 3029
352 0.000000 3029
353 0.000000 3029
354 0.000000 3029
355 0.000000 3029
356 0.000000 3029
357 0.000000 3029
358 0.000000 3029
359 0.000000 3029
360 0.000000 3029
361 0.000000 3029
362 0.000000 3029
363 0.000000 3029
364 0.000000 3029
365 0.000000 3029
366 0.000000 3029
367 0.000000 3029
368 0.000000 3029
369 0.000000 3029
370 0.000000 3029
371 0.000000 3029
372 0.000000 3029
373 0.000000 3029
374 0.000000 3029
375 0.000000 3029
376 0.000000 3029
377 0.000000 3029
378 0.000000 3029
379 0.000000 3029
380 0.000000 3029
381 0.000000 3029
382 0.000000 3029
383 0.000000 3029
384 0.000000 3029
385 0.000000 3029
386 0.000000 3029
387 0.000000 3029
388 0.000000 3029
389 0.000000 3029
390 0.000000 3029
391 0.000000 3029
392 0.000000 3029
393 0.000000 3029
394 0.000000 3029
395 0.000000 3029
396 0.000000 3029
397 0.000000 3029
398 0.000000 3029
399 0.000000 3029
400 0.000000 3029
401 0.000000 3029
402 0.000000 3029
403 0.000000 3029
404 0.000000 3029
405 0.000000 3029
406 0.000000 3029
407 0.000000 3029
408 0.000000 3029
409 0.000000 3029
410 0.000000 3029
411 0.000000 3029
412 0.000000 3029
413 0.000000 3029
414 0.000000 3029
415 0.000000 3029
416 0.000000 3029
417 0.000000 3029
418 0.000000 3029
419 0.000000 3029
420 0.000000 3029
421 0.000000 3029
422 0.000000 3029
423 0.000000 3029
424 0.000000 3029
425 0.000000 3029
426 0.000000 3029
427 0.000000 3029
428 0.000000 3029
429 0.000000 3029
430 0.000000 3029
431 0.000000 3029
432 0.000000 3029
433 0.000000 3029
434 0.000000 3029
435 0.000000 3029
436 0.000000 3029
437 0.000000 3029
438 0.000000 3029
439 0.000000 3029
440 0.000000 3029
441 0.000000 3029
442 0.000000 3029
443 0.000000 3029
444 0.000000 3029
445 0.000000 3029
446 0.000000 3029
447 0.000000 3029
448 0.000000 3029
449 0.000000 3029
450 0.000000 3029
451 0.000000 3029
452 0.000000 3029
453 0.000000 3029
454 0.000000 3029
455 0.000000 3029
456 0.000000 3029
457 0.000000 3029
458 0.000000 3029
459 0.000000 3029
460 0.000000 3029
461 0.000000 3029
462 0.000000 3029
463 0.000000 3029
464 0.000000 3029
465 0.000000 3029
466 0.000000 3029
467 0.000000 3029
468 0.000000 3029
469 0.000000 3029
470 0.000000 3029
471 0.000000 3029
472 0.000000 3029
473 0.000000 3029
474 0.000000 3029
475 0.000000 3029
476 0.000000 3029
477 0.000000 3029
478 0.000000 3029
479 0.000000 3029
480 0.000000 3029
481 0.000000 3029
482 0.000000 3029
483 0.000000 3029
484 0.000000 3029
485 0.000000 3029
486 0.000000 3029
487 0.000000 3029
488 0.000000 3029
489 0.000000 3029
490 0.000000 3029
491 0.000000 3029
492 0.000000 3029
493 0.000000 3029
494 0.000000 3029
495 0.000000 3029
496 0.000000 3029
497 0.000000 3029
498 0.000000 3029
499 0.000000 3029
500 0.000000 3029
501 0.000000 3029
502 0.000000 3029
503 0.000000 3029
504 0.000000 3029
505 0.000000 3029
506 0.000000 3029
507 0.000000 3029
508 0.000000 3029
509 0.000000 3029
510 0.000000 3029
511 0.000000 3029
512 0.000000 3029
513 0.000000 3029
514 0.000000 3029
515 0.000000 3029
516 0.000000 3029
517 0.000000 3029
518 0.000000 3029
519 0.000000 3029
520 0.000000 3029
521 0.000000 3029
522 0.000000 3029
523 0.000000 3029
524 0.000000 3029
525 0.000000 3029
526 0.000000 3029
527 0.000000 3029
528 0.000000 3029
529 0.000000 3029
530 0.000000 3029
531 0.000000 3029
532 0.000000 3029
533 0.000000 3029
534 0.000000 3029
535 0.000000 3029
536 0.000000 3029
537 0.000000 3029
538 0.000000 3029
539 0.000000 3029
540 0.000000 3029
541 0.000000 3029
542 0.000000 3029
543 0.000000 3029
544 0.000000 3029
545 0.000000 3027
546 0.000000 3027
547 0.000000 3027
548 0.000000 3027
549 0.000000 3027
550 0.000000 3027
551 0.000000 3027
552 0.000000 3027
553 0.000000 3027
554 0.000000 3027
555 0.000000 3027
556 0.000000 3027
557 0.000000 3027
558 0.000000 3027
559 0.000000 3027
560 0.000000 3027
561 0.000000 3027
562 0.000000 3027
563 0.000000 3027
564 0.000000 3027
565 0.000000 3027
566 0.000000 3027
567 0.000000 3027
568 0.000000 3027
569 0.000000 3027
570 0.000000 3027
571 0.000000 3027
572 0.000000 3027
573 0.000000 3027
574 0.000000 3027
575 0.000000 3027
576 0.000000 3027
577 0.000000 3027
578 0.000000 3027
579 0.000000 3027
580 0.000000 3027
581 0.000000 3027
582 0.000000 3027
583 0.000000 3027
584 0.000000 3027
585 0.000000 3027
586 0.000000 3027
587 0.000000 3027
588 0.000000 3027
589 0.000000 3027
590 0.000000 3027
591 0.000000 3027
592 0.000000 3027
593 0.000000 3027
594 0.000000 3027
595 0.000000 3027
596 0.000000 3027
597 0.000000 3027
598 0.000000 3027
599 0.000000 3027
600 0.000000 3027
601 0.000000 3027
602 0.000000 3027
603 0.000000 3027
604 0.000000 3027
605 0.000000 3027
606 0.000000 3027
607 0.000000 3027
608 0.000000 3027
609 0.000000 3027
610 0.000000 3027
611 0.000000 3027
612 0.000000 3027
613 0.000000 3027
614 0.000000 3027
615 0.000000 3027
616 0.000000 3027
617 0.000000 3027
618 0.000000 3027
619 0.000000 3027
620 0.000000 3027
621 0.000000 3027
622 0.000000 3027
623 0.000000 3027
624 0.000000 3027
625 0.000000 3027
626 0.000000 3027
627 0.000000 3027
628 0.000000 3027
629 0.000000 3027
630 0.000000 3027
631 0.000000 3027
632 0.000000 3027
633 0.000000 3027
634 0.000000 3027
635 0.000000 3027
636 0.000000 3027
637 0.000000 3027
638 0.000000 3027
639 0.000000 3027
640 0.000000 3027
641 0.000000 3027
642 0.000000 3027
643 0.000000 3027
644 0.000000 3027
645 0.000000 3027
646 0.000000 3027
647 0.000000 3027
648 0.000000 3027
649 0.000000 3027
650 0.000000 3027
651 0.000000 3027
652 0.000000 3027
653 0.000000 3027
654 0.000000 3027
655 0.000000 3027
656 0.000000 3027
657 0.000000 3027
658 0.000000 3027
659 0.000000 3027
660 0.000000 3027
661 0.000000 3027
662 0.000000 3027
663 0.000000 3027
664 0.000000 3027
665 0.000000 3027
666 0.000000 3027
667 0.000000 3027
668 0.000000 3027
669 0.000000 3027
670 0.000000 3027
671 0.000000 3027
672 0.000000 3027
673 0.000000 3027
674 0.000000 3027
675 0.000000 3027
676 0.000000 3027
677 0.000000 3027
678 0.000000 3027
679 0.000000 3027
680 0.000000 3027
681 0.000000 3027
682 0.000000 3027
683 0.000000 3027
684 0.000000 3027
685 0.000000 3027
686 0.000000 3027
687 0.000000 3027
688 0.000000 3027
689 0.000000 3027
690 0.000000 3027
691 0.000000 3027
692 0.000000 3027
693 0.000000 3027
694 0.000000 3027
695 0.000000 3027
696 0.000000 3027
697 0.000000 3027
698 0.000000 3027
699 0.000000 3027
700 0.000000 3027
701 0.000000 3027
702 0.000000 3027
703 0.000000 3027
704 0.000000 3027
705 0.000000 3027
706 0.000000 3027
707 0.000000 3027
708 0.000000 3027
709 0.000000 3027
710 0.000000 3027
711 0.000000 3027
712 0.000000 3027
713 0.000000 3027
714 0.000000 3027
715 0.000000 3027
716 0.000000 3027
717 0.000000 3027
718 0.000000 3027
719 0.000000 3027
720 0.000000 3027
721 0.000000 3027
722 0.000000 3027
723 0.000000 3027
724 0.000000 3027
725 0.000000 3027
726 0.000000 3027
727 0.000000 3027
728 0.000000 3027
729 0.000000 3027
730 0.000000 3027
731 0.000000 3027
732 0.000000 3027
733 0.000000 3027
734 0.000000 3027
735 0.000000 3027
736 0.000000 3027
737 0.000000 3027
738 0.000000 3027
739 0.000000 3027
740 0.000000 3027
741 0.000000 3027
742 0.000000 3027
743 0.000000 3027
744 0.000000 3027
745 0.000000 3027
746 0.000000 3027
747 0.000000 3027
748 0.000000 3027
749 0.000000 3027
750 0.000000 3027
751 0.000000 3027
752 0.000000 3027
753 0.000000 3027
754 0.000000 3027
755 0.000000 3027
756 0.000000 3027
757 0.000000 3027
758 0.000000 3027
759 0.000000 3027
760 0.000000 3027
761 0.000000 3027
762 0.000000 3027
763 0.000000 3027
764 0.000000 3027
765 0.000000 3027
766 0.000000 3027
767 0.000000 3027
768 0.000000 3027
769 0.000000 3027
770 0.000000 3027
771 0.000000 3027
772 0.000000 3027
773 0.000000 3027
774 0.000000 3027
775 0.000000 3027
776 0.000000 3027
777 0.000000 3027
778 0.000000 3027
779 0.000000 3027
780 0.000000 3027
781 0.000000 3027
782 0.000000 3027
783 0.000000 3027
784 0.000000 3027
785 0.000000 3027
786 0.000000 3027
787 0.000000 3027
788 0.000000 3027
789 0.000000 3027
790 0.000000 3027
791 0.000000 3027
792 0.000000 3027
793 0.000000 3027
794 0.000000 3027
795 0.000000 3027
796 0.000000 3027
797 0.000000 3027
798 0.000000 3027
799 0.000000 3027
800 0.000000 3027
801 0.000000 3027
802 0.000000 3027
803 0.000000 3027
804 0.000000 3027
805 0.000000 3027
806 0.000000 3027
807 0.000000 3027
808 0.000000 3027
809 0.000000 3027
810 0.000000 3027
811 0.000000 3027
812 0.000000 3027
813 0.000000 3027
814 0.000000 3027
815 0.000000 3027
816 0.000000 3027
817 0.000000 3027
818 0.000000 3027
819 0.000000 3027
820 0.000000 3027
821 0.000000 3027
822 0.000000 3027
823 0.000000 3027
824 0.000000 3027
825 0.000000 3027
826 0.000000 3027
827 0.000000 3027
828 0.000000 3027
829 0.000000 3027
830 0.000000 3027
831 0.000000 3027
832 0.000000 3027
833 0.000000 3027
834 0.000000 3027
835 0.000000 3027
836 0.000000 3027
837 0.000000 3027
838 0.000000 3027
839 0.000000 3027
840 0.000000 3027
841 0.000000 3027
842 0.000000 3027
843 0.000000 3027
844 0.000000 3027
845 0.000000 3027
846 0.000000 3027
847 0.000000 3027
848 0.000000 3027
849 0.000000 3027
850 0.000000 3027
851 0.000000 3027
852 0.000000 3027
853 0.000000 3027
854 0.000000 3027
855 0.000000 3027
856 0.000000 3027
857 0.000000 3027
858 0.000000 3027
859 0.000000 3027
860 0.000000 3027
861 0.000000 3027
862 0.000000 3027
863 0.000000 3027
864 0.000000 3027
865 0.000000 3027
866 0.000000 3027
867 0.000000 3027
868 0.000000 3027
869 0.000000 3027
870 0.000000 3027
871 0.000000 3027
872 0.000000 3027
873 0.000000 3027
874 0.000000 3027
875 0.000000 3027
876 0.000000 3027
877 0.000000 3027
878 0.000000 3027
879 0.000000 3027
880 0.000000 3027
881 0.000000 3027
882 0.000000 3027
883 0.000000 3027
884 0.000000 3027
885 0.000000 3027
886 0.000000 3027
887 0.000000 3027
888 0.000000 3027
889 0.000000 3027
890 0.000000 3027
891 0.000000 3027
892 0.000000 3027
893 0.000000 3027
894 0.000000 3027
895 0.000000 3027
896 0.000000 3027
897 0.000000 3027
898 0.000000 3027
899 0.000000 3027
900 0.000000 3027
901 0.000000 3027
902 0.000000 3016
903 0.000000 3016
904 0.000000 3016
905 0.000000 3016
906 0.000000 3016
907 0.000000 3016
908 0.000000 3016
909 0.000000 3016
910 0.000000 3016
911 0.000000 3016
912 0.000000 3016
913 0.000000 3016
914 0.000000 3016
915 0.000000 3016
916 0.000000 3016
917 0.000000 3016
918 0.000000 3016
919 0.000000 3016
920 0.000000 3016
921 0.000000 3016
922 0.000000 3016
923 0.000000 3016
924 0.000000 3016
925 0.000000 3016
926 0.000000 3016
927 0.000000 3016
928 0.000000 3016
929 0.000000 3016
930 0.000000 3016
931 0.000000 3016
932 0.000000 3016
933 0.000000 3016
934 0.000000 3016
935 0.000000 3016
936 0.000000 3016
937 0.000000 3016
938 0.000000 3016
939 0.000000 3016
940 0.000000 3016
941 0.000000 3016
942 0.000000 3016
943 0.000000 3016
944 0.000000 3016
945 0.000000 3016
946 0.000000 3016
947 0.000000 3016
948 0.000000 3016
949 0.000000 3016
950 0.000000 3016
951 0.000000 3016
952 0.000000 3016
953 0.000000 3016
954 0.000000 3016
955 0.000000 3016
956 0.000000 3016
957 0.000000 3016
958 0.000000 3016
959 0.000000 3016
960 0.000000 3016
961 0.000000 3016
962 0.000000 3016
963 0.000000 3016
964 0.000000 3016
965 0.000000 3016
966 0.000000 3016
967 0.000000 3016
968 0.000000 3016
969 0.000000 3016
970 0.000000 3016
971 0.000000 3016
972 0.000000 3016
973 0.000000 3016
974 0.000000 3016
975 0.000000 3016
976 0.000000 3016
977 0.000000 3016
978 0.000000 3016
979 0.000000 3016
980 0.000000 3016
981 0.000000 3016
982 0.000000 3016
983 0.000000 3016
984 0.000000 3016
985 0.000000 3016
986 0.000000 3016
987 0.000000 3016
988 0.000000 3016
989 0.000000 3016
990 0.000000 3016
991 0.000000 3016
992 0.000000 3016
993 0.000000 3016
994 0.000000 3016
995 0.000000 3016
996 0.000000 3016
997 0.000000 3016
998 0.000000 3016
999 0.000000 3016
1000 0.000000 3016
1001 0.000000 3016
1002 0.000000 3016
1003 0.000000 3016
1004 0.000000 3016
1005 0.000000 3016
1006 0.000000 3016
1007 0.000000 3016
1008 0.000000 3016
1009 0.000000 3016
1010 0.000000 3016
1011 0.000000 3016
1012 0.000000 3016
1013 0.000000 3016
1014 0.000000 3016
1015 0.000000 3016
1016 0.000000 3016
1017 0.000000 3016
1018 0.000000 3016
1019 0.000000 3016
1020 0.000000 3016
1021 0.000000 3016
1022 0.000000 3016
1023 0.000000 3016
1024 0.000000 3016
1025 0.000000 3016
1026 0.000000 3016
1027 0.000000 3016
1028 0.000000 3016
1029 0.000000 3016
1030 0.000000 3016
1031 0.000000 3016
1032 0.000000 3016
1033 0.000000 3016
1034 0.000000 3016
1035 0.000000 3016
1036 0.000000 3016
1037 0.000000 3016
1038 0.000000 3016
1039 0.000000 3016
1040 0.000000 3016
1041 0.000000 3016
1042 0.000000 3016
1043 0.000000 3016
1044 0.000000 3016
1045 0.000000 3016
1046 0.000000 3016
1047 0.000000 3016
1048 0.000000 3016
1049 0.000000 3016
1050 0.000000 3016
1051 0.000000 3016
1052 0.000000 3016
1053 0.000000 3016
1054 0.000000 3016
1055 0.000000 3016
1056 0.000000 3016
1057 0.000000 3016
1058 0.000000 3016
1059 0.000000 3016
1060 0.000000 3016
1061 0.000000 3016
1062 0.000000 3016
1063 0.000000 3016
1064 0.000000 3016
1065 0.000000 3016
1066 0.000000 3016
1067 0.000000 3016
1068 0.000000 3016
1069 0.000000 3016
1070 0.000000 3016
1071 0.000000 3016
1072 0.000000 3016
1073 0.000000 3016
1074 0.000000 3016
1075 0.000000 3016
1076 0.000000 3016
1077 0.000000 3016
1078 0.000000 3016
1079 0.000000 3016
1080 0.000000 3016
1081 0.000000 3016
1082 0.000000 3016
1083 0.000000 3016
1084 0.000000 3016
1085 0.000000 3016
1086 0.000000 3016
1087 0.000000 3016
1088 0.000000 3016
1089 0.000000 3016
1090 0.000000 3016
1091 0.000000 3016
1092 0.000000 3016
1093 0.000000 3016
1094 0.000000 3016
1095 0.000000 3016
1096 0.000000 3016
1097 0.000000 3016
1098 0.000000 3016
1099 0.000000 3016
1100 0.000000 3016
1101 0.000000 3016
1102 0.000000 3016
1103 0.000000 3016
1104 0.000000 3016
1105 0.000000 3016
1106 0.000000 3016
1107 0.000000 3016
1108 0.000000 3016
1109 0.000000 3016
1110 0.000000 3016
1111 0.000000 3016
1112 0.000000 3016
1113 0.000000 3016
1114 0.000000 3016
1115 0.000000 3016
1116 0.000000 3016
1117 0.000000 3016
1118 0.000000 3016
1119 0.000000 3016
1120 0.000000 3016
1121 0.000000 3016
1122 0.000000 3016
1123 0.000000 3016
1124 0.000000 3016
1125 0.000000 3016
1126 0.000000 3016
1127 0.000000 3016
1128 0.000000 3016
1129 0.000000 3016
1130 0.000000 3016
1131 0.000000 3016
1132 0.000000 3016
1133 0.000000 3016
1134 0.000000 3016
1135 0.000000 3016
1136 0.000000 3016
1137 0.000000 3016
1138 0.000000 3016
1139 0.000000 3016
1140 0.000000 3016
1141 0.000000 3016
1142 0.000000 3016
1143 0.000000 3016
1144 0.000000 3016
1145 0.000000 3016
1146 0.000000 3016
1147 0.000000 3016
1148 0.000000 3016
1149 0.000000 3016
1150 0.000000 3016
1151 0.000000 3016
1152 0.000000 3016
1153 0.000000 3016
1154 0.000000 3016
1155 0.000000 3016
1156 0.000000 3016
1157 0.000000 3016
1158 0.000000 3016
1159 0.000000 3016
1160 0.000000 3016
1161 0.000000 3016
1162 0.000000 3016
1163 0.000000 3016
1164 0.000000 3016
1165 0.000000 3016
1166 0.000000 3016
1167 0.000000 3016
1168 0.000000 3016
1169 0.000000 3016
1170 0.000000 3016
1171 0.000000 3016
1172 0.000000 3016
1173 0.000000 3016
1174 0.000000 3016
1175 0.000000 3016
1176 0.000000 3016
1177 0.000000 3016
1178 0.000000 3016
1179 0.000000 3016
1180 0.000000 3016
1181 0.000000 3016
1182 0.000000 3016
1183 0.000000 3016
1184 0.000000 3016
1185 0.001000 3016
1186 0.001000 3016
1187 0.001000 3016
1188 0.001000 3016
1189 0.001000 3016
1190 0.001000 3016
1191 0.001000 3016
1192 0.001000 3016
1193 0.001000 3016
1194 0.001000 3016
1195 0.001000 3016
1196 0.001000 3016
1197 0.001000 3016
1198 0.001000 3016
1199 0.001000 3016
1200 0.001000 3016
1201 0.001000 3016
1202 0.001000 3016
1203 0.001000 3016
1204 0.001000 3016
1205 0.001000 3016
1206 0.001000 3016
1207 0.001000 3016
1208 0.001000 3016
1209 0.001000 3016
1210 0.001000 3016
1211 0.001000 3016
1212 0.001000 3016
1213 0.001000 3016
1214 0.001000 3016
1215 0.001000 3016
1216 0.001000 3016
1217 0.001000 3016
1218 0.001000 3016
1219 0.001000 3016
1220 0.001000 3016
1221 0.001000 3016
1222 0.001000 3016
1223 0.001000 3016
1224 0.001000 3016
1225 0.001000 3016
1226 0.001000 3016
1227 0.001000 3016
1228 0.001000 3016
1229 0.001000 3016
1230 0.001000 3016
1231 0.001000 3016
1232 0.001000 3016
1233 0.001000 3016
1234 0.001000 3016
1235 0.001000 3016
1236 0.001000 3016
1237 0.001000 3016
1238 0.001000 3016
1239 0.001000 3016
1240 0.001000 3016
1241 0.001000 3016
1242 0.001000 3016
1243 0.001000 3016
1244 0.001000 3016
1245 0.001000 3016
1246 0.001000 3016
1247 0.001000 3016
1248 0.001000 3016
1249 0.001000 3016
1250 0.001000 3016
1251 0.001000 3016
1252 0.001000 3016
1253 0.001000 3016
1254 0.001000 3016
1255 0.001000 3016
1256 0.001000 3016
1257 0.001000 3016
1258 0.001000 3016
1259 0.001000 3016
1260 0.001000 3016
1261 0.001000 3016
1262 0.001000 3016
1263 0.001000 3016
1264 0.001000 3016
1265 0.001000 3016
1266 0.001000 3016
1267 0.001000 3016
1268 0.001000 3016
1269 0.001000 3016
1270 0.001000 3016
1271 0.001000 3016
1272 0.001000 3016
1273 0.001000 3016
1274 0.001000 3016
1275 0.001000 3016
1276 0.001000 3016
1277 0.001000 3016
1278 0.001000 3016
1279 0.001000 3016
1280 0.001000 3016
1281 0.001000 3016
1282 0.001000 3016
1283 0.001000 3016
1284 0.001000 3016
1285 0.001000 3016
1286 0.001000 3016
1287 0.001000 3016
1288 0.001000 3016
1289 0.001000 3016
1290 0.001000 3016
1291 0.001000 3016
1292 0.001000 3016
1293 0.001000 3016
1294 0.001000 3016
1295 0.001000 3016
1296 0.001000 3016
1297 0.001000 3016
1298 0.001000 3016
1299 0.001000 3016
1300 0.001000 3016
1301 0.001000 3016
1302 0.001000 3016
1303 0.001000 3016
1304 0.001000 3016
1305 0.001000 3016
1306 0.001000 3016
1307 0.001000 3016
1308 0.001000 3016
1309 0.001000 3016
1310 0.001000 3016
1311 0.001000 3016
1312 0.001000 3016
1313 0.001000 3016
1314 0.001000 3016
1315 0.001000 3016
1316 0.001000 3016
1317 0.001000 3016
1318 0.001000 3016
1319 0.001000 3016
1320 0.001000 3016
1321 0.001000 3016
1322 0.001000 3016
1323 0.001000 3016
1324 0.001000 3016
1325 0.001000 3016
1326 0.001000 3016
1327 0.001000 3016
1328 0.001000 3016
1329 0.001000 3016
1330 0.001000 3016
1331 0.001000 3016
1332 0.001000 3016
1333 0.001000 3016
1334 0.001000 3016
1335 0.001000 3016
1336 0.001000 2972
1337 0.001000 2972
1338 0.001000 2972
1339 0.001000 2972
1340 0.001000 2972
1341 0.001000 2972
1342 0.001000 2972
1343 0.001000 2972
1344 0.001000 2972
1345 0.001000 2972
1346 0.001000 2972
1347 0.001000 2972
1348 0.001000 2972
1349 0.001000 2972
1350 0.001000 2972
1351 0.001000 2972
1352 0.001000 2972
1353 0.001000 2972
1354 0.001000 2972
1355 0.001000 2972
1356 0.001000 2972
1357 0.001000 2972
1358 0.001000 2972
1359 0.001000 2972
1360 0.001000 2972
1361 0.001000 2972
1362 0.001000 2972
1363 0.001000 2972
1364 0.001000 2972
1365 0.001000 2972
1366 0.001000 2972
1367 0.001000 2972
1368 0.001000 2972
1369 0.001000 2972
1370 0.001000 2972
1371 0.001000 2972
1372 0.001000 2972
1373 0.001000 2972
1374 0.001000 2972
1375 0.001000 2972
1376 0.001000 2972
1377 0.001000 2972
1378 0.001000 2972
1379 0.001000 2972
1380 0.001000 2972
1381 0.001000 2972
1382 0.001000 2972
1383 0.001000 2972
1384 0.001000 2972
1385 0.001000 2972
1386 0.001000 2972
1387 0.001000 2972
1388 0.001000 2972
1389 0.001000 2972
1390 0.001000 2972
1391 0.001000 2972
1392 0.001000 2972
1393 0.001000 2972
1394 0.001000 2972
1395 0.001000 2972
1396 0.001000 2972
1397 0.001000 2972
1398 0.001000 2972
1399 0.001000 2972
1400 0.001000 2972
1401 0.001000 2972
1402 0.001000 2972
1403 0.001000 2972
1404 0.001000 2972
1405 0.001000 2972
1406 0.001000 2972
1407 0.001000 2972
1408 0.001000 2972
1409 0.001000 2972
1410 0.001000 2972
1411 0.001000 2972
1412 0.001000 2972
1413 0.001000 2972
1414 0.001000 2972
1415 0.001000 2972
1416 0.001000 2972
1417 0.001000 2972
1418 0.001000 2972
1419 0.001000 2972
1420 0.001000 2972
1421 0.001000 2972
1422 0.001000 2972
1423 0.001000 2972
1424 0.001000 2972
1425 0.001000 2972
1426 0.001000 2972
1427 0.001000 2972
1428 0.001000 2972
1429 0.001000 2972
1430 0.001000 2972
1431 0.001000 2972
1432 0.001000 2972
1433 0.001000 2972
1434 0.001000 2972
1435 0.001000 2972
1436 0.001000 2972
1437 0.001000 2972
1438 0.001000 2972
1439 0.001000 2972
1440 0.001000 2972
1441 0.001000 2972
1442 0.001000 2972
1443 0.001000 2972
1444 0.001000 2972
1445 0.001000 2972
1446 0.001000 2972
1447 0.001000 2972
1448 0.001000 2972
1449 0.001000 2972
1450 0.001000 2972
1451 0.001000 2972
1452 0.001000 2972
1453 0.001000 2972
1454 0.001000 2972
1455 0.001000 2972
1456 0.001000 2972
1457 0.001000 2972
1458 0.001000 2972
1459 0.001000 2972
1460 0.001000 2972
1461 0.001000 2972
1462 0.001000 2972
1463 0.001000 2972
1464 0.001000 2972
1465 0.001000 2972
1466 0.001000 2972
1467 0.001000 2972
1468 0.001000 2972
1469 0.001000 2972
1470 0.001000 2972
1471 0.001000 2972
1472 0.001000 2972
1473 0.001000 2972
1474 0.001000 2972
1475 0.001000 2972
1476 0.001000 2972
1477 0.001000 2972
1478 0.001000 2972
1479 0.001000 2972
1480 0.001000 2972
1481 0.001000 2972
1482 0.001000 2972
1483 0.001000 2972
1484 0.001000 2972
1485 0.001000 2972
1486 0.001000 2972
1487 0.001000 2972
1488 0.001000 2972
1489 0.001000 2972
1490 0.001000 2972
1491 0.001000 2972
1492 0.001000 2972
1493 0.001000 2972
1494 0.001000 2972
1495 0.001000 2972
1496 0.001000 2972
1497 0.001000 2972
1498 0.001000 2972
1499 0.001000 2972
1500 0.001000 2972
1501 0.001000 2972
1502 0.001000 2972
1503 0.001000 2972
1504 0.001000 2972
1505 0.001000 2972
1506 0.001000 2972
1507 0.001000 2972
1508 0.001000 2972
1509 0.001000 2972
1510 0.001000 2972
1511 0.001000 2972
1512 0.001000 2972
1513 0.001000 2972
1514 0.001000 2972
1515 0.001000 2972
1516 0.001000 2972
1517 0.001000 2972
1518 0.001000 2972
1519 0.001000 2972
1520 0.001000 2972
1521 0.001000 2972
1522 0.001000 2972
1523 0.001000 2972
1524 0.001000 2972
1525 0.001000 2972
1526 0.001000 2972
1527 0.001000 2972
1528 0.001000 2972
1529 0.001000 2972
1530 0.001000 2972
1531 0.001000 2972
1532 0.001000 2972
1533 0.001000 2972
1534 0.001000 2972
1535 0.001000 2972
1536 0.001000 2972
1537 0.001000 2972
1538 0.001000 2972
1539 0.001000 2972
1540 0.001000 2972
1541 0.001000 2972
1542 0.001000 2972
1543 0.001000 2972
1544 0.001000 2972
1545 0.001000 2972
1546 0.001000 2972
1547 0.001000 2972
1548 0.001000 2972
1549 0.001000 2972
1550 0.001000 2972
1551 0.001000 2972
1552 0.001000 2972
1553 0.001000 2972
1554 0.001000 2972
1555 0.001000 2972
1556 0.001000 2972
1557 0.001000 2972
1558 0.001000 2972
1559 0.001000 2972
1560 0.001000 2972
1561 0.001000 2972
1562 0.001000 2972
1563 0.001000 2972
1564 0.001000 2972
1565 0.001000 2972
1566 0.001000 2972
1567 0.001000 2972
1568 0.001000 2972
1569 0.001000 2972
1570 0.001000 2972
1571 0.001000 2972
1572 0.001000 2972
1573 0.001000 2972
1574 0.001000 2972
1575 0.001000 2972
1576 0.001000 2972
1577 0.001000 2972
1578 0.001000 2972
1579 0.001000 2972
1580 0.001000 2972
1581 0.001000 2972
1582 0.001000 2972
1583 0.001000 2972
1584 0.001000 2972
1585 0.001000 2972
1586 0.001000 2972
1587 0.001000 2972
1588 0.001000 2972
1589 0.001000 2972
1590 0.001000 2972
1591 0.001000 2972
1592 0.001000 2972
1593 0.001000 2972
1594 0.001000 2972
1595 0.001000 2972
1596 0.001000 2972
1597 0.001000 2972
1598 0.001000 2972
1599 0.001000 2972
1600 0.001000 2972
1601 0.001000 2972
1602 0.001000 2972
1603 0.001000 2972
1604 0.001000 2972
1605 0.001000 2972
1606 0.001000 2972
1607 0.001000 2972
1608 0.001000 2972
1609 0.001000 2972
1610 0.001000 2972
1611 0.001000 2972
1612 0.001000 2972
1613 0.001000 2972
1614 0.001000 2972
1615 0.001000 2972
1616 0.001000 2972
1617 0.001000 2972
1618 0.001000 2972
1619 0.001000 2972
1620 0.001000 2972
1621 0.001000 2972
1622 0.001000 2972
1623 0.001000 2972
1624 0.001000 2972
1625 0.001000 2972
1626 0.001000 2972
1627 0.001000 2972
1628 0.001000 2972
1629 0.001000 2972
1630 0.001000 2972
1631 0.001000 2972
1632 0.001000 2972
1633 0.001000 2972
1634 0.001000 2972
1635 0.001000 2972
1636 0.001000 2972
1637 0.001000 2972
1638 0.001000 2972
1639 0.001000 2972
1640 0.001000 2972
1641 0.001000 2972
1642 0.001000 2972
1643 0.001000 2972
1644 0.001000 2972
1645 0.001000 2972
1646 0.001000 2972
1647 0.001000 2972
1648 0.001000 2972
1649 0.001000 2972
1650 0.001000 2972
1651 0.001000 2972
1652 0.001000 2972
1653 0.001000 2972
1654 0.001000 2972
1655 0.001000 2972
1656 0.001000 2972
1657 0.001000 2972
1658 0.001000 2972
1659 0.001000 2972
1660 0.001000 2972
1661 0.001000 2972
1662 0.001000 2972
1663 0.001000 2972
1664 0.001000 2972
1665 0.001000 2972
1666 0.001000 2972
1667 0.001000 2972
1668 0.001000 2972
1669 0.001000 2972
1670 0.001000 2972
1671 0.001000 2972
1672 0.001000 2972
1673 0.001000 2972
1674 0.001000 2972
1675 0.001000 2972
1676 0.001000 2972
1677 0.001000 2972
1678 0.001000 2972
1679 0.001000 2972
1680 0.001000 2972
1681 0.001000 2972
1682 0.001000 2972
1683 0.001000 2972
1684 0.001000 2972
1685 0.001000 2972
1686 0.001000 2972
1687 0.001000 2972
1688 0.001000 2972
1689 0.001000 2972
1690 0.001000 2972
1691 0.001000 2972
1692 0.001000 2972
1693 0.001000 2972
1694 0.001000 2972
1695 0.001000 2972
1696 0.001000 2972
1697 0.001000 2972
1698 0.001000 2972
1699 0.001000 2972
1700 0.001000 2972
1701 0.001000 2972
1702 0.001000 2972
1703 0.001000 2972
1704 0.001000 2972
1705 0.001000 2972
1706 0.001000 2972
1707 0.001000 2972
1708 0.001000 2972
1709 0.001000 2972
1710 0.001000 2972
1711 0.001000 2972
1712 0.001000 2972
1713 0.001000 2972
1714 0.001000 2972
1715 0.001000 2972
1716 0.001000 2972
1717 0.001000 2972
1718 0.001000 2972
1719 0.001000 2972
1720 0.001000 2972
1721 0.001000 2972
1722 0.001000 2972
1723 0.001000 2972
1724 0.001000 2972
1725 0.001000 2972
1726 0.001000 2972
1727 0.001000 2972
1728 0.001000 2972
1729 0.001000 2972
1730 0.001000 2972
1731 0.001000 2972
1732 0.001000 2972
1733 0.001000 2972
1734 0.001000 2972
1735 0.001000 2972
1736 0.001000 2972
1737 0.001000 2972
1738 0.001000 2972
1739 0.001000 2972
1740 0.001000 2972
1741 0.001000 2972
1742 0.001000 2972
1743 0.001000 2972
1744 0.001000 2972
1745 0.001000 2972
1746 0.001000 2972
1747 0.001000 2972
1748 0.001000 2972
1749 0.001000 2972
1750 0.001000 2972
1751 0.001000 2972
1752 0.001000 2972
1753 0.001000 2972
1754 0.001000 2972
1755 0.001000 2972
1756 0.001000 2972
1757 0.001000 2972
1758 0.001000 2972
1759 0.001000 2972
1760 0.001000 2972
1761 0.001000 2972
1762 0.001000 2972
1763 0.001000 2972
1764 0.001000 2972
1765 0.001000 2972
1766 0.001000 2972
1767 0.001000 2972
1768 0.001000 2972
1769 0.001000 2972
1770 0.001000 2972
1771 0.001000 2972
1772 0.001000 2972
1773 0.001000 2972
1774 0.001000 2972
1775 0.001000 2972
1776 0.001000 2972
1777 0.001000 2972
1778 0.001000 2972
1779 0.001000 2972
1780 0.001000 2972
1781 0.001000 2972
1782 0.001000 2972
1783 0.001000 2972
1784 0.001000 2972
1785 0.001000 2972
1786 0.001000 2972
1787 0.001000 2972
1788 0.001000 2972
1789 0.001000 2972
1790 0.001000 2972
1791 0.001000 2972
1792 0.001000 2972
1793 0.001000 2972
1794 0.001000 2972
1795 0.001000 2972
1796 0.001000 2972
1797 0.001000 2972
1798 0.001000 2972
1799 0.001000 2972
1800 0.001000 2972
1801 0.001000 2972
1802 0.001000 2972
1803 0.001000 2972
1804 0.001000 2972
1805 0.001000 2972
1806 0.001000 2972
1807 0.001000 2972
1808 0.001000 2972
1809 0.001000 2972
1810 0.001000 2972
1811 0.001000 2972
1812 0.001000 2972
1813 0.001000 2972
1814 0.001000 2972
1815 0.001000 2972
1816 0.001000 2972
1817 0.001000 2972
1818 0.001000 2972
1819 0.001000 2972
1820 0.001000 2972
1821 0.001000 2972
1822 0.001000 2972
1823 0.001000 2972
1824 0.001000 2972
1825 0.001000 2972
1826 0.001000 2972
1827 0.001000 2972
1828 0.001000 2972
1829 0.001000 2972
1830 0.001000 2972
1831 0.001000 2972
1832 0.001000 2972
1833 0.001000 2972
1834 0.001000 2972
1835 0.001000 2972
1836 0.001000 2972
1837 0.001000 2972
1838 0.001000 2972
1839 0.001000 2972
1840 0.001000 2972
1841 0.001000 2972
1842 0.001000 2972
1843 0.001000 2972
1844 0.001000 2972
1845 0.001000 2972
1846 0.001000 2972
1847 0.001000 2972
1848 0.001000 2972
1849 0.001000 2972
1850 0.001000 2972
1851 0.001000 2972
1852 0.001000 2972
1853 0.001000 2972
1854 0.001000 2972
1855 0.001000 2972
1856 0.001000 2972
1857 0.001000 2972
1858 0.001000 2972
1859 0.001000 2972
1860 0.001000 2972
1861 0.001000 2972
1862 0.001000 2972
1863 0.001000 2972
1864 0.001000 2972
1865 0.001000 2972
1866 0.001000 2972
1867 0.001000 2972
1868 0.001000 2972
1869 0.001000 2972
1870 0.001000 2972
1871 0.001000 2972
1872 0.001000 2972
1873 0.001000 2972
1874 0.001000 2972
1875 0.001000 2972
1876 0.001000 2972
1877 0.001000 2972
1878 0.001000 2972
1879 0.001000 2972
1880 0.001000 2972
1881 0.001000 2972
1882 0.001000 2972
1883 0.001000 2972
1884 0.001000 2972
1885 0.001000 2972
1886 0.001000 2972
1887 0.001000 2972
1888 0.001000 2972
1889 0.001000 2972
1890 0.001000 2972
1891 0.001000 2972
1892 0.001000 2972
1893 0.001000 2972
1894 0.001000 2972
1895 0.001000 2972
1896 0.001000 2972
1897 0.001000 2972
1898 0.001000 2972
1899 0.001000 2972
1900 0.001000 2972
1901 0.001000 2972
1902 0.001000 2972
1903 0.001000 2972
1904 0.001000 2972
1905 0.001000 2972
1906 0.001000 2972
1907 0.001000 2972
1908 0.001000 2972
1909 0.001000 2972
1910 0.001000 2972
1911 0.001000 2972
1912 0.001000 2972
1913 0.001000 2972
1914 0.001000 2972
1915 0.001000 2972
1916 0.001000 2972
1917 0.001000 2972
1918 0.001000 2972
1919 0.001000 2972
1920 0.001000 2972
1921 0.001000 2972
1922 0.001000 2972
1923 0.001000 2972
1924 0.001000 2972
1925 0.001000 2972
1926 0.001000 2972
1927 0.001000 2972
1928 0.001000 2972
1929 0.001000 2972
1930 0.001000 2972
1931 0.001000 2972
1932 0.001000 2972
1933 0.001000 2972
1934 0.001000 2972
1935 0.001000 2972
1936 0.001000 2972
1937 0.001000 2972
1938 0.001000 2972
1939 0.001000 2972
1940 0.001000 2972
1941 0.001000 2972
1942 0.001000 2972
1943 0.001000 2972
1944 0.001000 2972
1945 0.001000 2972
1946 0.001000 2972
1947 0.001000 2972
1948 0.001000 2972
1949 0.001000 2972
1950 0.001000 2972
1951 0.001000 2972
1952 0.001000 2972
1953 0.001000 2972
1954 0.001000 2972
1955 0.001000 2972
1956 0.001000 2972
1957 0.001000 2972
1958 0.001000 2972
1959 0.001000 2972
1960 0.001000 2972
1961 0.001000 2972
1962 0.001000 2972
1963 0.001000 2972
1964 0.001000 2972
1965 0.001000 2972
1966 0.001000 2972
1967 0.001000 2972
1968 0.001000 2972
1969 0.001000 2972
1970 0.001000 2972
1971 0.001000 2972
1972 0.001000 2972
1973 0.001000 2972
1974 0.001000 2972
1975 0.001000 2972
1976 0.001000 2972
1977 0.001000 2972
1978 0.001000 2972
1979 0.001000 2972
1980 0.001000 2972
1981 0.001000 2972
1982 0.001000 2972
1983 0.001000 2972
1984 0.001000 2972
1985 0.001000 2972
1986 0.001000 2972
1987 0.001000 2972
1988 0.001000 2972
1989 0.001000 2972
1990 0.001000 2972
1991 0.001000 2972
1992 0.001000 2972
1993 0.001000 2972
1994 0.001000 2972
1995 0.001000 2972
1996 0.001000 2972
1997 0.001000 2972
1998 0.001000 2972
1999 0.001000 2972
2000 0.001000 2972
2001 0.001000 2972
2002 0.001000 2972
2003 0.001000 2972
2004 0.001000 2972
2005 0.001000 2972
2006 0.001000 2972
2007 0.001000 2972
2008 0.001000 2972
2009 0.001000 2972
2010 0.001000 2972
2011 0.001000 2972
2012 0.001000 2972
2013 0.001000 2972
2014 0.001000 2972
2015 0.001000 2972
2016 0.001000 2972
2017 0.001000 2972
2018 0.001000 2972
2019 0.001000 2972
2020 0.001000 2972
2021 0.001000 2972
2022 0.001000 2972
2023 0.001000 2972
2024 0.001000 2972
2025 0.001000 2972
2026 0.001000 2972
2027 0.001000 2972
2028 0.001000 2972
2029 0.001000 2972
2030 0.001000 2972
2031 0.001000 2972
2032 0.001000 2972
2033 0.001000 2972
2034 0.001000 2972
2035 0.001000 2972
2036 0.001000 2972
2037 0.001000 2972
2038 0.001000 2972
2039 0.001000 2972
2040 0.001000 2972
2041 0.001000 2972
2042 0.001000 2972
2043 0.001000 2972
2044 0.001000 2972
2045 0.001000 2972
2046 0.001000 2972
2047 0.001000 2972
2048 0.001000 2972
2049 0.001000 2972
2050 0.001000 2972
2051 0.001000 2972
2052 0.001000 2972
2053 0.001000 2972
2054 0.001000 2972
2055 0.001000 2972
2056 0.001000 2972
2057 0.001000 2972
2058 0.001000 2972
2059 0.001000 2972
2060 0.001000 2972
2061 0.001000 2972
2062 0.001000 2972
2063 0.001000 2972
2064 0.001000 2972
2065 0.001000 2972
2066 0.001000 2972
2067 0.001000 2972
2068 0.001000 2972
2069 0.001000 2972
2070 0.001000 2972
2071 0.001000 2972
2072 0.001000 2972
2073 0.001000 2972
2074 0.001000 2972
2075 0.001000 2972
2076 0.001000 2972
2077 0.001000 2972
2078 0.001000 2972
2079 0.001000 2972
2080 0.001000 2972
2081 0.001000 2972
2082 0.001000 2972
2083 0.001000 2972
2084 0.001000 2972
2085 0.001000 2972
2086 0.001000 2972
2087 0.001000 2972
2088 0.001000 2972
2089 0.001000 2972
2090 0.001000 2972
2091 0.001000 2972
2092 0.001000 2972
2093 0.001000 2972
2094 0.001000 2972
2095 0.001000 2972
2096 0.001000 2972
2097 0.001000 2972
2098 0.001000 2972
2099 0.001000 2972
2100 0.001000 2972
2101 0.001000 2972
2102 0.001000 2972
2103 0.001000 2972
2104 0.001000 2972
2105 0.001000 2972
2106 0.001000 2972
2107 0.001000 2972
2108 0.001000 2972
2109 0.001000 2972
2110 0.001000 2972
2111 0.001000 2972
2112 0.001000 2972
2113 0.001000 2972
2114 0.001000 2972
2115 0.001000 2972
2116 0.001000 2972
2117 0.001000 2972
2118 0.001000 2972
2119 0.001000 2972
2120 0.001000 2972
2121 0.001000 2972
2122 0.001000 2972
2123 0.001000 2972
2124 0.001000 2972
2125 0.001000 2972
2126 0.001000 2972
2127 0.001000 2972
2128 0.001000 2972
2129 0.001000 2972
2130 0.001000 2972
2131 0.001000 2972
2132 0.001000 2972
2133 0.001000 2972
2134 0.001000 2972
2135 0.001000 2972
2136 0.001000 2972
2137 0.001000 2972
2138 0.001000 2972
2139 0.001000 2972
2140 0.001000 2972
2141 0.001000 2972
2142 0.001000 2972
2143 0.001000 2972
2144 0.001000 2972
2145 0.001000 2972
2146 0.001000 2972
2147 0.001000 2972
2148 0.001000 2972
2149 0.001000 2972
2150 0.001000 2972
2151 0.001000 2972
2152 0.001000 2972
2153 0.001000 2972
2154 0.001000 2972
2155 0.001000 2972
2156 0.001000 2972
2157 0.001000 2972
2158 0.001000 2972
2159 0.001000 2972
2160 0.001000 2972
2161 0.001000 2972
2162 0.001000 2972
2163 0.001000 2972
2164 0.001000 2972
2165 0.001000 2972
2166 0.001000 2972
2167 0.001000 2972
2168 0.001000 2972
2169 0.001000 2972
2170 0.001000 2972
2171 0.001000 2972
2172 0.001000 2972
2173 0.001000 2972
2174 0.001000 2972
2175 0.001000 2972
2176 0.001000 2972
2177 0.001000 2972
2178 0.001000 2972
2179 0.001000 2972
2180 0.001000 2972
2181 0.001000 2972
2182 0.001000 2972
2183 0.001000 2972
2184 0.001000 2972
2185 0.001000 2972
2186 0.001000 2972
2187 0.001000 2972
2188 0.001000 2972
2189 0.001000 2972
2190 0.001000 2972
2191 0.001000 2972
2192 0.001000 2972
2193 0.001000 2972
2194 0.001000 2972
2195 0.001000 2972
2196 0.001000 2972
2197 0.001000 2972
2198 0.001000 2972
2199 0.001000 2972
2200 0.001000 2972
2201 0.001000 2972
2202 0.001000 2972
2203 0.001000 2972
2204 0.001000 2972
2205 0.001000 2972
2206 0.001000 2972
2207 0.001000 2972
2208 0.001000 2972
2209 0.001000 2972
2210 0.001000 2972
2211 0.001000 2972
2212 0.001000 2972
2213 0.001000 2972
2214 0.001000 2972
2215 0.001000 2972
2216 0.001000 2972
2217 0.001000 2972
2218 0.001000 2972
2219 0.001000 2972
2220 0.001000 2972
2221 0.001000 2972
2222 0.001000 2972
2223 0.001000 2972
2224 0.001000 2972
2225 0.001000 2972
2226 0.001000 2972
2227 0.001000 2972
2228 0.001000 2972
2229 0.001000 2972
2230 0.001000 2972
2231 0.001000 2972
2232 0.001000 2972
2233 0.001000 2972
2234 0.001000 2972
2235 0.001000 2972
2236 0.001000 2972
2237 0.001000 2972
2238 0.001000 2972
2239 0.001000 2972
2240 0.001000 2972
2241 0.001000 2972
2242 0.001000 2972
2243 0.001000 2972
2244 0.001000 2972
2245 0.001000 2972
2246 0.001000 2972
2247 0.001000 2972
2248 0.001000 2972
2249 0.001000 2972
2250 0.001000 2972
2251 0.001000 2972
2252 0.001000 2972
2253 0.001000 2972
2254 0.001000 2972
2255 0.001000 2972
2256 0.001000 2972
2257 0.001000 2972
2258 0.001000 2972
2259 0.001000 2972
2260 0.001000 2972
2261 0.001000 2972
2262 0.001000 2972
2263 0.001000 2972
2264 0.001000 2972
2265 0.001000 2972
2266 0.001000 2972
2267 0.001000 2972
2268 0.001000 2972
2269 0.001000 2972
2270 0.001000 2972
2271 0.001000 2972
2272 0.001000 2972
2273 0.001000 2972
2274 0.001000 2972
2275 0.001000 2972
2276 0.001000 2972
2277 0.001000 2972
2278 0.001000 2972
2279 0.001000 2972
2280 0.001000 2972
2281 0.001000 2972
2282 0.001000 2972
2283 0.001000 2972
2284 0.001000 2972
2285 0.001000 2972
2286 0.001000 2972
2287 0.001000 2972
2288 0.001000 2972
2289 0.001000 2972
2290 0.001000 2972
2291 0.001000 2972
2292 0.001000 2972
2293 0.001000 2972
2294 0.001000 2972
2295 0.001000 2972
2296 0.001000 2972
2297 0.001000 2972
2298 0.001000 2972
2299 0.001000 2972
2300 0.001000 2972
2301 0.001000 2972
2302 0.001000 2972
2303 0.001000 2972
2304 0.001000 2972
2305 0.001000 2972
2306 0.001000 2972
2307 0.001000 2972
2308 0.001000 2972
2309 0.001000 2972
2310 0.001000 2972
2311 0.001000 2972
2312 0.001000 2972
2313 0.001000 2972
2314 0.001000 2972
2315 0.001000 2972
2316 0.001000 2972
2317 0.001000 2972
2318 0.001000 2972
2319 0.001000 2972
2320 0.001000 2972
2321 0.001000 2972
2322 0.001000 2972
2323 0.001000 2972
2324 0.001000 2972
2325 0.001000 2972
2326 0.001000 2972
2327 0.001000 2972
2328 0.001000 2972
2329 0.001000 2972
2330 0.001000 2972
2331 0.001000 2972
2332 0.001000 2972
2333 0.001000 2972
2334 0.001000 2972
2335 0.001000 2972
2336 0.001000 2972
2337 0.001000 2972
2338 0.001000 2972
2339 0.001000 2972
2340 0.001000 2972
2341 0.001000 2972
2342 0.001000 2972
2343 0.001000 2972
2344 0.001000 2972
2345 0.001000 2972
2346 0.001000 2972
2347 0.001000 2972
2348 0.001000 2972
2349 0.001000 2972
2350 0.001000 2972
2351 0.001000 2972
2352 0.001000 2972
2353 0.001000 2972
2354 0.001000 2972
2355 0.001000 2972
2356 0.001000 2972
2357 0.001000 2972
2358 0.001000 2972
2359 0.001000 2972
2360 0.001000 2972
2361 0.001000 2972
2362 0.001000 2972
2363 0.001000 2972
2364 0.001000 2972
2365 0.001000 2972
2366 0.001000 2972
2367 0.001000 2972
2368 0.001000 2972
2369 0.001000 2972
2370 0.001000 2972
2371 0.001000 2972
2372 0.001000 2972
2373 0.001000 2972
2374 0.001000 2972
2375 0.001000 2972
2376 0.001000 2972
2377 0.001000 2972
2378 0.001000 2972
2379 0.001000 2972
2380 0.001000 2972
2381 0.001000 2972
2382 0.001000 2972
2383 0.001000 2972
2384 0.001000 2972
2385 0.001000 2972
2386 0.001000 2972
2387 0.001000 2972
2388 0.001000 2972
2389 0.001000 2972
2390 0.001000 2972
2391 0.001000 2972
2392 0.001000 2972
2393 0.001000 2972
2394 0.001000 2972
2395 0.001000 2972
2396 0.001000 2972
2397 0.001000 2972
2398 0.001000 2972
2399 0.001000 2972
2400 0.001000 2972
2401 0.001000 2972
2402 0.001000 2972
2403 0.001000 2972
2404 0.001000 2972
2405 0.001000 2972
2406 0.001000 2972
2407 0.001000 2972
2408 0.001000 2972
2409 0.001000 2972
2410 0.001000 2972
2411 0.001000 2972
2412 0.001000 2972
2413 0.001000 2972
2414 0.001000 2972
2415 0.001000 2972
2416 0.001000 2972
2417 0.001000 2972
2418 0.001000 2972
2419 0.001000 2972
2420 0.001000 2972
2421 0.001000 2972
2422 0.001000 2972
2423 0.001000 2972
2424 0.001000 2972
2425 0.001000 2972
2426 0.001000 2972
2427 0.001000 2972
2428 0.001000 2972
2429 0.001000 2972
2430 0.001000 2972
2431 0.001000 2972
2432 0.001000 2972
2433 0.001000 2972
2434 0.001000 2972
2435 0.001000 2972
2436 0.001000 2972
2437 0.001000 2972
2438 0.001000 2972
2439 0.001000 2972
2440 0.001000 2972
2441 0.001000 2972
2442 0.001000 2972
2443 0.001000 2972
2444 0.001000 2972
2445 0.001000 2972
2446 0.001000 2972
2447 0.001000 2972
2448 0.001000 2972
2449 0.001000 2972
2450 0.001000 2972
2451 0.001000 2972
2452 0.001000 2972
2453 0.001000 2972
2454 0.001000 2972
2455 0.001000 2972
2456 0.001000 2972
2457 0.001000 2972
2458 0.001000 2972
2459 0.001000 2972
2460 0.001000 2972
2461 0.001000 2972
2462 0.001000 2972
2463 0.001000 2972
2464 0.001000 2972
2465 0.001000 2972
2466 0.001000 2972
2467 0.001000 2972
2468 0.001000 2972
2469 0.001000 2972
2470 0.001000 2972
2471 0.001000 2972
2472 0.001000 2972
2473 0.001000 2972
2474 0.001000 2972
2475 0.001000 2972
2476 0.001000 2972
2477 0.001000 2972
2478 0.001000 2972
2479 0.001000 2972
2480 0.001000 2972
2481 0.001000 2972
2482 0.001000 2972
2483 0.001000 2972
2484 0.001000 2972
2485 0.001000 2972
2486 0.001000 2972
2487 0.001000 2972
2488 0.001000 2972
2489 0.001000 2972
2490 0.001000 2972
2491 0.001000 2972
2492 0.001000 2972
2493 0.001000 2972
2494 0.001000 2972
2495 0.001000 2972
2496 0.001000 2972
2497 0.001000 2972
2498 0.001000 2972
2499 0.001000 2972
2500 0.001000 2972
2501 0.001000 2972
2502 0.001000 2972
2503 0.001000 2972
2504 0.001000 2972
2505 0.001000 2972
2506 0.001000 2972
2507 0.001000 2972
2508 0.001000 2972
2509 0.001000 2972
2510 0.001000 2972
2511 0.001000 2972
2512 0.001000 2972
2513 0.001000 2972
2514 0.001000 2972
2515 0.001000 2972
2516 0.001000 2972
2517 0.001000 2972
2518 0.001000 2972
2519 0.001000 2972
2520 0.001000 2972
2521 0.001000 2972
2522 0.001000 2972
2523 0.001000 2972
2524 0.001000 2972
2525 0.001000 2972
2526 0.001000 2972
2527 0.001000 2972
2528 0.001000 2972
2529 0.001000 2972
2530 0.001000 2972
2531 0.001000 2972
2532 0.001000 2972
2533 0.001000 2972
2534 0.001000 2972
2535 0.001000 2972
2536 0.001000 2972
2537 0.001000 2972
2538 0.001000 2972
2539 0.001000 2972
2540 0.001000 2972
2541 0.001000 2972
2542 0.001000 2972
2543 0.001000 2972
2544 0.001000 2972
2545 0.001000 2972
2546 0.001000 2972
2547 0.001000 2972
2548 0.001000 2972
2549 0.001000 2972
2550 0.001000 2972
2551 0.001000 2972
2552 0.001000 2972
2553 0.001000 2972
2554 0.001000 2972
2555 0.001000 2972
2556 0.001000 2972
2557 0.001000 2972
2558 0.001000 2972
2559 0.001000 2972
2560 0.001000 2972
2561 0.001000 2972
2562 0.001000 2972
2563 0.001000 2972
2564 0.001000 2972
2565 0.001000 2972
2566 0.001000 2972
2567 0.001000 2972
2568 0.001000 2972
2569 0.001000 2972
2570 0.001000 2972
2571 0.001000 2972
2572 0.001000 2972
2573 0.001000 2972
2574 0.001000 2972
2575 0.001000 2972
2576 0.001000 2972
2577 0.001000 2972
2578 0.001000 2972
2579 0.001000 2972
2580 0.001000 2972
2581 0.001000 2972
2582 0.001000 2972
2583 0.001000 2972
2584 0.001000 2972
2585 0.001000 2972
2586 0.001000 2972
2587 0.001000 2972
2588 0.001000 2972
2589 0.001000 2972
2590 0.001000 2972
2591 0.001000 2972
2592 0.001000 2972
2593 0.001000 2972
2594 0.001000 2972
2595 0.001000 2972
2596 0.001000 2972
2597 0.001000 2972
2598 0.001000 2972
2599 0.001000 2972
2600 0.001000 2972
2601 0.001000 2972
2602 0.001000 2972
2603 0.001000 2972
2604 0.001000 2972
2605 0.001000 2972
2606 0.001000 2972
2607 0.001000 2972
2608 0.001000 2972
2609 0.001000 2972
2610 0.001000 2972
2611 0.001000 2972
2612 0.001000 2972
2613 0.001000 2972
2614 0.001000 2972
2615 0.001000 2972
2616 0.001000 2972
2617 0.001000 2972
2618 0.001000 2972
2619 0.001000 2972
2620 0.001000 2972
2621 0.001000 2972
2622 0.001000 2972
2623 0.001000 2972
2624 0.001000 2972
2625 0.001000 2972
2626 0.001000 2972
2627 0.001000 2972
2628 0.001000 2972
2629 0.001000 2972
2630 0.001000 2972
2631 0.001000 2972
2632 0.001000 2972
2633 0.001000 2972
2634 0.001000 2972
2635 0.001000 2972
2636 0.001000 2972
2637 0.001000 2972
2638 0.001000 2972
2639 0.001000 2972
2640 0.001000 2972
2641 0.001000 2972
2642 0.001000 2972
2643 0.001000 2972
2644 0.001000 2972
2645 0.001000 2972
2646 0.001000 2972
2647 0.001000 2972
2648 0.001000 2972
2649 0.001000 2972
2650 0.001000 2972
2651 0.001000 2972
2652 0.001000 2972
2653 0.001000 2972
2654 0.001000 2972
2655 0.001000 2972
2656 0.001000 2972
2657 0.001000 2972
2658 0.001000 2972
2659 0.001000 2972
2660 0.001000 2972
2661 0.001000 2972
2662 0.001000 2972
2663 0.001000 2972
2664 0.001000 2972
2665 0.001000 2972
2666 0.001000 2972
2667 0.001000 2972
2668 0.001000 2972
2669 0.001000 2972
2670 0.001000 2972
2671 0.001000 2972
2672 0.001000 2972
2673 0.001000 2972
2674 0.001000 2972
2675 0.001000 2972
2676 0.001000 2972
2677 0.001000 2972
2678 0.001000 2972
2679 0.001000 2972
2680 0.001000 2972
2681 0.001000 2972
2682 0.001000 2972
2683 0.001000 2972
2684 0.001000 2972
2685 0.001000 2972
2686 0.001000 2972
2687 0.001000 2972
2688 0.001000 2972
2689 0.001000 2972
2690 0.001000 2972
2691 0.001000 2972
2692 0.001000 2972
2693 0.001000 2972
2694 0.001000 2972
2695 0.001000 2972
2696 0.001000 2972
2697 0.001000 2972
2698 0.001000 2972
2699 0.001000 2972
2700 0.001000 2972
2701 0.001000 2972
2702 0.001000 2972
2703 0.001000 2972
2704 0.001000 2972
2705 0.001000 2972
2706 0.001000 2972
2707 0.001000 2972
2708 0.001000 2972
2709 0.001000 2972
2710 0.001000 2972
2711 0.001000 2972
2712 0.001000 2972
2713 0.001000 2972
2714 0.001000 2972
2715 0.001000 2972
2716 0.001000 2972
2717 0.001000 2972
2718 0.001000 2972
2719 0.001000 2972
2720 0.001000 2972
2721 0.001000 2972
2722 0.001000 2972
2723 0.001000 2972
2724 0.001000 2972
2725 0.001000 2972
2726 0.001000 2972
2727 0.001000 2972
2728 0.001000 2972
2729 0.001000 2972
2730 0.001000 2972
2731 0.001000 2972
2732 0.001000 2972
2733 0.001000 2972
2734 0.001000 2972
2735 0.001000 2972
2736 0.001000 2972
2737 0.001000 2972
2738 0.001000 2972
2739 0.001000 2972
2740 0.001000 2972
2741 0.001000 2972
2742 0.001000 2972
2743 0.001000 2972
2744 0.001000 2972
2745 0.001000 2972
2746 0.001000 2972
2747 0.001000 2972
2748 0.001000 2972
2749 0.001000 2972
2750 0.001000 2972
2751 0.001000 2972
2752 0.001000 2972
2753 0.001000 2972
2754 0.001000 2972
2755 0.001000 2972
2756 0.001000 2972
2757 0.001000 2972
2758 0.001000 2972
2759 0.001000 2972
2760 0.001000 2972
2761 0.001000 2972
2762 0.001000 2972
2763 0.001000 2972
2764 0.001000 2972
2765 0.001000 2972
2766 0.001000 2972
2767 0.001000 2972
2768 0.001000 2972
2769 0.001000 2972
2770 0.002000 2972
2771 0.002000 2972
2772 0.002000 2972
2773 0.002000 2972
2774 0.002000 2972
2775 0.002000 2972
2776 0.002000 2972
2777 0.002000 2972
2778 0.002000 2972
2779 0.002000 2972
2780 0.002000 2972
2781 0.002000 2972
2782 0.002000 2972
2783 0.002000 2972
2784 0.002000 2972
2785 0.002000 2972
2786 0.002000 2972
2787 0.002000 2972
2788 0.002000 2972
2789 0.002000 2972
2790 0.002000 2972
2791 0.002000 2972
2792 0.002000 2972
2793 0.002000 2972
2794 0.002000 2972
2795 0.002000 2972
2796 0.002000 2972
2797 0.002000 2972
2798 0.002000 2972
2799 0.002000 2972
2800 0.002000 2972
2801 0.002000 2972
2802 0.002000 2972
2803 0.002000 2972
2804 0.002000 2972
2805 0.002000 2972
2806 0.002000 2972
2807 0.002000 2972
2808 0.002000 2972
2809 0.002000 2972
2810 0.002000 2972
2811 0.002000 2972
2812 0.002000 2972
2813 0.002000 2972
2814 0.002000 2972
2815 0.002000 2972
2816 0.002000 2972
2817 0.002000 2972
2818 0.002000 2972
2819 0.002000 2972
2820 0.002000 2972
2821 0.002000 2972
2822 0.002000 2972
2823 0.002000 2972
2824 0.002000 2972
2825 0.002000 2972
2826 0.002000 2972
2827 0.002000 2972
2828 0.002000 2972
2829 0.002000 2972
2830 0.002000 2972
2831 0.002000 2972
2832 0.002000 2972
2833 0.002000 2972
2834 0.002000 2972
2835 0.002000 2972
2836 0.002000 2972
2837 0.002000 2972
2838 0.002000 2972
2839 0.002000 2972
2840 0.002000 2972
2841 0.002000 2972
2842 0.002000 2972
2843 0.002000 2972
2844 0.002000 2972
2845 0.002000 2972
2846 0.002000 2972
2847 0.002000 2972
2848 0.002000 2972
2849 0.002000 2972
2850 0.002000 2972
2851 0.002000 2972
2852 0.002000 2972
2853 0.002000 2972
2854 0.002000 2972
2855 0.002000 2972
2856 0.002000 2972
2857 0.002000 2972
2858 0.002000 2972
2859 0.002000 2972
2860 0.002000 2972
2861 0.002000 2972
2862 0.002000 2972
2863 0.002000 2972
2864 0.002000 2972
2865 0.002000 2972
2866 0.002000 2972
2867 0.002000 2972
2868 0.002000 2972
2869 0.002000 2972
2870 0.002000 2972
2871 0.002000 2972
2872 0.002000 2972
2873 0.002000 2972
2874 0.002000 2972
2875 0.002000 2972
2876 0.002000 2972
2877 0.002000 2972
2878 0.002000 2972
2879 0.002000 2972
2880 0.002000 2972
2881 0.002000 2972
2882 0.002000 2972
2883 0.002000 2972
2884 0.002000 2972
2885 0.002000 2972
2886 0.002000 2972
2887 0.002000 2972
2888 0.002000 2972
2889 0.002000 2972
2890 0.002000 2972
2891 0.002000 2972
2892 0.002000 2972
2893 0.002000 2972
2894 0.002000 2972
2895 0.002000 2972
2896 0.002000 2972
2897 0.002000 2972
2898 0.002000 2972
2899 0.002000 2972
2900 0.002000 2972
2901 0.002000 2972
2902 0.002000 2972
2903 0.002000 2972
2904 0.002000 2972
2905 0.002000 2972
2906 0.002000 2972
2907 0.002000 2972
2908 0.002000 2972
2909 0.002000 2972
2910 0.002000 2972
2911 0.002000 2972
2912 0.002000 2972
2913 0.002000 2972
2914 0.002000 2972
2915 0.002000 2972
2916 0.002000 2972
2917 0.002000 2972
2918 0.002000 2972
2919 0.002000 2972
2920 0.002000 2972
2921 0.002000 2972
2922 0.002000 2972
2923 0.002000 2972
2924 0.002000 2972
2925 0.002000 2972
2926 0.002000 2972
2927 0.002000 2972
2928 0.002000 2972
2929 0.002000 2972
2930 0.002000 2972
2931 0.002000 2972
2932 0.002000 2972
2933 0.002000 2972
2934 0.002000 2972
2935 0.002000 2972
2936 0.002000 2972
2937 0.002000 2972
2938 0.002000 2972
2939 0.002000 2972
2940 0.002000 2972
2941 0.002000 2972
2942 0.002000 2972
2943 0.002000 2972
2944 0.002000 2972
2945 0.002000 2972
2946 0.002000 2972
2947 0.002000 2972
2948 0.002000 2972
2949 0.002000 2972
2950 0.002000 2972
2951 0.002000 2972
2952 0.002000 2972
2953 0.002000 2972
2954 0.002000 2972
2955 0.002000 2972
2956 0.002000 2972
2957 0.002000 2972
2958 0.002000 2972
2959 0.002000 2972
2960 0.002000 2972
2961 0.002000 2972
2962 0.002000 2972
2963 0.002000 2972
2964 0.002000 2972
2965 0.002000 2972
2966 0.002000 2972
2967 0.002000 2972
2968 0.002000 2972
2969 0.002000 2972
2970 0.002000 2972
2971 0.002000 2972
2972 0.002000 2972
2973 0.002000 2972
2974 0.002000 2972
2975 0.002000 2972
2976 0.002000 2972
2977 0.002000 2972
2978 0.002000 2972
2979 0.002000 2972
2980 0.002000 2972
2981 0.002000 2972
2982 0.002000 2972
2983 0.002000 2972
2984 0.002000 2972
2985 0.002000 2972
2986 0.002000 2972
2987 0.002000 2972
2988 0.002000 2972
2989 0.002000 2972
2990 0.002000 2972
2991 0.002000 2972
2992 0.002000 2972
2993 0.002000 2972
2994 0.002000 2972
2995 0.002000 2972
2996 0.002000 2972
2997 0.002000 2972
2998 0.002000 2972
2999 0.002000 2972
3000 0.002000 2972
# Final Best Cost: 2972
