# Instance: eil101.tsp
# Method: hill-climbing
# Neighborhood: swap
# output: step cost
0 3465
0.001000 3305
0.002000 3159
0.003000 3018
0.004000 2889
0.005000 2771
0.006000 2656
0.008000 2547
0.009000 2447
0.010000 2372
0.011000 2298
0.012000 2227
0.013000 2157
0.014000 2087
0.015000 2027
0.016000 1975
0.017000 1931
0.018000 1887
0.019000 1847
0.021000 1810
0.022000 1775
0.023000 1743
0.024000 1713
0.025000 1684
0.026000 1656
0.027000 1633
0.028000 1612
0.029000 1591
0.030000 1573
0.032000 1556
0.033000 1535
0.034000 1520
0.035000 1502
0.036000 1488
0.037000 1475
0.038000 1463
0.039000 1448
0.040000 1433
0.041000 1423
0.042000 1413
0.043000 1403
0.045000 1394
0.046000 1385
0.047000 1377
0.048000 1370
0.049000 1363
0.050000 1356
0.051000 1350
0.052000 1343
0.054000 1337
0.055000 1331
0.056000 1326
0.057000 1321
0.058000 1316
0.059000 1312
0.060000 1305
0.061000 1299
0.062000 1286
0.063000 1282
0.065000 1278
0.066000 1267
0.067000 1259
0.068000 1252
0.069000 1248
0.070000 1242
0.071000 1238
0.073000 1235
0.074000 1232
0.075000 1226
0.076000 1221
0.077000 1215
0.078000 1208
0.079000 1202
0.080000 1199
0.081000 1196
0.082000 1193
0.084000 1190
0.085000 1180
0.086000 1176
0.087000 1173
0.088000 1170
0.089000 1167
0.090000 1165
0.091000 1163
0.092000 1161
0.094000 1159
0.095000 1156
0.096000 1153
0.097000 1152
0.098000 1151
0.099000 1139
0.100000 1133
0.101000 1130
0.102000 1123
0.103000 1121
0.105000 1115
0.106000 1114
0.107000 1113
0.108000 1112
0.109000 1111
0.110000 1110
0.111000 1108
0.112000 1105
0.114000 1104
0.115000 1101
0.116000 1100
0.117000 1099
0.118000 1093
0.119000 1092
# Final Best Cost: 1092
