# first_value: 3221
# Instance: eil101.tsp
# Method: random-search
# output: time cost
0 3221
1 0.000000 3221
2 0.000000 3221
3 0.000000 3221
4 0.000000 3221
5 0.000000 3221
6 0.000000 3221
7 0.000000 3115
8 0.000000 3115
9 0.000000 3115
10 0.000000 3115
11 0.000000 3115
12 0.000000 3115
13 0.000000 3060
14 0.000000 3060
15 0.000000 3060
16 0.000000 3060
17 0.000000 3060
18 0.000000 3060
19 0.000000 3060
20 0.000000 3060
21 0.000000 3060
22 0.000000 3060
23 0.000000 3060
24 0.000000 3060
25 0.000000 3060
26 0.000000 3060
27 0.000000 3060
28 0.000000 3060
29 0.000000 3060
30 0.000000 3060
31 0.000000 3060
32 0.000000 3060
33 0.000000 3060
34 0.000000 3060
35 0.000000 3060
36 0.000000 3060
37 0.000000 3060
38 0.000000 3060
39 0.000000 3060
40 0.000000 3060
41 0.000000 3060
42 0.000000 3060
43 0.000000 3060
44 0.000000 3060
45 0.000000 3060
46 0.000000 3060
47 0.000000 3060
48 0.000000 3060
49 0.000000 3060
50 0.000000 3060
51 0.000000 3060
52 0.000000 3060
53 0.000000 3060
54 0.000000 3060
55 0.000000 3060
56 0.000000 3060
57 0.000000 3060
58 0.000000 3060
59 0.000000 3060
60 0.000000 3060
61 0.000000 3060
62 0.000000 3060
63 0.000000 3060
64 0.000000 3060
65 0.000000 3060
66 0.000000 3060
67 0.000000 3060
68 0.000000 3060
69 0.000000 3060
70 0.000000 3060
71 0.000000 3060
72 0.000000 3060
73 0.000000 3060
74 0.000000 3060
75 0.000000 3060
76 0.000000 3060
77 0.000000 3060
78 0.000000 3060
79 0.000000 3060
80 0.000000 3060
81 0.000000 3060
82 0.000000 3060
83 0.000000 3060
84 0.000000 3060
85 0.000000 3060
86 0.000000 3060
87 0.000000 3060
88 0.000000 3060
89 0.000000 3060
90 0.000000 3060
91 0.000000 3060
92 0.000000 3060
93 0.000000 3060
94 0.000000 3060
95 0.000000 3060
96 0.000000 3060
97 0.000000 3060
98 0.000000 3060
99 0.000000 3060
100 0.000000 3060
101 0.000000 3060
102 0.000000 3060
103 0.000000 3060
104 0.000000 3060
105 0.000000 3060
106 0.000000 3060
107 0.000000 3060
108 0.000000 3060
109 0.000000 3060
110 0.000000 3060
111 0.000000 3060
112 0.000000 3060
113 0.000000 3060
114 0.000000 3060
115 0.000000 3060
116 0.000000 3060
117 0.000000 3060
118 0.000000 3060
119 0.000000 3060
120 0.000000 3060
121 0.000000 3060
122 0.000000 3060
123 0.000000 3060
124 0.000000 3060
125 0.000000 3060
126 0.000000 3060
127 0.000000 3060
128 0.000000 3060
129 0.000000 3060
130 0.000000 3060
131 0.000000 3060
132 0.000000 3060
133 0.000000 3060
134 0.000000 3011
135 0.000000 3011
136 0.000000 3011
137 0.000000 3011
138 0.000000 3011
139 0.000000 3011
140 0.000000 3011
141 0.000000 3011
142 0.000000 3011
143 0.000000 3011
144 0.000000 3011
145 0.000000 3011
146 0.000000 3011
147 0.000000 3011
148 0.000000 3011
149 0.000000 3011
150 0.000000 3011
151 0.000000 3011
152 0.000000 3011
153 0.000000 3011
154 0.000000 3011
155 0.000000 3011
156 0.000000 3011
157 0.000000 3011
158 0.000000 3011
159 0.000000 3011
160 0.000000 3011
161 0.000000 3011
162 0.000000 3011
163 0.000000 3011
164 0.000000 3011
165 0.000000 3011
166 0.000000 3011
167 0.000000 3011
168 0.000000 3011
169 0.000000 3011
170 0.000000 3011
171 0.000000 3011
172 0.000000 3011
173 0.000000 3011
174 0.000000 3011
175 0.000000 3011
176 0.000000 3011
177 0.000000 3011
178 0.000000 3011
179 0.000000 3011
180 0.000000 3011
181 0.000000 3011
182 0.000000 3011
183 0.000000 3011
184 0.000000 3011
185 0.000000 3011
186 0.000000 3011
187 0.000000 3011
188 0.000000 3011
189 0.000000 3011
190 0.000000 3011
191 0.000000 3011
192 0.000000 3011
193 0.000000 3011
194 0.000000 3011
195 0.000000 3011
196 0.000000 3011
197 0.000000 3011
198 0.000000 3011
199 0.000000 3011
200 0.000000 3011
201 0.000000 3011
202 0.000000 3011
203 0.000000 3011
204 0.000000 3011
205 0.000000 3011
206 0.000000 3011
207 0.000000 3011
208 0.000000 3011
209 0.001000 3011
210 0.001000 3011
211 0.001000 3011
212 0.001000 3011
213 0.001000 3011
214 0.001000 3011
215 0.001000 3011
216 0.001000 3011
217 0.001000 3011
218 0.001000 3011
219 0.001000 3011
220 0.001000 3011
221 0.001000 3011
222 0.001000 3011
223 0.001000 3011
224 0.001000 3011
225 0.001000 3011
226 0.001000 3011
227 0.001000 3011
228 0.001000 3011
229 0.001000 3011
230 0.001000 3011
231 0.001000 3011
232 0.001000 3011
233 0.001000 3011
234 0.001000 3011
235 0.001000 3011
236 0.001000 3011
237 0.001000 3011
238 0.001000 3011
239 0.001000 3011
240 0.001000 3011
241 0.001000 3011
242 0.001000 3011
243 0.001000 3011
244 0.001000 3011
245 0.001000 3011
246 0.001000 3011
247 0.001000 3011
248 0.001000 3011
249 0.001000 3011
250 0.001000 3011
251 0.001000 3011
252 0.001000 3011
253 0.001000 3011
254 0.001000 3011
255 0.001000 3011
256 0.001000 3011
257 0.001000 3011
258 0.001000 3011
259 0.001000 3011
260 0.001000 3011
261 0.001000 3011
262 0.001000 3011
263 0.001000 3011
264 0.001000 3011
265 0.001000 3011
266 0.001000 3011
267 0.001000 3011
268 0.001000 3011
269 0.001000 3011
270 0.001000 3011
271 0.001000 3011
272 0.001000 3011
273 0.001000 3011
274 0.001000 3011
275 0.001000 3011
276 0.001000 3011
277 0.001000 3011
278 0.001000 3011
279 0.001000 3011
280 0.001000 3011
281 0.001000 3011
282 0.001000 3011
283 0.001000 3011
284 0.001000 3011
285 0.001000 3011
286 0.001000 3011
287 0.001000 3011
288 0.001000 3011
289 0.001000 3011
290 0.001000 3011
291 0.001000 3011
292 0.001000 3011
293 0.001000 3011
294 0.001000 3011
295 0.001000 3011
296 0.001000 3011
297 0.001000 3011
298 0.001000 3011
299 0.001000 3011
300 0.001000 3011
301 0.001000 3011
302 0.001000 3011
303 0.001000 3011
304 0.001000 3011
305 0.001000 3011
306 0.001000 3011
307 0.001000 3011
308 0.001000 3011
309 0.001000 3011
310 0.001000 3011
311 0.001000 3011
312 0.001000 3011
313 0.001000 3011
314 0.001000 3011
315 0.001000 3011
316 0.001000 3011
317 0.001000 3011
318 0.001000 3011
319 0.001000 3011
320 0.001000 3011
321 0.001000 3011
322 0.001000 3011
323 0.001000 3011
324 0.001000 3011
325 0.001000 3011
326 0.001000 3011
327 0.001000 3011
328 0.001000 3011
329 0.001000 3011
330 0.001000 3011
331 0.001000 3011
332 0.001000 3011
333 0.001000 3011
334 0.001000 3011
335 0.001000 3011
336 0.001000 3011
337 0.001000 3011
338 0.001000 3011
339 0.001000 3011
340 0.001000 3011
341 0.001000 3011
342 0.001000 3011
343 0.001000 3011
344 0.001000 3011
345 0.001000 3011
346 0.001000 3011
347 0.001000 3011
348 0.001000 3011
349 0.001000 3011
350 0.001000 3011
351 0.001000 3011
352 0.001000 3011
353 0.001000 3011
354 0.001000 3011
355 0.001000 3011
356 0.001000 3011
357 0.001000 3011
358 0.001000 3011
359 0.001000 3011
360 0.001000 3011
361 0.001000 3011
362 0.001000 3011
363 0.001000 3011
364 0.001000 3011
365 0.001000 3011
366 0.001000 3011
367 0.001000 3011
368 0.001000 3011
369 0.001000 3011
370 0.001000 3011
371 0.001000 3011
372 0.001000 3011
373 0.001000 3011
374 0.001000 3011
375 0.001000 3011
376 0.001000 3011
377 0.001000 3011
378 0.001000 3011
379 0.001000 3011
380 0.001000 3011
381 0.001000 3011
382 0.001000 3011
383 0.001000 3011
384 0.001000 3011
385 0.001000 3011
386 0.001000 3011
387 0.001000 3011
388 0.001000 3011
389 0.001000 3011
390 0.001000 3011
391 0.001000 3011
392 0.001000 3011
393 0.001000 3011
394 0.001000 3011
395 0.001000 3011
396 0.001000 3011
397 0.001000 3011
398 0.001000 3011
399 0.001000 3011
400 0.001000 3011
401 0.001000 3011
402 0.001000 3011
403 0.001000 3011
404 0.001000 3011
405 0.001000 3011
406 0.001000 3011
407 0.001000 3011
408 0.001000 3011
409 0.001000 3011
410 0.001000 3011
411 0.001000 3011
412 0.001000 3011
413 0.001000 3011
414 0.001000 3011
415 0.001000 3011
416 0.001000 3011
417 0.001000 3011
418 0.001000 3011
419 0.001000 3011
420 0.001000 3011
421 0.001000 3011
422 0.001000 3011
423 0.001000 3011
424 0.001000 3011
425 0.001000 3011
426 0.001000 3011
427 0.001000 3011
428 0.001000 3011
429 0.001000 3011
430 0.001000 3011
431 0.001000 3011
432 0.001000 3011
433 0.001000 3011
434 0.001000 3011
435 0.001000 3011
436 0.001000 3011
437 0.001000 3011
438 0.001000 3011
439 0.001000 3011
440 0.001000 3011
441 0.001000 3011
442 0.001000 3011
443 0.001000 3011
444 0.001000 3011
445 0.001000 3011
446 0.001000 3011
447 0.001000 3011
448 0.001000 3011
449 0.001000 3011
450 0.001000 3011
451 0.001000 3011
452 0.001000 3011
453 0.001000 3011
454 0.001000 3011
455 0.001000 3011
456 0.001000 3011
457 0.001000 3011
458 0.001000 3011
459 0.001000 3011
460 0.001000 3011
461 0.001000 3011
462 0.001000 3011
463 0.001000 3011
464 0.001000 3011
465 0.001000 3011
466 0.001000 3011
467 0.001000 3011
468 0.001000 3011
469 0.001000 3011
470 0.001000 3011
471 0.001000 3011
472 0.001000 3011
473 0.001000 3011
474 0.001000 3011
475 0.001000 3011
476 0.001000 3011
477 0.001000 3011
478 0.001000 3011
479 0.001000 3011
480 0.001000 3011
481 0.001000 3011
482 0.001000 3011
483 0.001000 3011
484 0.001000 3011
485 0.001000 3011
486 0.001000 3011
487 0.001000 3011
488 0.001000 3011
489 0.001000 3011
490 0.001000 3011
491 0.001000 3011
492 0.001000 3011
493 0.001000 3011
494 0.001000 3011
495 0.001000 3011
496 0.001000 3011
497 0.001000 3011
498 0.001000 3011
499 0.001000 3011
500 0.001000 3011
501 0.001000 3011
502 0.001000 3011
503 0.001000 3011
504 0.001000 3011
505 0.001000 3011
506 0.001000 3011
507 0.001000 3011
508 0.001000 3011
509 0.001000 3011
510 0.001000 3011
511 0.001000 3011
512 0.001000 3011
513 0.001000 3011
514 0.001000 3011
515 0.001000 3011
516 0.001000 3011
517 0.001000 3011
518 0.001000 3011
519 0.001000 3011
520 0.001000 3011
521 0.001000 3011
522 0.001000 3011
523 0.001000 3011
524 0.001000 3011
525 0.001000 3011
526 0.001000 3011
527 0.001000 3011
528 0.001000 3011
529 0.001000 3011
530 0.001000 3011
531 0.001000 3011
532 0.001000 3011
533 0.001000 3011
534 0.001000 3011
535 0.001000 3011
536 0.001000 3011
537 0.001000 3011
538 0.001000 3011
539 0.001000 3011
540 0.001000 3011
541 0.001000 3011
542 0.001000 3011
543 0.001000 3011
544 0.001000 3011
545 0.001000 3011
546 0.001000 3011
547 0.001000 3011
548 0.001000 3011
549 0.001000 3011
550 0.001000 3011
551 0.001000 3011
552 0.001000 3011
553 0.001000 3011
554 0.001000 3011
555 0.001000 3011
556 0.001000 3011
557 0.001000 3011
558 0.001000 3011
559 0.001000 3011
560 0.001000 3011
561 0.001000 3011
562 0.001000 3011
563 0.001000 3011
564 0.001000 3011
565 0.001000 3011
566 0.001000 3011
567 0.001000 3011
568 0.001000 3011
569 0.001000 3011
570 0.001000 3011
571 0.001000 3011
572 0.001000 3011
573 0.001000 3011
574 0.001000 3011
575 0.001000 3011
576 0.001000 3011
577 0.001000 3011
578 0.001000 3011
579 0.001000 3011
580 0.001000 3011
581 0.001000 3011
582 0.001000 3011
583 0.001000 3011
584 0.001000 3011
585 0.001000 3011
586 0.001000 3011
587 0.001000 3011
588 0.001000 3011
589 0.001000 3011
590 0.001000 3011
591 0.001000 3011
592 0.001000 3011
593 0.001000 3011
594 0.001000 3011
595 0.001000 3011
596 0.001000 3011
597 0.001000 3011
598 0.001000 3011
599 0.001000 3011
600 0.001000 3011
601 0.001000 3011
602 0.001000 3011
603 0.001000 3011
604 0.001000 3011
605 0.001000 3011
606 0.001000 3011
607 0.001000 3011
608 0.001000 3011
609 0.001000 3011
610 0.001000 3011
611 0.001000 3011
612 0.001000 3011
613 0.001000 3011
614 0.001000 3011
615 0.001000 3011
616 0.001000 3011
617 0.001000 3011
618 0.001000 3011
619 0.001000 3011
620 0.001000 3011
621 0.001000 3011
622 0.001000 3011
623 0.001000 3011
624 0.001000 3011
625 0.001000 3011
626 0.001000 3011
627 0.001000 3011
628 0.001000 3011
629 0.001000 3011
630 0.001000 3011
631 0.001000 3011
632 0.001000 3011
633 0.001000 3011
634 0.001000 3011
635 0.001000 3011
636 0.001000 3011
637 0.001000 3011
638 0.001000 3011
639 0.001000 3011
640 0.001000 3011
641 0.001000 3011
642 0.001000 3011
643 0.001000 3011
644 0.001000 3011
645 0.001000 3011
646 0.001000 3011
647 0.001000 3011
648 0.001000 3011
649 0.001000 3011
650 0.001000 3011
651 0.001000 3011
652 0.001000 3011
653 0.001000 3011
654 0.001000 3011
655 0.001000 3011
656 0.001000 3011
657 0.001000 3011
658 0.001000 3011
659 0.001000 3011
660 0.001000 3011
661 0.001000 3011
662 0.001000 3011
663 0.001000 3011
664 0.001000 3011
665 0.001000 3011
666 0.001000 3011
667 0.001000 3011
668 0.001000 3011
669 0.001000 3011
670 0.001000 3011
671 0.001000 3011
672 0.001000 3011
673 0.001000 3011
674 0.001000 3011
675 0.001000 3011
676 0.001000 3011
677 0.001000 3011
678 0.001000 3011
679 0.001000 3011
680 0.001000 3011
681 0.001000 3011
682 0.001000 3011
683 0.001000 3011
684 0.001000 3011
685 0.001000 3011
686 0.001000 3011
687 0.001000 3011
688 0.001000 3011
689 0.001000 3011
690 0.001000 3011
691 0.001000 3011
692 0.001000 3011
693 0.001000 3011
694 0.001000 3011
695 0.001000 3011
696 0.001000 3011
697 0.001000 3011
698 0.001000 3011
699 0.001000 3011
700 0.001000 3011
701 0.001000 3011
702 0.001000 3011
703 0.001000 3011
704 0.001000 3011
705 0.001000 3011
706 0.001000 3011
707 0.001000 3011
708 0.001000 3011
709 0.001000 3011
710 0.001000 3011
711 0.001000 3011
712 0.001000 3011
713 0.001000 3011
714 0.001000 3011
715 0.001000 3011
716 0.001000 3011
717 0.001000 3011
718 0.001000 3011
719 0.001000 3011
720 0.001000 3011
721 0.001000 3011
722 0.001000 3011
723 0.001000 3011
724 0.001000 3011
725 0.001000 3011
726 0.001000 3011
727 0.001000 3011
728 0.001000 3011
729 0.001000 3011
730 0.001000 3011
731 0.001000 3011
732 0.001000 3011
733 0.001000 3011
734 0.001000 3011
735 0.001000 3011
736 0.001000 3011
737 0.001000 3011
738 0.001000 3011
739 0.001000 3011
740 0.001000 3011
741 0.001000 3011
742 0.001000 3011
743 0.001000 3011
744 0.001000 3011
745 0.001000 3011
746 0.001000 3011
747 0.001000 3011
748 0.001000 3011
749 0.001000 3011
750 0.001000 3011
751 0.001000 3011
752 0.001000 3011
753 0.001000 3011
754 0.001000 3011
755 0.001000 3011
756 0.001000 3011
757 0.001000 3011
758 0.001000 3011
759 0.001000 3011
760 0.001000 3011
761 0.001000 3011
762 0.001000 3011
763 0.001000 2940
764 0.001000 2940
765 0.001000 2940
766 0.001000 2940
767 0.001000 2940
768 0.001000 2940
769 0.001000 2940
770 0.001000 2940
771 0.001000 2940
772 0.001000 2940
773 0.001000 2940
774 0.001000 2940
775 0.001000 2940
776 0.001000 2940
777 0.001000 2940
778 0.001000 2940
779 0.001000 2940
780 0.001000 2940
781 0.001000 2940
782 0.001000 2940
783 0.001000 2940
784 0.001000 2940
785 0.001000 2940
786 0.001000 2940
787 0.001000 2940
788 0.001000 2940
789 0.001000 2940
790 0.001000 2940
791 0.001000 2940
792 0.001000 2940
793 0.001000 2940
794 0.001000 2940
795 0.001000 2940
796 0.001000 2940
797 0.001000 2940
798 0.001000 2940
799 0.001000 2940
800 0.001000 2940
801 0.001000 2940
802 0.001000 2940
803 0.001000 2940
804 0.001000 2940
805 0.001000 2940
806 0.001000 2940
807 0.001000 2940
808 0.001000 2940
809 0.001000 2940
810 0.001000 2940
811 0.001000 2940
812 0.001000 2940
813 0.001000 2940
814 0.001000 2940
815 0.001000 2940
816 0.001000 2940
817 0.001000 2940
818 0.001000 2940
819 0.001000 2940
820 0.001000 2940
821 0.001000 2940
822 0.001000 2940
823 0.001000 2940
824 0.001000 2940
825 0.001000 2940
826 0.001000 2940
827 0.001000 2940
828 0.002000 2940
829 0.002000 2940
830 0.002000 2940
831 0.002000 2940
832 0.002000 2940
833 0.002000 2940
834 0.002000 2940
835 0.002000 2940
836 0.002000 2940
837 0.002000 2940
838 0.002000 2940
839 0.002000 2940
840 0.002000 2940
841 0.002000 2940
842 0.002000 2940
843 0.002000 2940
844 0.002000 2940
845 0.002000 2940
846 0.002000 2940
847 0.002000 2940
848 0.002000 2940
849 0.002000 2940
850 0.002000 2940
851 0.002000 2940
852 0.002000 2940
853 0.002000 2940
854 0.002000 2940
855 0.002000 2940
856 0.002000 2940
857 0.002000 2940
858 0.002000 2940
859 0.002000 2940
860 0.002000 2940
861 0.002000 2940
862 0.002000 2940
863 0.002000 2940
864 0.002000 2940
865 0.002000 2940
866 0.002000 2940
867 0.002000 2940
868 0.002000 2940
869 0.002000 2940
870 0.002000 2940
871 0.002000 2940
872 0.002000 2940
873 0.002000 2940
874 0.002000 2940
875 0.002000 2940
876 0.002000 2940
877 0.002000 2940
878 0.002000 2940
879 0.002000 2940
880 0.002000 2940
881 0.002000 2940
882 0.002000 2940
883 0.002000 2940
884 0.002000 2940
885 0.002000 2940
886 0.002000 2940
887 0.002000 2940
888 0.002000 2940
889 0.002000 2940
890 0.002000 2940
891 0.002000 2940
892 0.002000 2940
893 0.002000 2940
894 0.002000 2940
895 0.002000 2940
896 0.002000 2940
897 0.002000 2940
898 0.002000 2940
899 0.002000 2940
900 0.002000 2940
901 0.002000 2940
902 0.002000 2940
903 0.002000 2940
904 0.002000 2940
905 0.002000 2940
906 0.002000 2940
907 0.002000 2940
908 0.002000 2940
909 0.002000 2940
910 0.002000 2940
911 0.002000 2940
912 0.002000 2940
913 0.002000 2940
914 0.002000 2940
915 0.002000 2940
916 0.002000 2940
917 0.002000 2940
918 0.002000 2940
919 0.002000 2940
920 0.002000 2940
921 0.002000 2940
922 0.002000 2940
923 0.002000 2940
924 0.002000 2940
925 0.002000 2940
926 0.002000 2940
927 0.002000 2940
928 0.002000 2940
929 0.002000 2940
930 0.002000 2940
931 0.002000 2940
932 0.002000 2940
933 0.002000 2940
934 0.002000 2940
935 0.002000 2940
936 0.002000 2940
937 0.002000 2940
938 0.002000 2940
939 0.002000 2940
940 0.002000 2940
941 0.002000 2940
942 0.002000 2940
943 0.002000 2940
944 0.002000 2940
945 0.002000 2940
946 0.002000 2940
947 0.002000 2940
948 0.002000 2940
949 0.002000 2940
950 0.002000 2940
951 0.002000 2940
952 0.002000 2940
953 0.002000 2940
954 0.002000 2940
955 0.002000 2940
956 0.002000 2940
957 0.002000 2940
958 0.002000 2940
959 0.002000 2940
960 0.002000 2940
961 0.002000 2940
962 0.002000 2940
963 0.002000 2940
964 0.002000 2940
965 0.002000 2940
966 0.002000 2940
967 0.002000 2940
968 0.002000 2940
969 0.002000 2940
970 0.002000 2940
971 0.002000 2940
972 0.002000 2940
973 0.002000 2940
974 0.002000 2940
975 0.002000 2940
976 0.002000 2940
977 0.002000 2940
978 0.002000 2940
979 0.002000 2940
980 0.002000 2940
981 0.002000 2940
982 0.002000 2940
983 0.002000 2940
984 0.002000 2940
985 0.002000 2940
986 0.002000 2940
987 0.002000 2940
988 0.002000 2940
989 0.002000 2940
990 0.002000 2940
991 0.002000 2940
992 0.002000 2940
993 0.002000 2940
994 0.002000 2940
995 0.002000 2940
996 0.002000 2940
997 0.002000 2940
998 0.002000 2940
999 0.002000 2940
1000 0.002000 2940
1001 0.002000 2940
1002 0.002000 2940
1003 0.002000 2940
1004 0.002000 2940
1005 0.002000 2940
1006 0.002000 2940
1007 0.002000 2940
1008 0.002000 2940
1009 0.002000 2940
1010 0.002000 2940
1011 0.002000 2940
1012 0.002000 2940
1013 0.002000 2940
1014 0.002000 2940
1015 0.002000 2940
1016 0.002000 2940
1017 0.002000 2940
1018 0.002000 2940
1019 0.002000 2940
1020 0.002000 2940
1021 0.002000 2940
1022 0.002000 2940
1023 0.002000 2940
1024 0.002000 2940
1025 0.002000 2940
1026 0.002000 2940
1027 0.002000 2940
1028 0.002000 2940
1029 0.002000 2940
1030 0.002000 2940
1031 0.002000 2940
1032 0.002000 2940
1033 0.002000 2940
1034 0.002000 2940
1035 0.002000 2940
1036 0.002000 2940
1037 0.002000 2940
1038 0.002000 2940
1039 0.002000 2940
1040 0.002000 2940
1041 0.002000 2940
1042 0.002000 2940
1043 0.002000 2940
1044 0.002000 2940
1045 0.002000 2940
1046 0.002000 2940
1047 0.002000 2940
1048 0.002000 2940
1049 0.002000 2940
1050 0.002000 2940
1051 0.002000 2940
1052 0.002000 2940
1053 0.002000 2940
1054 0.002000 2940
1055 0.002000 2940
1056 0.002000 2940
1057 0.002000 2940
1058 0.002000 2940
1059 0.002000 2940
1060 0.002000 2940
1061 0.002000 2940
1062 0.002000 2940
1063 0.002000 2940
1064 0.002000 2940
1065 0.002000 2940
1066 0.002000 2940
1067 0.002000 2940
1068 0.002000 2940
1069 0.002000 2940
1070 0.002000 2940
1071 0.002000 2940
1072 0.002000 2940
1073 0.002000 2940
1074 0.002000 2940
1075 0.002000 2940
1076 0.002000 2940
1077 0.002000 2940
1078 0.002000 2940
1079 0.002000 2940
1080 0.003000 2940
1081 0.003000 2940
1082 0.003000 2940
1083 0.003000 2940
1084 0.003000 2940
1085 0.003000 2940
1086 0.003000 2940
1087 0.003000 2940
1088 0.003000 2940
1089 0.003000 2940
1090 0.003000 2940
1091 0.003000 2940
1092 0.003000 2940
1093 0.003000 2940
1094 0.003000 2940
1095 0.003000 2940
1096 0.003000 2940
1097 0.003000 2940
1098 0.003000 2940
1099 0.003000 2940
1100 0.003000 2940
1101 0.003000 2940
1102 0.003000 2940
1103 0.003000 2940
1104 0.003000 2940
1105 0.003000 2940
1106 0.003000 2940
1107 0.003000 2940
1108 0.003000 2940
1109 0.003000 2940
1110 0.003000 2940
1111 0.003000 2940
1112 0.003000 2940
1113 0.003000 2940
1114 0.003000 2940
1115 0.003000 2940
1116 0.003000 2940
1117 0.003000 2940
1118 0.003000 2940
1119 0.003000 2940
1120 0.003000 2940
1121 0.003000 2940
1122 0.003000 2940
1123 0.003000 2940
1124 0.003000 2940
1125 0.003000 2940
1126 0.003000 2940
1127 0.003000 2940
1128 0.003000 2940
1129 0.003000 2940
1130 0.003000 2940
1131 0.003000 2940
1132 0.003000 2940
1133 0.003000 2940
1134 0.003000 2940
1135 0.003000 2940
1136 0.003000 2940
1137 0.003000 2940
1138 0.003000 2940
1139 0.003000 2940
1140 0.003000 2940
1141 0.003000 2940
1142 0.003000 2940
1143 0.003000 2940
1144 0.003000 2940
1145 0.003000 2940
1146 0.003000 2940
1147 0.003000 2940
1148 0.003000 2940
1149 0.003000 2940
1150 0.003000 2940
1151 0.003000 2940
1152 0.003000 2940
1153 0.003000 2940
1154 0.003000 2940
1155 0.003000 2940
1156 0.003000 2940
1157 0.003000 2940
1158 0.003000 2940
1159 0.003000 2940
1160 0.003000 2940
1161 0.003000 2940
1162 0.003000 2940
1163 0.003000 2940
1164 0.003000 2940
1165 0.003000 2940
1166 0.003000 2940
1167 0.003000 2940
1168 0.003000 2940
1169 0.003000 2940
1170 0.003000 2940
1171 0.003000 2940
1172 0.003000 2940
1173 0.003000 2940
1174 0.003000 2940
1175 0.003000 2940
1176 0.003000 2940
1177 0.003000 2940
1178 0.003000 2940
1179 0.003000 2940
1180 0.003000 2940
1181 0.003000 2940
1182 0.003000 2940
1183 0.003000 2940
1184 0.003000 2940
1185 0.003000 2940
1186 0.003000 2940
1187 0.003000 2940
1188 0.003000 2940
1189 0.003000 2940
1190 0.003000 2940
1191 0.003000 2940
1192 0.003000 2940
1193 0.003000 2940
1194 0.003000 2940
1195 0.003000 2940
1196 0.003000 2940
1197 0.003000 2940
1198 0.003000 2940
1199 0.003000 2940
1200 0.003000 2940
1201 0.003000 2940
1202 0.003000 2940
1203 0.003000 2940
1204 0.003000 2940
1205 0.003000 2940
1206 0.003000 2940
1207 0.003000 2940
1208 0.003000 2940
1209 0.003000 2940
1210 0.003000 2940
1211 0.003000 2940
1212 0.003000 2940
1213 0.003000 2940
1214 0.003000 2940
1215 0.003000 2940
1216 0.003000 2940
1217 0.003000 2940
1218 0.003000 2940
1219 0.003000 2940
1220 0.003000 2940
1221 0.003000 2940
1222 0.003000 2940
1223 0.003000 2940
1224 0.003000 2940
1225 0.003000 2940
1226 0.003000 2940
1227 0.003000 2940
1228 0.003000 2940
1229 0.003000 2940
1230 0.003000 2940
1231 0.003000 2940
1232 0.003000 2940
1233 0.003000 2940
1234 0.003000 2940
1235 0.003000 2940
1236 0.003000 2940
1237 0.003000 2940
1238 0.003000 2940
1239 0.003000 2940
1240 0.003000 2940
1241 0.003000 2940
1242 0.003000 2940
1243 0.003000 2940
1244 0.003000 2940
1245 0.003000 2940
1246 0.003000 2940
1247 0.003000 2940
1248 0.003000 2940
1249 0.003000 2940
1250 0.003000 2940
1251 0.003000 2940
1252 0.003000 2940
1253 0.003000 2940
1254 0.003000 2940
1255 0.003000 2940
1256 0.003000 2940
1257 0.003000 2940
1258 0.003000 2940
1259 0.003000 2940
1260 0.003000 2940
1261 0.003000 2940
1262 0.003000 2940
1263 0.003000 2940
1264 0.003000 2940
1265 0.003000 2940
1266 0.003000 2940
1267 0.003000 2940
1268 0.003000 2940
1269 0.003000 2940
1270 0.003000 2940
1271 0.003000 2940
1272 0.003000 2940
1273 0.003000 2940
1274 0.003000 2940
1275 0.003000 2940
1276 0.003000 2940
1277 0.003000 2940
1278 0.003000 2940
1279 0.003000 2940
1280 0.003000 2940
1281 0.003000 2940
1282 0.003000 2940
1283 0.003000 2940
1284 0.003000 2940
1285 0.003000 2940
1286 0.003000 2940
1287 0.003000 2940
1288 0.003000 2940
1289 0.003000 2940
1290 0.003000 2940
1291 0.003000 2940
1292 0.003000 2940
1293 0.003000 2940
1294 0.003000 2940
1295 0.003000 2940
1296 0.003000 2940
1297 0.003000 2940
1298 0.003000 2940
1299 0.003000 2940
1300 0.003000 2940
1301 0.003000 2940
1302 0.003000 2940
1303 0.003000 2940
1304 0.003000 2940
1305 0.003000 2940
1306 0.003000 2940
1307 0.003000 2940
1308 0.003000 2940
1309 0.003000 2940
1310 0.003000 2940
1311 0.003000 2940
1312 0.003000 2940
1313 0.003000 2940
1314 0.003000 2940
1315 0.003000 2940
1316 0.003000 2940
1317 0.003000 2940
1318 0.003000 2940
1319 0.003000 2940
1320 0.003000 2940
1321 0.003000 2940
1322 0.003000 2940
1323 0.003000 2940
1324 0.003000 2940
1325 0.003000 2940
1326 0.003000 2940
1327 0.003000 2940
1328 0.003000 2940
1329 0.003000 2940
1330 0.003000 2940
1331 0.003000 2940
1332 0.003000 2940
1333 0.003000 2940
1334 0.003000 2940
1335 0.003000 2940
1336 0.003000 2940
1337 0.003000 2940
1338 0.003000 2940
1339 0.003000 2940
1340 0.003000 2940
1341 0.003000 2940
1342 0.003000 2940
1343 0.003000 2940
1344 0.003000 2940
1345 0.003000 2940
1346 0.003000 2940
1347 0.003000 2940
1348 0.003000 2940
1349 0.003000 2940
1350 0.003000 2940
1351 0.003000 2940
1352 0.003000 2940
1353 0.003000 2940
1354 0.003000 2940
1355 0.003000 2940
1356 0.003000 2940
1357 0.003000 2940
1358 0.003000 2940
1359 0.003000 2940
1360 0.003000 2940
1361 0.003000 2940
1362 0.003000 2940
1363 0.003000 2940
1364 0.003000 2940
1365 0.003000 2940
1366 0.003000 2940
1367 0.003000 2940
1368 0.003000 2940
1369 0.003000 2940
1370 0.003000 2940
1371 0.003000 2940
1372 0.003000 2940
1373 0.003000 2940
1374 0.003000 2940
1375 0.003000 2940
1376 0.003000 2940
1377 0.003000 2940
1378 0.003000 2940
1379 0.003000 2940
1380 0.003000 2940
1381 0.003000 2940
1382 0.003000 2940
1383 0.003000 2940
1384 0.003000 2940
1385 0.003000 2940
1386 0.003000 2940
1387 0.003000 2940
1388 0.003000 2940
1389 0.003000 2940
1390 0.003000 2940
1391 0.003000 2940
1392 0.003000 2940
1393 0.003000 2940
1394 0.003000 2940
1395 0.003000 2940
1396 0.003000 2940
1397 0.003000 2940
1398 0.003000 2940
1399 0.003000 2940
1400 0.003000 2940
1401 0.003000 2940
1402 0.003000 2940
1403 0.003000 2940
1404 0.003000 2940
1405 0.003000 2940
1406 0.003000 2940
1407 0.003000 2940
1408 0.003000 2940
1409 0.003000 2940
1410 0.003000 2940
1411 0.003000 2940
1412 0.003000 2940
1413 0.003000 2940
1414 0.003000 2940
1415 0.003000 2940
1416 0.003000 2940
1417 0.003000 2940
1418 0.003000 2940
1419 0.003000 2940
1420 0.003000 2940
1421 0.003000 2940
1422 0.003000 2940
1423 0.003000 2940
1424 0.003000 2940
1425 0.003000 2940
1426 0.003000 2940
1427 0.003000 2940
1428 0.003000 2940
1429 0.003000 2940
1430 0.003000 2940
1431 0.003000 2940
1432 0.003000 2940
1433 0.003000 2940
1434 0.003000 2940
1435 0.003000 2940
1436 0.003000 2940
1437 0.003000 2940
1438 0.003000 2940
1439 0.003000 2940
1440 0.003000 2940
1441 0.003000 2940
1442 0.003000 2940
1443 0.003000 2940
1444 0.003000 2940
1445 0.003000 2940
1446 0.003000 2940
1447 0.003000 2940
1448 0.003000 2940
1449 0.003000 2940
1450 0.003000 2940
1451 0.003000 2940
1452 0.003000 2940
1453 0.003000 2940
1454 0.003000 2940
1455 0.003000 2940
1456 0.003000 2940
1457 0.003000 2940
1458 0.003000 2940
1459 0.003000 2940
1460 0.003000 2940
1461 0.003000 2940
1462 0.003000 2940
1463 0.003000 2940
1464 0.003000 2940
1465 0.003000 2940
1466 0.003000 2940
1467 0.003000 2940
1468 0.003000 2940
1469 0.003000 2940
1470 0.003000 2940
1471 0.003000 2940
1472 0.003000 2940
1473 0.003000 2940
1474 0.003000 2940
1475 0.003000 2940
1476 0.003000 2940
1477 0.003000 2940
1478 0.003000 2940
1479 0.003000 2940
1480 0.003000 2940
1481 0.003000 2940
1482 0.003000 2940
1483 0.003000 2940
1484 0.003000 2940
1485 0.003000 2940
1486 0.003000 2940
1487 0.003000 2940
1488 0.003000 2940
1489 0.003000 2940
1490 0.003000 2940
1491 0.003000 2940
1492 0.003000 2940
1493 0.003000 2940
1494 0.003000 2940
1495 0.003000 2940
1496 0.003000 2940
1497 0.003000 2940
1498 0.003000 2940
1499 0.003000 2940
1500 0.003000 2940
1501 0.003000 2940
1502 0.003000 2940
1503 0.003000 2940
1504 0.003000 2940
1505 0.003000 2940
1506 0.003000 2940
1507 0.003000 2940
1508 0.003000 2940
1509 0.003000 2940
1510 0.003000 2940
1511 0.003000 2940
1512 0.003000 2940
1513 0.003000 2940
1514 0.003000 2940
1515 0.003000 2940
1516 0.003000 2940
1517 0.003000 2940
1518 0.003000 2940
1519 0.003000 2940
1520 0.003000 2940
1521 0.003000 2940
1522 0.004000 2940
1523 0.004000 2940
1524 0.004000 2940
1525 0.004000 2940
1526 0.004000 2940
1527 0.004000 2940
1528 0.004000 2940
1529 0.004000 2940
1530 0.004000 2940
1531 0.004000 2940
1532 0.004000 2940
1533 0.004000 2940
1534 0.004000 2940
1535 0.004000 2940
1536 0.004000 2940
1537 0.004000 2940
1538 0.004000 2940
1539 0.004000 2940
1540 0.004000 2940
1541 0.004000 2940
1542 0.004000 2940
1543 0.004000 2940
1544 0.004000 2940
1545 0.004000 2940
1546 0.004000 2940
1547 0.004000 2940
1548 0.004000 2940
1549 0.004000 2940
1550 0.004000 2940
1551 0.004000 2940
1552 0.004000 2940
1553 0.004000 2940
1554 0.004000 2940
1555 0.004000 2940
1556 0.004000 2940
1557 0.004000 2940
1558 0.004000 2940
1559 0.004000 2940
1560 0.004000 2940
1561 0.004000 2940
1562 0.004000 2940
1563 0.004000 2940
1564 0.004000 2940
1565 0.004000 2940
1566 0.004000 2940
1567 0.004000 2940
1568 0.004000 2940
1569 0.004000 2940
1570 0.004000 2940
1571 0.004000 2940
1572 0.004000 2940
1573 0.004000 2940
1574 0.004000 2940
1575 0.004000 2940
1576 0.004000 2940
1577 0.004000 2940
1578 0.004000 2940
1579 0.004000 2940
1580 0.004000 2940
1581 0.004000 2940
1582 0.004000 2940
1583 0.004000 2940
1584 0.004000 2940
1585 0.004000 2940
1586 0.004000 2940
1587 0.004000 2940
1588 0.004000 2940
1589 0.004000 2940
1590 0.004000 2940
1591 0.004000 2940
1592 0.004000 2940
1593 0.004000 2940
1594 0.004000 2940
1595 0.004000 2940
1596 0.004000 2940
1597 0.004000 2940
1598 0.004000 2940
1599 0.004000 2940
1600 0.004000 2940
1601 0.004000 2940
1602 0.004000 2940
1603 0.004000 2940
1604 0.004000 2940
1605 0.004000 2940
1606 0.004000 2940
1607 0.004000 2940
1608 0.004000 2940
1609 0.004000 2940
1610 0.004000 2940
1611 0.004000 2940
1612 0.004000 2940
1613 0.004000 2940
1614 0.004000 2940
1615 0.004000 2940
1616 0.004000 2940
1617 0.004000 2940
1618 0.004000 2940
1619 0.004000 2940
1620 0.004000 2940
1621 0.004000 2940
1622 0.004000 2940
1623 0.004000 2940
1624 0.004000 2940
1625 0.004000 2940
1626 0.004000 2940
1627 0.004000 2940
1628 0.004000 2940
1629 0.004000 2940
1630 0.004000 2940
1631 0.004000 2940
1632 0.004000 2940
1633 0.004000 2940
1634 0.004000 2940
1635 0.004000 2940
1636 0.004000 2940
1637 0.004000 2940
1638 0.004000 2940
1639 0.004000 2940
1640 0.004000 2940
1641 0.004000 2940
1642 0.004000 2940
1643 0.004000 2940
1644 0.004000 2940
1645 0.004000 2940
1646 0.004000 2940
1647 0.004000 2940
1648 0.004000 2940
1649 0.004000 2940
1650 0.004000 2940
1651 0.004000 2940
1652 0.004000 2940
1653 0.004000 2940
1654 0.004000 2940
1655 0.004000 2940
1656 0.004000 2940
1657 0.004000 2940
1658 0.004000 2940
1659 0.004000 2940
1660 0.004000 2940
1661 0.004000 2940
1662 0.004000 2940
1663 0.004000 2940
1664 0.004000 2940
1665 0.004000 2940
1666 0.004000 2940
1667 0.004000 2940
1668 0.004000 2940
1669 0.004000 2940
1670 0.004000 2940
1671 0.004000 2940
1672 0.004000 2940
1673 0.004000 2940
1674 0.004000 2940
1675 0.004000 2940
1676 0.004000 2940
1677 0.004000 2940
1678 0.004000 2940
1679 0.004000 2940
1680 0.004000 2940
1681 0.004000 2940
1682 0.004000 2940
1683 0.004000 2940
1684 0.004000 2940
1685 0.004000 2940
1686 0.004000 2940
1687 0.004000 2940
1688 0.004000 2940
1689 0.004000 2940
1690 0.004000 2940
1691 0.004000 2940
1692 0.004000 2940
1693 0.004000 2940
1694 0.004000 2940
1695 0.004000 2940
1696 0.004000 2940
1697 0.004000 2940
1698 0.004000 2940
1699 0.004000 2940
1700 0.004000 2940
1701 0.004000 2940
1702 0.004000 2940
1703 0.004000 2940
1704 0.004000 2940
1705 0.004000 2940
1706 0.004000 2940
1707 0.004000 2940
1708 0.004000 2940
1709 0.004000 2940
1710 0.004000 2940
1711 0.004000 2940
1712 0.004000 2940
1713 0.004000 2940
1714 0.004000 2940
1715 0.004000 2940
1716 0.004000 2940
1717 0.004000 2940
1718 0.004000 2940
1719 0.004000 2940
1720 0.004000 2940
1721 0.004000 2940
1722 0.004000 2940
1723 0.004000 2940
1724 0.004000 2940
1725 0.004000 2940
1726 0.004000 2940
1727 0.004000 2940
1728 0.004000 2940
1729 0.004000 2940
1730 0.004000 2940
1731 0.004000 2940
1732 0.004000 2940
1733 0.004000 2940
1734 0.004000 2940
1735 0.004000 2940
1736 0.004000 2940
1737 0.004000 2940
1738 0.004000 2940
1739 0.004000 2940
1740 0.004000 2940
1741 0.004000 2940
1742 0.004000 2940
1743 0.004000 2940
1744 0.004000 2940
1745 0.004000 2940
1746 0.004000 2940
1747 0.004000 2940
1748 0.004000 2940
1749 0.004000 2940
1750 0.004000 2940
1751 0.004000 2940
1752 0.004000 2940
1753 0.004000 2940
1754 0.004000 2940
1755 0.004000 2940
1756 0.004000 2940
1757 0.004000 2940
1758 0.004000 2940
1759 0.004000 2940
1760 0.004000 2940
1761 0.004000 2940
1762 0.004000 2940
1763 0.004000 2940
1764 0.004000 2940
1765 0.004000 2940
1766 0.004000 2940
1767 0.004000 2940
1768 0.004000 2940
1769 0.004000 2940
1770 0.004000 2940
1771 0.004000 2940
1772 0.004000 2940
1773 0.004000 2940
1774 0.004000 2940
1775 0.004000 2940
1776 0.004000 2940
1777 0.004000 2940
1778 0.004000 2940
1779 0.004000 2940
1780 0.004000 2940
1781 0.004000 2940
1782 0.004000 2940
1783 0.004000 2940
1784 0.004000 2940
1785 0.004000 2940
1786 0.004000 2940
1787 0.004000 2940
1788 0.004000 2940
1789 0.004000 2940
1790 0.004000 2940
1791 0.004000 2940
1792 0.004000 2940
1793 0.004000 2940
1794 0.004000 2940
1795 0.004000 2940
1796 0.004000 2940
1797 0.004000 2940
1798 0.004000 2940
1799 0.004000 2940
1800 0.004000 2940
1801 0.004000 2940
1802 0.004000 2940
1803 0.004000 2940
1804 0.004000 2940
1805 0.004000 2940
1806 0.004000 2940
1807 0.004000 2940
1808 0.004000 2940
1809 0.004000 2940
1810 0.004000 2940
1811 0.004000 2940
1812 0.004000 2940
1813 0.004000 2940
1814 0.004000 2940
1815 0.004000 2940
1816 0.004000 2940
1817 0.004000 2940
1818 0.004000 2940
1819 0.004000 2940
1820 0.004000 2940
1821 0.004000 2940
1822 0.004000 2940
1823 0.004000 2940
1824 0.004000 2940
1825 0.004000 2940
1826 0.004000 2940
1827 0.004000 2940
1828 0.004000 2940
1829 0.004000 2940
1830 0.004000 2940
1831 0.004000 2940
1832 0.004000 2940
1833 0.004000 2940
1834 0.004000 2940
1835 0.004000 2940
1836 0.004000 2940
1837 0.004000 2940
1838 0.004000 2940
1839 0.004000 2940
1840 0.004000 2940
1841 0.004000 2940
1842 0.004000 2940
1843 0.004000 2940
1844 0.004000 2940
1845 0.004000 2940
1846 0.004000 2940
1847 0.004000 2940
1848 0.004000 2940
1849 0.004000 2940
1850 0.004000 2940
1851 0.004000 2940
1852 0.004000 2940
1853 0.004000 2940
1854 0.004000 2940
1855 0.004000 2940
1856 0.004000 2940
1857 0.004000 2940
1858 0.004000 2940
1859 0.004000 2940
1860 0.004000 2940
1861 0.004000 2940
1862 0.004000 2940
1863 0.004000 2940
1864 0.004000 2940
1865 0.004000 2940
1866 0.004000 2940
1867 0.004000 2940
1868 0.004000 2940
1869 0.004000 2940
1870 0.004000 2940
1871 0.004000 2940
1872 0.004000 2940
1873 0.004000 2940
1874 0.004000 2940
1875 0.004000 2940
1876 0.004000 2940
1877 0.004000 2940
1878 0.004000 2940
1879 0.004000 2940
1880 0.004000 2940
1881 0.004000 2940
1882 0.004000 2940
1883 0.004000 2940
1884 0.004000 2940
1885 0.004000 2940
1886 0.004000 2940
1887 0.004000 2940
1888 0.004000 2940
1889 0.004000 2940
1890 0.004000 2940
1891 0.004000 2940
1892 0.004000 2940
1893 0.004000 2940
1894 0.004000 2940
1895 0.004000 2940
1896 0.004000 2940
1897 0.004000 2940
1898 0.004000 2940
1899 0.004000 2940
1900 0.004000 2940
1901 0.004000 2940
1902 0.004000 2940
1903 0.004000 2940
1904 0.004000 2940
1905 0.004000 2940
1906 0.004000 2940
1907 0.004000 2940
1908 0.004000 2940
1909 0.004000 2940
1910 0.004000 2940
1911 0.004000 2940
1912 0.004000 2940
1913 0.004000 2940
1914 0.004000 2940
1915 0.004000 2940
1916 0.004000 2940
1917 0.004000 2940
1918 0.004000 2940
1919 0.004000 2940
1920 0.004000 2940
1921 0.004000 2940
1922 0.004000 2940
1923 0.004000 2940
1924 0.004000 2940
1925 0.004000 2940
1926 0.004000 2940
1927 0.004000 2940
1928 0.004000 2940
1929 0.004000 2940
1930 0.004000 2940
1931 0.004000 2940
1932 0.004000 2940
1933 0.004000 2940
1934 0.004000 2940
1935 0.004000 2940
1936 0.004000 2940
1937 0.004000 2940
1938 0.004000 2940
1939 0.004000 2940
1940 0.004000 2940
1941 0.004000 2940
1942 0.004000 2940
1943 0.004000 2940
1944 0.004000 2940
1945 0.004000 2940
1946 0.004000 2940
1947 0.004000 2940
1948 0.004000 2940
1949 0.004000 2940
1950 0.004000 2940
1951 0.004000 2940
1952 0.004000 2940
1953 0.004000 2940
1954 0.004000 2940
1955 0.004000 2940
1956 0.004000 2940
1957 0.004000 2940
1958 0.004000 2940
1959 0.004000 2940
1960 0.004000 2940
1961 0.004000 2940
1962 0.004000 2940
1963 0.004000 2940
1964 0.004000 2940
1965 0.004000 2940
1966 0.004000 2940
1967 0.004000 2940
1968 0.004000 2940
1969 0.004000 2940
1970 0.004000 2940
1971 0.004000 2940
1972 0.004000 2940
1973 0.004000 2940
1974 0.004000 2940
1975 0.004000 2940
1976 0.004000 2940
1977 0.004000 2940
1978 0.004000 2940
1979 0.004000 2940
1980 0.004000 2940
1981 0.004000 2940
1982 0.004000 2940
1983 0.004000 2940
1984 0.004000 2940
1985 0.004000 2940
1986 0.004000 2940
1987 0.004000 2940
1988 0.004000 2940
1989 0.004000 2940
1990 0.004000 2940
1991 0.004000 2940
1992 0.004000 2940
1993 0.004000 2940
1994 0.004000 2940
1995 0.004000 2940
1996 0.004000 2940
1997 0.004000 2940
1998 0.004000 2940
1999 0.004000 2940
2000 0.004000 2940
2001 0.004000 2940
2002 0.004000 2940
2003 0.004000 2940
2004 0.004000 2940
2005 0.004000 2940
2006 0.004000 2940
2007 0.004000 2940
2008 0.004000 2940
2009 0.004000 2940
2010 0.004000 2940
2011 0.004000 2940
2012 0.004000 2940
2013 0.004000 2940
2014 0.004000 2940
2015 0.004000 2940
2016 0.004000 2940
2017 0.004000 2940
2018 0.004000 2940
2019 0.004000 2940
2020 0.004000 2940
2021 0.004000 2940
2022 0.004000 2940
2023 0.004000 2940
2024 0.004000 2940
2025 0.004000 2940
2026 0.004000 2940
2027 0.004000 2940
2028 0.004000 2940
2029 0.004000 2940
2030 0.004000 2940
2031 0.004000 2940
2032 0.004000 2940
2033 0.004000 2940
2034 0.004000 2940
2035 0.004000 2940
2036 0.004000 2940
2037 0.004000 2940
2038 0.004000 2940
2039 0.004000 2940
2040 0.004000 2940
2041 0.004000 2940
2042 0.004000 2940
2043 0.004000 2940
2044 0.004000 2940
2045 0.004000 2940
2046 0.004000 2940
2047 0.004000 2940
2048 0.004000 2940
2049 0.004000 2940
2050 0.004000 2940
2051 0.004000 2940
2052 0.004000 2940
2053 0.004000 2940
2054 0.004000 2940
2055 0.004000 2940
2056 0.004000 2940
2057 0.004000 2940
2058 0.004000 2940
2059 0.004000 2940
2060 0.004000 2940
2061 0.004000 2940
2062 0.004000 2940
2063 0.004000 2940
2064 0.004000 2940
2065 0.004000 2940
2066 0.004000 2940
2067 0.004000 2940
2068 0.004000 2940
2069 0.004000 2940
2070 0.004000 2940
2071 0.004000 2940
2072 0.004000 2940
2073 0.004000 2940
2074 0.004000 2940
2075 0.004000 2940
2076 0.004000 2940
2077 0.004000 2940
2078 0.004000 2940
2079 0.004000 2940
2080 0.004000 2940
2081 0.004000 2940
2082 0.004000 2940
2083 0.004000 2940
2084 0.004000 2940
2085 0.004000 2940
2086 0.004000 2940
2087 0.004000 2940
2088 0.004000 2940
2089 0.004000 2940
2090 0.004000 2940
2091 0.004000 2940
2092 0.004000 2940
2093 0.004000 2940
2094 0.004000 2940
2095 0.004000 2940
2096 0.004000 2940
2097 0.004000 2940
2098 0.004000 2940
2099 0.004000 2940
2100 0.004000 2940
2101 0.004000 2940
2102 0.004000 2940
2103 0.004000 2940
2104 0.004000 2940
2105 0.004000 2940
2106 0.004000 2940
2107 0.004000 2940
2108 0.004000 2940
2109 0.004000 2940
2110 0.004000 2940
2111 0.004000 2940
2112 0.004000 2940
2113 0.004000 2940
2114 0.004000 2940
2115 0.004000 2940
2116 0.004000 2940
2117 0.004000 2940
2118 0.004000 2940
2119 0.004000 2940
2120 0.004000 2940
2121 0.004000 2940
2122 0.004000 2940
2123 0.004000 2940
2124 0.004000 2940
2125 0.004000 2940
2126 0.004000 2940
2127 0.004000 2940
2128 0.004000 2940
2129 0.004000 2940
2130 0.004000 2940
2131 0.004000 2940
2132 0.004000 2940
2133 0.004000 2940
2134 0.004000 2940
2135 0.004000 2940
2136 0.004000 2940
2137 0.004000 2940
2138 0.004000 2940
2139 0.004000 2940
2140 0.004000 2940
2141 0.004000 2940
2142 0.004000 2940
2143 0.004000 2940
2144 0.004000 2940
2145 0.004000 2940
2146 0.004000 2940
2147 0.004000 2940
2148 0.004000 2940
2149 0.004000 2940
2150 0.004000 2940
2151 0.004000 2940
2152 0.004000 2940
2153 0.004000 2940
2154 0.004000 2940
2155 0.004000 2940
2156 0.004000 2940
2157 0.004000 2940
2158 0.004000 2940
2159 0.004000 2940
2160 0.004000 2940
2161 0.004000 2940
2162 0.004000 2940
2163 0.004000 2940
2164 0.004000 2940
2165 0.004000 2940
2166 0.004000 2940
2167 0.004000 2940
2168 0.004000 2940
2169 0.004000 2940
2170 0.004000 2940
2171 0.004000 2940
2172 0.004000 2940
2173 0.004000 2940
2174 0.004000 2940
2175 0.004000 2940
2176 0.004000 2940
2177 0.004000 2940
2178 0.004000 2940
2179 0.004000 2940
2180 0.004000 2940
2181 0.004000 2940
2182 0.004000 2940
2183 0.004000 2940
2184 0.004000 2940
2185 0.004000 2940
2186 0.004000 2940
2187 0.004000 2940
2188 0.004000 2940
2189 0.004000 2940
2190 0.004000 2940
2191 0.004000 2940
2192 0.004000 2940
2193 0.004000 2940
2194 0.004000 2940
2195 0.004000 2940
2196 0.004000 2940
2197 0.004000 2940
2198 0.004000 2940
2199 0.004000 2940
2200 0.004000 2940
2201 0.004000 2940
2202 0.004000 2940
2203 0.004000 2940
2204 0.004000 2940
2205 0.004000 2940
2206 0.004000 2940
2207 0.004000 2940
2208 0.004000 2940
2209 0.004000 2940
2210 0.004000 2940
2211 0.004000 2940
2212 0.004000 2940
2213 0.004000 2940
2214 0.004000 2940
2215 0.004000 2940
2216 0.004000 2940
2217 0.004000 2940
2218 0.004000 2940
2219 0.004000 2940
2220 0.004000 2940
2221 0.004000 2940
2222 0.004000 2940
2223 0.004000 2940
2224 0.004000 2940
2225 0.004000 2940
2226 0.004000 2940
2227 0.004000 2940
2228 0.004000 2940
2229 0.004000 2940
2230 0.004000 2940
2231 0.004000 2940
2232 0.004000 2940
2233 0.004000 2940
2234 0.004000 2940
2235 0.004000 2940
2236 0.004000 2940
2237 0.004000 2940
2238 0.004000 2940
2239 0.004000 2940
2240 0.004000 2940
2241 0.004000 2940
2242 0.004000 2940
2243 0.004000 2940
2244 0.004000 2940
2245 0.004000 2940
2246 0.004000 2940
2247 0.004000 2940
2248 0.004000 2940
2249 0.004000 2940
2250 0.004000 2940
2251 0.004000 2940
2252 0.004000 2940
2253 0.004000 2940
2254 0.004000 2940
2255 0.004000 2940
2256 0.004000 2940
2257 0.004000 2940
2258 0.004000 2940
2259 0.004000 2940
2260 0.004000 2940
2261 0.004000 2940
2262 0.004000 2940
2263 0.004000 2940
2264 0.004000 2940
2265 0.004000 2940
2266 0.004000 2940
2267 0.004000 2940
2268 0.004000 2940
2269 0.004000 2940
2270 0.004000 2940
2271 0.004000 2940
2272 0.004000 2940
2273 0.004000 2940
2274 0.004000 2940
2275 0.004000 2940
2276 0.004000 2940
2277 0.004000 2940
2278 0.004000 2940
2279 0.004000 2940
2280 0.004000 2940
2281 0.004000 2940
2282 0.004000 2940
2283 0.004000 2940
2284 0.004000 2940
2285 0.004000 2940
2286 0.004000 2940
2287 0.004000 2940
2288 0.004000 2940
2289 0.004000 2940
2290 0.004000 2940
2291 0.004000 2940
2292 0.004000 2940
2293 0.004000 2940
2294 0.004000 2940
2295 0.004000 2940
2296 0.004000 2940
2297 0.004000 2940
2298 0.004000 2940
2299 0.004000 2940
2300 0.004000 2940
2301 0.004000 2940
2302 0.004000 2940
2303 0.004000 2940
2304 0.004000 2940
2305 0.004000 2940
2306 0.004000 2940
2307 0.004000 2940
2308 0.004000 2940
2309 0.004000 2940
2310 0.004000 2940
2311 0.004000 2940
2312 0.004000 2940
2313 0.004000 2940
2314 0.004000 2940
2315 0.004000 2940
2316 0.004000 2940
2317 0.004000 2940
2318 0.004000 2940
2319 0.004000 2940
2320 0.004000 2940
2321 0.004000 2940
2322 0.004000 2940
2323 0.004000 2940
2324 0.004000 2940
2325 0.004000 2940
2326 0.004000 2940
2327 0.004000 2940
2328 0.004000 2940
2329 0.004000 2940
2330 0.004000 2940
2331 0.004000 2940
2332 0.004000 2940
2333 0.004000 2940
2334 0.004000 2940
2335 0.004000 2940
2336 0.004000 2940
2337 0.004000 2940
2338 0.004000 2940
2339 0.004000 2940
2340 0.004000 2940
2341 0.004000 2940
2342 0.004000 2940
2343 0.004000 2940
2344 0.004000 2940
2345 0.004000 2940
2346 0.004000 2940
2347 0.004000 2940
2348 0.004000 2940
2349 0.004000 2940
2350 0.004000 2940
2351 0.004000 2940
2352 0.004000 2940
2353 0.004000 2940
2354 0.004000 2940
2355 0.004000 2940
2356 0.004000 2940
2357 0.004000 2940
2358 0.004000 2940
2359 0.004000 2940
2360 0.004000 2940
2361 0.004000 2940
2362 0.004000 2940
2363 0.004000 2940
2364 0.004000 2940
2365 0.004000 2940
2366 0.004000 2940
2367 0.004000 2940
2368 0.004000 2940
2369 0.004000 2940
2370 0.004000 2940
2371 0.004000 2940
2372 0.004000 2940
2373 0.004000 2940
2374 0.004000 2940
2375 0.004000 2940
2376 0.004000 2940
2377 0.004000 2940
2378 0.004000 2940
2379 0.004000 2940
2380 0.004000 2940
2381 0.004000 2940
2382 0.004000 2940
2383 0.004000 2940
2384 0.004000 2940
2385 0.004000 2940
2386 0.004000 2940
2387 0.004000 2940
2388 0.004000 2940
2389 0.004000 2940
2390 0.004000 2940
2391 0.004000 2940
2392 0.004000 2940
2393 0.004000 2940
2394 0.004000 2940
2395 0.004000 2940
2396 0.004000 2940
2397 0.004000 2940
2398 0.004000 2940
2399 0.004000 2940
2400 0.004000 2940
2401 0.004000 2940
2402 0.004000 2940
2403 0.004000 2940
2404 0.004000 2940
2405 0.004000 2940
2406 0.004000 2940
2407 0.004000 2940
2408 0.004000 2940
2409 0.004000 2940
2410 0.004000 2940
2411 0.004000 2940
2412 0.004000 2940
2413 0.004000 2940
2414 0.004000 2940
2415 0.004000 2940
2416 0.004000 2940
2417 0.004000 2940
2418 0.004000 2940
2419 0.004000 2940
2420 0.004000 2940
2421 0.004000 2940
2422 0.004000 2940
2423 0.004000 2940
2424 0.004000 2940
2425 0.004000 2940
2426 0.004000 2940
2427 0.004000 2940
2428 0.004000 2940
2429 0.004000 2940
2430 0.004000 2940
2431 0.004000 2940
2432 0.004000 2940
2433 0.004000 2940
2434 0.004000 2940
2435 0.004000 2940
2436 0.004000 2940
2437 0.004000 2940
2438 0.004000 2940
2439 0.004000 2940
2440 0.004000 2940
2441 0.004000 2940
2442 0.004000 2940
2443 0.004000 2940
2444 0.004000 2940
2445 0.004000 2940
2446 0.004000 2940
2447 0.004000 2940
2448 0.004000 2940
2449 0.004000 2940
2450 0.004000 2940
2451 0.004000 2940
2452 0.004000 2940
2453 0.004000 2940
2454 0.004000 2940
2455 0.004000 2940
2456 0.004000 2940
2457 0.004000 2940
2458 0.004000 2940
2459 0.004000 2940
2460 0.004000 2940
2461 0.004000 2940
2462 0.004000 2940
2463 0.004000 2940
2464 0.004000 2940
2465 0.004000 2940
2466 0.004000 2940
2467 0.004000 2940
2468 0.004000 2940
2469 0.004000 2940
2470 0.004000 2940
2471 0.004000 2940
2472 0.004000 2940
2473 0.004000 2940
2474 0.004000 2940
2475 0.004000 2940
2476 0.004000 2940
2477 0.004000 2940
2478 0.004000 2940
2479 0.004000 2940
2480 0.004000 2940
2481 0.004000 2940
2482 0.004000 2940
2483 0.004000 2940
2484 0.004000 2940
2485 0.004000 2940
2486 0.004000 2940
2487 0.005000 2940
2488 0.005000 2940
2489 0.005000 2940
2490 0.005000 2940
2491 0.005000 2940
2492 0.005000 2940
2493 0.005000 2940
2494 0.005000 2940
2495 0.005000 2940
2496 0.005000 2940
2497 0.005000 2940
2498 0.005000 2940
2499 0.005000 2940
2500 0.005000 2940
2501 0.005000 2940
2502 0.005000 2940
2503 0.005000 2940
2504 0.005000 2940
2505 0.005000 2940
2506 0.005000 2940
2507 0.005000 2940
2508 0.005000 2940
2509 0.005000 2940
2510 0.005000 2940
2511 0.005000 2940
2512 0.005000 2940
2513 0.005000 2940
2514 0.005000 2940
2515 0.005000 2940
2516 0.005000 2940
2517 0.005000 2940
2518 0.005000 2940
2519 0.005000 2940
2520 0.005000 2940
2521 0.005000 2940
2522 0.005000 2940
2523 0.005000 2940
2524 0.005000 2940
2525 0.005000 2940
2526 0.005000 2940
2527 0.005000 2940
2528 0.005000 2940
2529 0.005000 2940
2530 0.005000 2940
2531 0.005000 2940
2532 0.005000 2940
2533 0.005000 2940
2534 0.005000 2940
2535 0.005000 2940
2536 0.005000 2940
2537 0.005000 2940
2538 0.005000 2940
2539 0.005000 2940
2540 0.005000 2940
2541 0.005000 2940
2542 0.005000 2940
2543 0.005000 2940
2544 0.005000 2940
2545 0.005000 2940
2546 0.005000 2940
2547 0.005000 2940
2548 0.005000 2940
2549 0.005000 2940
2550 0.005000 2940
2551 0.005000 2940
2552 0.005000 2940
2553 0.005000 2940
2554 0.005000 2940
2555 0.005000 2940
2556 0.005000 2940
2557 0.005000 2940
2558 0.005000 2940
2559 0.005000 2940
2560 0.005000 2940
2561 0.005000 2940
2562 0.005000 2940
2563 0.005000 2940
2564 0.005000 2940
2565 0.005000 2940
2566 0.005000 2940
2567 0.005000 2940
2568 0.005000 2940
2569 0.005000 2940
2570 0.005000 2940
2571 0.005000 2940
2572 0.005000 2940
2573 0.005000 2940
2574 0.005000 2940
2575 0.005000 2940
2576 0.005000 2940
2577 0.005000 2940
2578 0.005000 2940
2579 0.005000 2940
2580 0.005000 2940
2581 0.005000 2940
2582 0.005000 2940
2583 0.005000 2940
2584 0.005000 2940
2585 0.005000 2940
2586 0.005000 2940
2587 0.005000 2940
2588 0.005000 2940
2589 0.005000 2940
2590 0.005000 2940
2591 0.005000 2940
2592 0.005000 2940
2593 0.005000 2940
2594 0.005000 2940
2595 0.005000 2940
2596 0.005000 2940
2597 0.005000 2940
2598 0.005000 2940
2599 0.005000 2940
2600 0.005000 2940
2601 0.005000 2940
2602 0.005000 2940
2603 0.005000 2940
2604 0.005000 2940
2605 0.005000 2940
2606 0.005000 2940
2607 0.005000 2940
2608 0.005000 2940
2609 0.005000 2940
2610 0.005000 2940
2611 0.005000 2940
2612 0.005000 2940
2613 0.005000 2940
2614 0.005000 2940
2615 0.005000 2940
2616 0.005000 2940
2617 0.005000 2940
2618 0.005000 2940
2619 0.005000 2940
2620 0.005000 2940
2621 0.005000 2940
2622 0.005000 2940
2623 0.005000 2940
2624 0.005000 2940
2625 0.005000 2940
2626 0.005000 2940
2627 0.005000 2940
2628 0.005000 2940
2629 0.005000 2940
2630 0.005000 2940
2631 0.005000 2940
2632 0.005000 2940
2633 0.005000 2940
2634 0.005000 2940
2635 0.005000 2940
2636 0.005000 2940
2637 0.005000 2940
2638 0.005000 2940
2639 0.005000 2940
2640 0.005000 2940
2641 0.005000 2940
2642 0.005000 2940
2643 0.005000 2940
2644 0.005000 2940
2645 0.005000 2940
2646 0.005000 2940
2647 0.005000 2940
2648 0.005000 2940
2649 0.005000 2940
2650 0.005000 2940
2651 0.005000 2940
2652 0.005000 2940
2653 0.005000 2940
2654 0.005000 2940
2655 0.005000 2940
2656 0.005000 2940
2657 0.005000 2940
2658 0.005000 2940
2659 0.005000 2940
2660 0.005000 2940
2661 0.005000 2940
2662 0.005000 2940
2663 0.005000 2940
2664 0.005000 2940
2665 0.005000 2940
2666 0.005000 2940
2667 0.005000 2940
2668 0.005000 2940
2669 0.005000 2940
2670 0.005000 2940
2671 0.005000 2940
2672 0.005000 2940
2673 0.005000 2940
2674 0.005000 2940
2675 0.005000 2940
2676 0.005000 2940
2677 0.005000 2940
2678 0.005000 2940
2679 0.005000 2940
2680 0.005000 2940
2681 0.005000 2940
2682 0.005000 2940
2683 0.005000 2940
2684 0.005000 2940
2685 0.005000 2940
2686 0.005000 2940
2687 0.005000 2940
2688 0.005000 2940
2689 0.005000 2940
2690 0.005000 2940
2691 0.005000 2940
2692 0.005000 2940
2693 0.005000 2940
2694 0.005000 2940
2695 0.005000 2940
2696 0.005000 2940
2697 0.005000 2940
2698 0.006000 2940
2699 0.006000 2940
2700 0.006000 2940
2701 0.006000 2940
2702 0.006000 2940
2703 0.006000 2940
2704 0.006000 2940
2705 0.006000 2940
2706 0.006000 2940
2707 0.006000 2940
2708 0.006000 2940
2709 0.006000 2940
2710 0.006000 2940
2711 0.006000 2940
2712 0.006000 2940
2713 0.006000 2940
2714 0.006000 2940
2715 0.006000 2940
2716 0.006000 2940
2717 0.006000 2940
2718 0.006000 2940
2719 0.006000 2940
2720 0.006000 2940
2721 0.006000 2940
2722 0.006000 2940
2723 0.006000 2940
2724 0.006000 2940
2725 0.006000 2940
2726 0.006000 2940
2727 0.006000 2940
2728 0.006000 2940
2729 0.006000 2940
2730 0.006000 2940
2731 0.006000 2940
2732 0.006000 2940
2733 0.006000 2940
2734 0.006000 2940
2735 0.006000 2940
2736 0.006000 2940
2737 0.006000 2940
2738 0.006000 2940
2739 0.006000 2940
2740 0.006000 2940
2741 0.006000 2940
2742 0.006000 2940
2743 0.006000 2940
2744 0.006000 2940
2745 0.006000 2940
2746 0.006000 2940
2747 0.006000 2940
2748 0.006000 2940
2749 0.006000 2940
2750 0.006000 2940
2751 0.006000 2940
2752 0.006000 2940
2753 0.006000 2940
2754 0.006000 2940
2755 0.006000 2940
2756 0.006000 2940
2757 0.006000 2940
2758 0.006000 2940
2759 0.006000 2940
2760 0.006000 2940
2761 0.006000 2940
2762 0.006000 2940
2763 0.006000 2940
2764 0.006000 2940
2765 0.006000 2940
2766 0.006000 2940
2767 0.006000 2940
2768 0.006000 2940
2769 0.006000 2940
2770 0.006000 2940
2771 0.006000 2940
2772 0.006000 2940
2773 0.006000 2940
2774 0.006000 2940
2775 0.006000 2940
2776 0.006000 2940
2777 0.006000 2940
2778 0.006000 2940
2779 0.006000 2940
2780 0.006000 2940
2781 0.006000 2940
2782 0.006000 2940
2783 0.006000 2940
2784 0.006000 2940
2785 0.006000 2940
2786 0.006000 2940
2787 0.006000 2940
2788 0.006000 2940
2789 0.006000 2940
2790 0.006000 2940
2791 0.006000 2940
2792 0.006000 2940
2793 0.006000 2940
2794 0.006000 2940
2795 0.006000 2940
2796 0.006000 2940
2797 0.006000 2940
2798 0.006000 2940
2799 0.006000 2940
2800 0.006000 2940
2801 0.006000 2940
2802 0.006000 2940
2803 0.006000 2940
2804 0.006000 2940
2805 0.006000 2940
2806 0.006000 2940
2807 0.006000 2940
2808 0.006000 2940
2809 0.006000 2940
2810 0.006000 2940
2811 0.006000 2940
2812 0.006000 2940
2813 0.006000 2940
2814 0.006000 2940
2815 0.006000 2940
2816 0.006000 2940
2817 0.006000 2940
2818 0.006000 2940
2819 0.006000 2940
2820 0.006000 2940
2821 0.006000 2940
2822 0.006000 2940
2823 0.006000 2940
2824 0.006000 2940
2825 0.006000 2940
2826 0.006000 2940
2827 0.006000 2940
2828 0.006000 2940
2829 0.006000 2940
2830 0.006000 2940
2831 0.006000 2940
2832 0.006000 2940
2833 0.006000 2940
2834 0.006000 2940
2835 0.006000 2940
2836 0.006000 2940
2837 0.006000 2940
2838 0.006000 2940
2839 0.007000 2940
2840 0.007000 2940
2841 0.007000 2940
2842 0.007000 2940
2843 0.007000 2940
2844 0.007000 2940
2845 0.007000 2940
2846 0.007000 2940
2847 0.007000 2940
2848 0.007000 2940
2849 0.007000 2940
2850 0.007000 2940
2851 0.007000 2940
2852 0.007000 2940
2853 0.007000 2940
2854 0.007000 2940
2855 0.007000 2940
2856 0.007000 2940
2857 0.007000 2940
2858 0.007000 2940
2859 0.007000 2940
2860 0.007000 2940
2861 0.007000 2940
2862 0.007000 2940
2863 0.007000 2940
2864 0.007000 2940
2865 0.007000 2940
2866 0.007000 2940
2867 0.007000 2940
2868 0.007000 2940
2869 0.007000 2940
2870 0.007000 2940
2871 0.007000 2940
2872 0.007000 2940
2873 0.007000 2940
2874 0.007000 2940
2875 0.007000 2940
2876 0.007000 2940
2877 0.007000 2940
2878 0.007000 2940
2879 0.007000 2940
2880 0.007000 2940
2881 0.007000 2940
2882 0.007000 2940
2883 0.007000 2940
2884 0.007000 2940
2885 0.007000 2940
2886 0.007000 2940
2887 0.007000 2940
2888 0.007000 2940
2889 0.007000 2940
2890 0.007000 2940
2891 0.008000 2940
2892 0.008000 2940
2893 0.008000 2940
2894 0.008000 2940
2895 0.008000 2940
2896 0.008000 2940
2897 0.008000 2940
2898 0.008000 2940
2899 0.008000 2940
2900 0.008000 2940
2901 0.008000 2940
2902 0.008000 2940
2903 0.008000 2940
2904 0.008000 2940
2905 0.008000 2940
2906 0.008000 2940
2907 0.008000 2940
2908 0.008000 2940
2909 0.008000 2940
2910 0.008000 2940
2911 0.008000 2940
2912 0.008000 2940
2913 0.008000 2940
2914 0.008000 2940
2915 0.008000 2940
2916 0.008000 2940
2917 0.008000 2940
2918 0.008000 2940
2919 0.008000 2940
2920 0.008000 2940
2921 0.008000 2940
2922 0.008000 2940
2923 0.008000 2940
2924 0.008000 2940
2925 0.008000 2940
2926 0.008000 2940
2927 0.008000 2940
2928 0.008000 2940
2929 0.008000 2940
2930 0.008000 2940
2931 0.008000 2940
2932 0.008000 2940
2933 0.008000 2940
2934 0.008000 2940
2935 0.008000 2940
2936 0.008000 2940
2937 0.008000 2940
2938 0.008000 2940
2939 0.008000 2940
2940 0.008000 2940
2941 0.008000 2940
2942 0.008000 2940
2943 0.008000 2940
2944 0.008000 2940
2945 0.008000 2940
2946 0.008000 2940
2947 0.008000 2940
2948 0.008000 2940
2949 0.008000 2940
2950 0.008000 2940
2951 0.008000 2940
2952 0.008000 2940
2953 0.008000 2940
2954 0.008000 2940
2955 0.008000 2940
2956 0.008000 2940
2957 0.008000 2940
2958 0.008000 2940
2959 0.008000 2940
2960 0.008000 2940
2961 0.008000 2940
2962 0.008000 2940
2963 0.008000 2940
2964 0.008000 2940
2965 0.008000 2940
2966 0.008000 2940
2967 0.008000 2940
2968 0.008000 2940
2969 0.008000 2940
2970 0.008000 2940
2971 0.008000 2940
2972 0.008000 2940
2973 0.008000 2940
2974 0.008000 2940
2975 0.008000 2940
2976 0.008000 2940
2977 0.008000 2940
2978 0.008000 2940
2979 0.008000 2940
2980 0.008000 2940
2981 0.008000 2940
2982 0.008000 2940
2983 0.008000 2940
2984 0.008000 2940
2985 0.008000 2940
2986 0.008000 2940
2987 0.008000 2940
2988 0.008000 2940
2989 0.008000 2940
2990 0.008000 2940
2991 0.008000 2940
2992 0.008000 2940
2993 0.008000 2940
2994 0.008000 2940
2995 0.008000 2940
2996 0.008000 2940
2997 0.008000 2940
2998 0.008000 2940
2999 0.008000 2940
3000 0.008000 2940
# Final Best Cost: 2940
