# Instance: eil101.tsp
# Method: simulated-annealing
# output: step cost
0 3654
0.000000 3406
0.000000 3323
0.000000 3020
0.000000 3004
0.000000 3004
0.000000 3004
0.000000 3004
0.000000 3004
0.000000 3004
0.000000 2998
0.000000 2968
0.000000 2968
0.000000 2968
0.000000 2968
0.000000 2968
0.000000 2968
0.000000 2968
0.000000 2968
0.000000 2968
0.001000 2968
0.001000 2968
0.001000 2968
0.001000 2968
0.001000 2968
0.001000 2968
0.001000 2968
0.001000 2968
0.001000 2968
0.001000 2968
0.001000 2968
0.001000 2968
0.001000 2968
0.001000 2968
0.001000 2968
0.001000 2968
0.001000 2968
0.001000 2968
0.001000 2968
0.001000 2968
0.001000 2968
0.001000 2968
0.001000 2968
0.001000 2968
0.001000 2968
0.001000 2968
0.001000 2968
0.001000 2968
0.001000 2968
0.001000 2968
0.001000 2968
0.001000 2968
0.001000 2968
0.001000 2968
0.001000 2968
0.002000 2968
0.002000 2968
0.002000 2968
0.002000 2788
0.002000 2788
0.002000 2788
0.002000 2788
0.002000 2788
0.002000 2788
0.002000 2788
0.002000 2788
0.002000 2788
0.002000 2788
0.002000 2788
0.002000 2788
0.002000 2788
0.002000 2788
0.002000 2788
0.002000 2788
0.002000 2788
0.002000 2788
0.002000 2788
0.002000 2788
0.002000 2788
0.002000 2788
0.002000 2788
0.002000 2788
0.002000 2788
0.002000 2788
0.002000 2788
0.002000 2788
0.002000 2788
0.002000 2788
0.002000 2788
0.002000 2788
0.002000 2788
0.003000 2788
0.003000 2788
0.003000 2788
0.003000 2788
0.003000 2788
0.003000 2788
0.003000 2788
0.003000 2788
0.003000 2788
0.003000 2788
0.003000 2788
0.003000 2788
0.003000 2788
0.003000 2788
0.003000 2788
0.003000 2788
0.003000 2788
0.003000 2788
0.003000 2788
0.003000 2788
0.003000 2788
0.003000 2788
0.003000 2788
0.003000 2788
0.003000 2788
0.003000 2788
0.003000 2788
0.003000 2788
0.003000 2788
0.003000 2788
0.003000 2788
0.003000 2788
0.003000 2788
0.004000 2788
0.004000 2788
0.004000 2788
0.004000 2788
0.004000 2788
0.004000 2788
0.004000 2788
0.004000 2788
0.004000 2788
0.004000 2788
0.004000 2788
0.004000 2788
0.004000 2788
0.004000 2788
0.004000 2788
0.004000 2788
0.004000 2788
0.004000 2788
0.004000 2788
0.004000 2788
0.004000 2788
0.004000 2788
0.004000 2788
0.004000 2788
0.004000 2788
0.004000 2788
0.004000 2788
0.004000 2788
0.004000 2788
0.004000 2788
0.004000 2788
0.004000 2788
0.004000 2788
0.004000 2788
0.004000 2788
0.004000 2788
0.005000 2788
0.005000 2788
0.005000 2788
0.005000 2788
0.005000 2788
0.005000 2788
0.005000 2788
0.005000 2788
0.005000 2788
0.005000 2788
0.005000 2788
0.005000 2788
0.005000 2788
0.005000 2788
0.005000 2788
0.005000 2788
0.005000 2788
0.005000 2788
0.005000 2788
0.005000 2788
0.005000 2788
0.005000 2788
0.005000 2788
0.005000 2788
0.005000 2788
0.005000 2788
0.005000 2788
0.005000 2788
0.005000 2788
0.005000 2788
0.005000 2788
0.005000 2788
0.005000 2788
0.006000 2788
0.006000 2788
0.006000 2788
0.006000 2788
0.006000 2788
0.006000 2788
0.006000 2788
0.006000 2788
0.006000 2788
0.006000 2788
0.006000 2788
0.006000 2788
0.006000 2788
0.006000 2788
0.006000 2769
0.006000 2769
0.006000 2769
0.006000 2769
0.006000 2769
0.006000 2769
0.006000 2769
0.006000 2769
0.006000 2769
0.006000 2769
0.006000 2769
0.006000 2769
0.006000 2769
0.006000 2769
0.006000 2769
0.006000 2769
0.006000 2769
0.006000 2769
0.006000 2769
0.006000 2769
0.006000 2769
0.007000 2769
0.007000 2769
0.007000 2769
0.007000 2769
0.007000 2769
0.007000 2769
0.007000 2769
0.007000 2769
0.007000 2769
0.007000 2769
0.007000 2769
0.007000 2769
0.007000 2769
0.007000 2769
0.007000 2769
0.007000 2769
0.007000 2769
0.007000 2769
0.007000 2769
0.007000 2769
0.007000 2769
0.007000 2769
0.007000 2769
0.007000 2769
0.007000 2769
0.007000 2769
0.007000 2769
0.008000 2769
0.008000 2769
0.008000 2769
0.008000 2769
0.008000 2769
0.008000 2769
0.008000 2769
0.008000 2769
0.008000 2769
0.008000 2769
0.008000 2769
0.008000 2769
0.008000 2769
0.008000 2629
0.008000 2629
0.008000 2629
0.008000 2629
0.008000 2629
0.008000 2629
0.008000 2629
0.008000 2629
0.008000 2629
0.008000 2629
0.008000 2629
0.008000 2629
0.008000 2629
0.008000 2629
0.008000 2629
0.008000 2629
0.008000 2629
0.008000 2629
0.008000 2629
0.008000 2629
0.008000 2629
0.008000 2629
0.008000 2629
0.008000 2629
0.008000 2629
0.008000 2629
0.008000 2629
0.008000 2629
0.008000 2629
0.008000 2629
0.008000 2629
0.008000 2629
0.008000 2629
0.008000 2629
0.008000 2629
0.008000 2629
0.008000 2629
0.008000 2629
0.008000 2629
0.008000 2629
0.008000 2629
0.008000 2629
0.008000 2629
0.008000 2629
0.008000 2629
0.008000 2629
0.008000 2629
0.008000 2629
0.008000 2629
0.009000 2629
0.009000 2629
0.009000 2629
0.009000 2520
0.009000 2520
0.009000 2520
0.009000 2520
0.009000 2520
0.009000 2520
0.009000 2520
0.009000 2520
0.009000 2520
0.009000 2520
0.009000 2520
0.009000 2520
0.009000 2520
0.009000 2520
0.009000 2520
0.009000 2520
0.009000 2520
0.009000 2520
0.009000 2510
0.009000 2510
0.009000 2510
0.009000 2510
0.009000 2510
0.009000 2497
0.009000 2497
0.009000 2497
0.009000 2497
0.010000 2497
0.010000 2497
0.010000 2497
0.010000 2497
0.010000 2497
0.010000 2497
0.010000 2497
0.010000 2475
0.010000 2475
0.010000 2475
0.010000 2475
0.010000 2475
0.010000 2475
0.010000 2475
0.010000 2475
0.010000 2475
0.010000 2475
0.010000 2475
0.010000 2475
0.010000 2475
0.010000 2475
0.010000 2475
0.010000 2475
0.010000 2475
0.010000 2475
0.010000 2475
0.010000 2375
0.010000 2373
0.010000 2373
0.010000 2317
0.010000 2317
0.010000 2317
0.011000 2317
0.011000 2317
0.011000 2317
0.011000 2317
0.011000 2317
0.011000 2317
0.011000 2268
0.011000 2266
0.011000 2190
0.011000 2190
0.011000 2190
0.011000 2190
0.011000 2190
0.011000 2190
0.011000 2190
0.011000 2190
0.011000 2190
0.011000 2190
0.011000 2190
0.011000 2190
0.011000 2190
0.011000 2190
0.011000 2190
0.011000 2190
0.011000 2190
0.011000 2190
0.011000 2190
0.011000 2190
0.011000 2190
0.011000 2156
0.011000 2156
0.011000 2151
0.011000 2151
0.011000 2151
0.011000 2151
0.012000 2136
0.012000 2136
0.012000 2136
0.012000 2136
0.012000 2136
0.012000 2136
0.012000 2136
0.012000 2136
0.012000 2136
0.012000 1982
0.012000 1913
0.012000 1913
0.012000 1913
0.012000 1913
0.012000 1913
0.012000 1913
0.012000 1913
0.012000 1913
0.012000 1913
0.012000 1913
0.012000 1913
0.012000 1913
0.012000 1913
0.012000 1913
0.012000 1826
0.012000 1765
0.012000 1765
0.012000 1765
0.012000 1765
0.012000 1765
0.012000 1765
0.012000 1765
0.012000 1765
0.012000 1765
0.012000 1765
0.012000 1765
0.013000 1765
0.013000 1765
0.013000 1765
0.013000 1765
0.013000 1765
0.013000 1765
0.013000 1765
0.013000 1765
0.013000 1765
0.013000 1765
0.013000 1765
0.013000 1765
0.013000 1765
0.013000 1765
0.013000 1765
0.013000 1765
0.013000 1739
0.013000 1655
0.013000 1655
0.013000 1578
0.013000 1489
0.013000 1489
0.013000 1472
0.013000 1452
0.013000 1388
0.013000 1351
0.013000 1351
0.013000 1351
0.013000 1351
0.013000 1351
0.013000 1351
0.013000 1351
0.013000 1351
0.013000 1351
0.013000 1351
0.013000 1351
0.013000 1351
0.013000 1351
0.013000 1351
0.013000 1351
0.013000 1351
0.013000 1351
0.013000 1351
0.013000 1351
0.013000 1351
0.013000 1351
0.013000 1351
0.013000 1336
0.013000 1306
0.013000 1302
0.013000 1302
0.013000 1302
0.013000 1302
0.013000 1302
0.013000 1302
0.013000 1302
0.013000 1302
0.013000 1295
0.013000 1265
0.013000 1265
0.013000 1265
0.013000 1265
0.013000 1252
0.013000 1220
0.013000 1220
0.013000 1220
0.013000 1220
0.013000 1220
0.013000 1220
0.013000 1220
0.014000 1220
0.014000 1220
0.014000 1220
0.014000 1220
0.014000 1220
0.014000 1220
0.014000 1220
0.014000 1216
0.014000 1213
0.014000 1213
0.014000 1213
0.014000 1198
0.014000 1198
0.014000 1174
0.014000 1174
0.014000 1174
0.014000 1108
0.014000 1098
0.014000 1098
0.014000 1098
0.014000 1098
0.014000 1098
0.014000 1098
0.014000 1098
0.014000 1098
0.014000 1098
0.014000 1098
0.014000 1098
0.014000 1098
0.014000 1096
0.014000 1096
0.014000 1074
0.014000 1043
0.014000 1012
0.014000 1007
0.014000 1007
0.015000 1007
0.015000 1007
0.015000 1007
0.015000 1007
0.015000 1007
0.015000 1007
0.015000 1007
0.015000 1005
0.015000 995
0.015000 995
0.015000 995
0.015000 995
0.015000 995
0.015000 995
0.015000 995
0.015000 995
0.015000 995
0.015000 995
0.015000 995
0.015000 987
0.015000 979
0.015000 979
0.015000 979
0.015000 979
0.015000 979
0.015000 979
0.015000 979
0.015000 969
0.015000 969
0.015000 969
0.015000 960
0.015000 950
0.015000 940
0.015000 923
0.015000 922
0.015000 922
0.015000 915
0.016000 909
0.016000 908
0.016000 908
0.016000 895
0.016000 891
0.016000 886
0.016000 875
0.016000 874
0.016000 874
0.016000 862
0.016000 862
0.016000 862
0.016000 862
0.016000 831
0.016000 830
0.016000 830
0.016000 830
0.016000 830
0.016000 830
0.016000 830
0.016000 830
0.016000 830
0.016000 830
0.016000 830
0.016000 830
0.016000 830
0.016000 830
0.016000 830
0.016000 830
0.016000 826
0.016000 826
0.016000 819
0.016000 806
0.016000 797
0.016000 795
0.017000 793
0.017000 789
0.017000 789
0.017000 786
0.017000 786
0.017000 786
0.017000 786
0.017000 786
0.017000 786
0.017000 786
0.017000 786
0.017000 786
0.017000 786
0.017000 786
0.017000 786
0.017000 786
0.017000 779
0.017000 775
0.017000 774
0.017000 769
0.017000 769
0.017000 769
0.017000 755
0.017000 753
0.017000 753
0.017000 750
0.017000 741
0.017000 741
0.017000 741
0.017000 741
0.017000 741
0.017000 741
0.017000 741
0.017000 741
0.017000 741
0.017000 741
0.018000 741
0.018000 741
0.018000 741
0.018000 741
0.018000 741
0.018000 733
0.018000 733
0.018000 733
0.018000 733
0.018000 733
0.018000 731
0.018000 731
0.018000 728
0.018000 728
0.018000 726
0.018000 726
0.018000 726
0.018000 724
0.018000 721
0.018000 721
0.018000 721
0.018000 721
0.018000 721
0.018000 721
0.018000 721
0.018000 721
0.018000 721
0.018000 721
0.018000 721
0.018000 721
0.018000 718
0.018000 709
0.018000 703
0.018000 703
0.018000 703
0.018000 703
0.019000 703
0.019000 703
0.019000 703
0.019000 703
0.019000 703
0.019000 703
0.019000 701
0.019000 699
0.019000 699
0.019000 699
0.019000 699
0.019000 699
0.019000 699
0.019000 699
0.019000 699
0.019000 699
0.019000 699
0.019000 697
0.019000 697
0.019000 697
0.019000 697
0.019000 697
0.019000 697
0.019000 697
0.019000 697
0.019000 695
0.019000 695
0.019000 695
0.019000 692
0.019000 692
0.019000 692
0.019000 692
0.019000 691
0.019000 691
0.019000 691
0.020000 691
0.020000 684
0.020000 684
0.020000 684
0.020000 684
0.020000 684
0.020000 683
0.020000 683
0.020000 683
0.020000 683
0.020000 683
0.020000 683
0.020000 682
0.020000 679
0.020000 679
0.020000 679
0.020000 679
0.020000 679
0.020000 679
0.020000 679
0.020000 670
0.020000 670
0.020000 670
0.020000 670
0.020000 670
0.020000 670
0.020000 670
0.020000 670
0.020000 670
0.020000 670
0.020000 670
0.020000 670
0.020000 670
0.020000 670
0.020000 670
0.020000 670
0.020000 670
0.020000 670
0.020000 670
0.020000 670
0.020000 670
0.020000 670
0.020000 670
0.020000 670
0.020000 670
0.020000 670
0.020000 670
0.020000 670
0.020000 670
0.020000 670
0.020000 670
0.020000 670
0.020000 670
0.020000 670
0.020000 670
0.020000 670
0.020000 670
0.021000 670
0.021000 670
0.021000 670
0.021000 670
0.021000 670
0.021000 670
0.021000 670
0.021000 670
0.021000 670
0.021000 670
0.021000 670
0.021000 670
0.021000 670
0.021000 670
0.021000 670
0.021000 670
0.021000 670
0.021000 670
0.021000 670
0.021000 670
0.021000 670
0.021000 670
0.021000 670
0.021000 670
0.021000 670
0.021000 670
0.021000 670
0.021000 670
0.021000 670
0.021000 670
0.021000 670
0.021000 670
0.021000 670
0.021000 670
0.021000 670
0.021000 670
0.022000 670
0.022000 670
0.022000 670
0.022000 670
0.022000 670
0.022000 670
0.022000 670
0.022000 670
0.022000 670
0.022000 669
0.022000 669
0.022000 669
0.022000 669
0.022000 669
0.022000 669
0.022000 669
0.022000 669
0.022000 669
0.022000 669
0.022000 669
0.022000 669
0.022000 669
0.022000 669
0.022000 669
0.022000 669
0.022000 669
0.022000 669
0.022000 669
0.022000 669
0.022000 669
0.022000 669
0.022000 669
0.022000 669
0.023000 669
0.023000 669
0.023000 669
0.023000 669
0.023000 669
0.023000 669
0.023000 669
0.023000 669
0.023000 669
0.023000 669
0.023000 669
0.023000 669
0.023000 669
0.023000 669
0.023000 669
0.023000 669
0.023000 669
0.023000 669
0.023000 669
0.023000 669
0.023000 669
0.023000 669
0.023000 669
0.023000 669
0.023000 669
0.023000 669
0.023000 669
0.023000 669
0.023000 669
0.023000 669
0.023000 669
0.023000 669
0.023000 669
0.023000 669
0.023000 669
0.023000 669
0.023000 669
0.023000 669
0.023000 669
0.023000 669
0.023000 668
0.023000 668
0.023000 668
0.023000 668
0.023000 665
0.023000 665
0.023000 665
0.023000 665
0.023000 665
0.023000 665
0.023000 665
0.023000 665
0.023000 665
0.023000 665
0.023000 665
0.023000 665
0.023000 665
0.023000 665
0.023000 665
0.023000 665
0.023000 665
0.023000 665
0.023000 665
0.023000 665
0.023000 665
0.023000 665
0.023000 665
0.023000 665
0.023000 665
0.023000 665
0.023000 665
0.024000 665
0.024000 665
0.024000 665
0.024000 665
0.024000 665
0.024000 665
0.024000 665
0.024000 665
0.024000 665
0.024000 665
0.024000 665
0.024000 665
0.024000 665
0.024000 665
0.024000 665
0.024000 665
0.024000 665
0.024000 665
0.024000 665
0.024000 665
0.024000 665
0.024000 665
0.024000 665
0.024000 665
0.024000 665
0.024000 665
0.024000 665
0.024000 665
0.024000 665
0.024000 665
0.024000 665
0.024000 665
0.024000 665
0.024000 665
0.024000 665
0.025000 665
0.025000 665
0.025000 665
0.025000 665
0.025000 665
0.025000 665
0.025000 665
0.025000 665
0.025000 665
0.025000 665
0.025000 665
0.025000 665
0.025000 665
0.025000 665
0.025000 665
0.025000 665
0.025000 665
0.025000 665
0.025000 665
0.025000 665
0.025000 665
0.025000 665
0.025000 665
0.025000 665
0.025000 665
0.025000 665
0.025000 665
0.025000 665
0.025000 665
0.025000 665
0.025000 665
0.025000 665
0.025000 665
0.025000 665
0.025000 665
0.025000 665
0.026000 665
0.026000 665
0.026000 665
0.026000 665
0.026000 665
0.026000 665
0.026000 665
0.026000 665
0.026000 665
0.026000 665
0.026000 665
0.026000 665
0.026000 665
0.026000 665
0.026000 665
0.026000 665
0.026000 665
0.026000 665
0.026000 665
0.026000 665
0.026000 665
0.026000 665
0.026000 665
0.026000 665
0.026000 665
0.026000 665
0.026000 665
0.026000 665
0.026000 665
0.026000 665
0.026000 665
0.026000 665
0.026000 665
0.026000 665
0.026000 665
0.026000 665
0.027000 665
0.027000 665
0.027000 665
0.027000 665
0.027000 665
0.027000 665
0.027000 665
0.027000 665
0.027000 665
0.027000 665
0.027000 665
0.027000 665
0.027000 665
0.027000 665
0.027000 665
0.027000 665
0.027000 665
0.027000 665
0.027000 665
0.027000 665
0.027000 665
0.027000 665
0.027000 665
0.027000 665
0.027000 665
0.027000 665
0.027000 665
0.027000 665
0.027000 665
0.027000 665
0.027000 665
0.027000 665
0.027000 665
0.027000 665
0.027000 665
0.027000 665
0.028000 665
0.028000 665
0.028000 665
0.028000 665
0.028000 665
0.028000 665
0.028000 665
0.028000 665
0.028000 665
0.028000 665
0.028000 665
0.028000 665
0.028000 665
0.028000 665
0.028000 665
0.028000 665
0.028000 665
0.028000 665
0.028000 665
0.028000 665
0.028000 665
0.028000 665
0.028000 665
0.028000 665
0.028000 665
0.028000 665
0.028000 665
0.028000 665
0.028000 665
0.028000 665
0.028000 665
0.028000 665
0.028000 665
0.028000 665
0.028000 665
0.029000 665
0.029000 665
0.029000 665
0.029000 665
0.029000 665
0.029000 665
0.029000 665
0.029000 665
0.029000 665
0.029000 665
0.029000 665
0.029000 665
0.029000 665
0.029000 665
0.029000 665
0.029000 665
0.029000 665
0.029000 665
0.029000 665
0.029000 665
0.029000 665
0.029000 665
0.029000 665
0.029000 665
0.029000 665
0.029000 665
0.029000 665
0.029000 665
0.029000 665
0.029000 665
0.029000 665
0.029000 665
0.029000 665
0.029000 665
0.029000 665
0.030000 665
0.030000 665
# Final Best Cost: 665
