# first_value: 3546
# Instance: eil101.tsp
# Method: random-search
# output: time cost
0 3546
1 0.000000 3436
2 0.000000 3382
3 0.000000 3382
4 0.000000 3382
5 0.000000 3382
6 0.000000 3382
7 0.000000 3358
8 0.000000 3347
9 0.000000 3342
10 0.000000 3342
11 0.000000 3342
12 0.000000 3342
13 0.000000 3316
14 0.000000 3316
15 0.000000 3316
16 0.000000 3316
17 0.000000 3316
18 0.000000 3267
19 0.000000 3267
20 0.000000 3267
21 0.000000 3267
22 0.000000 3267
23 0.000000 3267
24 0.000000 3265
25 0.000000 3265
26 0.000000 3265
27 0.000000 3265
28 0.000000 3265
29 0.000000 3265
30 0.000000 3265
31 0.000000 3265
32 0.000000 3265
33 0.000000 3265
34 0.000000 3265
35 0.000000 3265
36 0.000000 3265
37 0.000000 3265
38 0.000000 3265
39 0.000000 3265
40 0.000000 3265
41 0.000000 3265
42 0.000000 3265
43 0.000000 3173
44 0.000000 3173
45 0.000000 3173
46 0.000000 3173
47 0.000000 3173
48 0.000000 3173
49 0.000000 3173
50 0.000000 3173
51 0.000000 3173
52 0.000000 3173
53 0.000000 3173
54 0.000000 3173
55 0.000000 3173
56 0.000000 3173
57 0.000000 3173
58 0.000000 3173
59 0.000000 3173
60 0.000000 3173
61 0.000000 3173
62 0.000000 3173
63 0.000000 3173
64 0.000000 3173
65 0.000000 3173
66 0.000000 3173
67 0.000000 3173
68 0.000000 3173
69 0.000000 3173
70 0.000000 3173
71 0.000000 3173
72 0.000000 3173
73 0.000000 3173
74 0.000000 3173
75 0.000000 3173
76 0.000000 3173
77 0.000000 3173
78 0.000000 3173
79 0.000000 3173
80 0.000000 3173
81 0.000000 3173
82 0.000000 3173
83 0.000000 3173
84 0.000000 3173
85 0.000000 3173
86 0.000000 3173
87 0.000000 3173
88 0.000000 3173
89 0.000000 3173
90 0.000000 3173
91 0.000000 3173
92 0.000000 3173
93 0.000000 3173
94 0.000000 3173
95 0.000000 3173
96 0.000000 3173
97 0.000000 3173
98 0.000000 3173
99 0.000000 3173
100 0.000000 3173
101 0.000000 3173
102 0.000000 3173
103 0.000000 3173
104 0.000000 3173
105 0.000000 3173
106 0.000000 3173
107 0.000000 3173
108 0.000000 3173
109 0.000000 3173
110 0.000000 3173
111 0.000000 3173
112 0.000000 3173
113 0.000000 3173
114 0.000000 3173
115 0.000000 3173
116 0.000000 3173
117 0.000000 3173
118 0.000000 3173
119 0.000000 3173
120 0.000000 3173
121 0.000000 3173
122 0.000000 3173
123 0.000000 3173
124 0.000000 3173
125 0.000000 3173
126 0.000000 3173
127 0.000000 3012
128 0.000000 3012
129 0.000000 3012
130 0.000000 3012
131 0.000000 3012
132 0.000000 3012
133 0.000000 3012
134 0.000000 3012
135 0.000000 3012
136 0.000000 3012
137 0.000000 3012
138 0.000000 3012
139 0.000000 3012
140 0.000000 3012
141 0.000000 3012
142 0.000000 3012
143 0.000000 3012
144 0.000000 3012
145 0.000000 3012
146 0.000000 3012
147 0.000000 3012
148 0.000000 3012
149 0.000000 3012
150 0.000000 3012
151 0.000000 3012
152 0.000000 3012
153 0.000000 3012
154 0.000000 3012
155 0.000000 3012
156 0.000000 3012
157 0.000000 3012
158 0.000000 3012
159 0.000000 3012
160 0.000000 3012
161 0.000000 3012
162 0.000000 3012
163 0.000000 3012
164 0.000000 3012
165 0.000000 3012
166 0.000000 3012
167 0.000000 3012
168 0.000000 3012
169 0.000000 3012
170 0.000000 3012
171 0.000000 3012
172 0.000000 3012
173 0.000000 3012
174 0.000000 3012
175 0.000000 3012
176 0.000000 3012
177 0.000000 3012
178 0.000000 3012
179 0.000000 3012
180 0.000000 3012
181 0.000000 3012
182 0.000000 3012
183 0.000000 3012
184 0.000000 3012
185 0.000000 3012
186 0.000000 3012
187 0.000000 3012
188 0.000000 3012
189 0.000000 3012
190 0.000000 3012
191 0.000000 3012
192 0.000000 3012
193 0.000000 3012
194 0.000000 3012
195 0.000000 3012
196 0.000000 3012
197 0.000000 3012
198 0.000000 3012
199 0.000000 3012
200 0.000000 3012
201 0.000000 3012
202 0.000000 3012
203 0.000000 3012
204 0.000000 3012
205 0.000000 3012
206 0.000000 3012
207 0.000000 2937
208 0.000000 2937
209 0.000000 2937
210 0.000000 2937
211 0.000000 2937
212 0.000000 2937
213 0.000000 2937
214 0.000000 2937
215 0.000000 2937
216 0.000000 2937
217 0.000000 2937
218 0.000000 2937
219 0.000000 2937
220 0.000000 2937
221 0.000000 2937
222 0.000000 2937
223 0.000000 2937
224 0.000000 2937
225 0.000000 2937
226 0.000000 2937
227 0.000000 2937
228 0.000000 2937
229 0.000000 2937
230 0.000000 2937
231 0.000000 2937
232 0.000000 2937
233 0.000000 2937
234 0.000000 2937
235 0.000000 2937
236 0.000000 2937
237 0.000000 2937
238 0.000000 2937
239 0.000000 2937
240 0.000000 2937
241 0.000000 2937
242 0.000000 2937
243 0.000000 2937
244 0.000000 2937
245 0.000000 2937
246 0.000000 2937
247 0.000000 2937
248 0.000000 2937
249 0.000000 2937
250 0.000000 2937
251 0.000000 2937
252 0.000000 2937
253 0.000000 2937
254 0.000000 2937
255 0.000000 2937
256 0.000000 2937
257 0.000000 2937
258 0.000000 2937
259 0.000000 2937
260 0.000000 2937
261 0.000000 2937
262 0.000000 2937
263 0.000000 2937
264 0.000000 2937
265 0.000000 2937
266 0.000000 2937
267 0.000000 2937
268 0.000000 2937
269 0.000000 2937
270 0.000000 2937
271 0.000000 2937
272 0.000000 2937
273 0.000000 2937
274 0.000000 2937
275 0.000000 2937
276 0.000000 2937
277 0.000000 2937
278 0.000000 2937
279 0.000000 2937
280 0.000000 2937
281 0.000000 2937
282 0.000000 2937
283 0.000000 2937
284 0.000000 2937
285 0.000000 2937
286 0.000000 2937
287 0.000000 2937
288 0.000000 2937
289 0.000000 2937
290 0.000000 2937
291 0.000000 2937
292 0.000000 2937
293 0.000000 2937
294 0.000000 2937
295 0.000000 2937
296 0.000000 2937
297 0.000000 2937
298 0.000000 2937
299 0.000000 2937
300 0.000000 2937
301 0.000000 2937
302 0.000000 2937
303 0.000000 2937
304 0.000000 2937
305 0.000000 2937
306 0.000000 2937
307 0.000000 2937
308 0.000000 2937
309 0.000000 2937
310 0.000000 2937
311 0.000000 2937
312 0.000000 2937
313 0.000000 2937
314 0.000000 2937
315 0.000000 2937
316 0.000000 2937
317 0.000000 2937
318 0.000000 2937
319 0.000000 2937
320 0.000000 2937
321 0.000000 2937
322 0.000000 2937
323 0.000000 2937
324 0.000000 2937
325 0.000000 2937
326 0.000000 2937
327 0.000000 2937
328 0.000000 2937
329 0.000000 2937
330 0.000000 2937
331 0.000000 2937
332 0.000000 2937
333 0.000000 2937
334 0.000000 2937
335 0.000000 2937
336 0.000000 2937
337 0.000000 2937
338 0.000000 2937
339 0.000000 2937
340 0.000000 2937
341 0.000000 2937
342 0.000000 2937
343 0.000000 2937
344 0.000000 2937
345 0.000000 2937
346 0.000000 2937
347 0.000000 2937
348 0.000000 2937
349 0.000000 2937
350 0.000000 2937
351 0.000000 2937
352 0.000000 2937
353 0.000000 2937
354 0.000000 2937
355 0.000000 2937
356 0.000000 2937
357 0.000000 2937
358 0.000000 2937
359 0.000000 2937
360 0.000000 2937
361 0.000000 2937
362 0.000000 2937
363 0.000000 2937
364 0.000000 2937
365 0.000000 2937
366 0.000000 2937
367 0.000000 2937
368 0.000000 2937
369 0.000000 2937
370 0.000000 2937
371 0.000000 2937
372 0.000000 2937
373 0.000000 2937
374 0.000000 2937
375 0.000000 2937
376 0.000000 2937
377 0.000000 2937
378 0.000000 2937
379 0.000000 2937
380 0.000000 2937
381 0.000000 2937
382 0.000000 2937
383 0.000000 2937
384 0.000000 2937
385 0.000000 2937
386 0.000000 2937
387 0.000000 2937
388 0.000000 2937
389 0.000000 2937
390 0.000000 2937
391 0.000000 2937
392 0.000000 2937
393 0.000000 2937
394 0.000000 2937
395 0.000000 2937
396 0.000000 2937
397 0.000000 2937
398 0.000000 2937
399 0.000000 2937
400 0.000000 2937
401 0.000000 2937
402 0.000000 2937
403 0.000000 2937
404 0.000000 2937
405 0.000000 2937
406 0.000000 2937
407 0.000000 2937
408 0.000000 2937
409 0.000000 2937
410 0.000000 2937
411 0.000000 2937
412 0.000000 2937
413 0.000000 2937
414 0.000000 2937
415 0.000000 2937
416 0.000000 2937
417 0.000000 2937
418 0.000000 2937
419 0.000000 2937
420 0.000000 2937
421 0.000000 2937
422 0.000000 2937
423 0.000000 2937
424 0.000000 2937
425 0.000000 2937
426 0.000000 2937
427 0.000000 2937
428 0.000000 2937
429 0.000000 2937
430 0.000000 2937
431 0.000000 2937
432 0.000000 2937
433 0.000000 2937
434 0.000000 2937
435 0.000000 2937
436 0.000000 2937
437 0.000000 2937
438 0.000000 2937
439 0.000000 2937
440 0.000000 2937
441 0.000000 2937
442 0.000000 2937
443 0.000000 2937
444 0.000000 2937
445 0.000000 2937
446 0.000000 2937
447 0.000000 2937
448 0.000000 2937
449 0.000000 2937
450 0.000000 2937
451 0.000000 2937
452 0.000000 2937
453 0.000000 2937
454 0.000000 2937
455 0.000000 2937
456 0.000000 2937
457 0.000000 2937
458 0.000000 2937
459 0.000000 2937
460 0.000000 2937
461 0.000000 2937
462 0.000000 2937
463 0.000000 2937
464 0.000000 2937
465 0.000000 2937
466 0.000000 2937
467 0.000000 2937
468 0.000000 2937
469 0.000000 2937
470 0.000000 2937
471 0.000000 2937
472 0.000000 2937
473 0.000000 2937
474 0.000000 2937
475 0.000000 2937
476 0.000000 2937
477 0.000000 2937
478 0.000000 2937
479 0.000000 2937
480 0.000000 2937
481 0.000000 2937
482 0.000000 2937
483 0.000000 2937
484 0.000000 2937
485 0.000000 2937
486 0.000000 2937
487 0.000000 2937
488 0.000000 2937
489 0.000000 2937
490 0.000000 2937
491 0.000000 2937
492 0.000000 2937
493 0.000000 2937
494 0.000000 2937
495 0.000000 2937
496 0.000000 2937
497 0.000000 2937
498 0.000000 2937
499 0.000000 2937
500 0.000000 2937
501 0.000000 2937
502 0.000000 2937
503 0.000000 2937
504 0.000000 2937
505 0.000000 2937
506 0.000000 2937
507 0.000000 2937
508 0.000000 2937
509 0.000000 2937
510 0.000000 2937
511 0.000000 2937
512 0.000000 2937
513 0.000000 2937
514 0.000000 2937
515 0.000000 2937
516 0.000000 2937
517 0.000000 2937
518 0.000000 2937
519 0.000000 2937
520 0.000000 2937
521 0.000000 2937
522 0.000000 2937
523 0.000000 2937
524 0.000000 2937
525 0.000000 2937
526 0.000000 2937
527 0.000000 2937
528 0.000000 2937
529 0.000000 2937
530 0.000000 2937
531 0.000000 2937
532 0.000000 2937
533 0.000000 2937
534 0.000000 2937
535 0.000000 2937
536 0.000000 2937
537 0.000000 2937
538 0.000000 2937
539 0.000000 2937
540 0.000000 2937
541 0.000000 2937
542 0.000000 2937
543 0.000000 2937
544 0.000000 2937
545 0.000000 2937
546 0.000000 2937
547 0.000000 2937
548 0.000000 2937
549 0.000000 2937
550 0.000000 2937
551 0.000000 2937
552 0.000000 2937
553 0.000000 2937
554 0.000000 2937
555 0.000000 2937
556 0.000000 2937
557 0.000000 2937
558 0.000000 2937
559 0.000000 2937
560 0.000000 2937
561 0.000000 2937
562 0.000000 2937
563 0.000000 2937
564 0.000000 2937
565 0.000000 2937
566 0.000000 2937
567 0.000000 2937
568 0.000000 2937
569 0.000000 2937
570 0.000000 2937
571 0.000000 2937
572 0.000000 2937
573 0.000000 2937
574 0.000000 2937
575 0.000000 2937
576 0.000000 2937
577 0.000000 2937
578 0.000000 2937
579 0.000000 2937
580 0.000000 2937
581 0.000000 2937
582 0.000000 2937
583 0.000000 2937
584 0.000000 2937
585 0.000000 2937
586 0.000000 2937
587 0.000000 2937
588 0.000000 2937
589 0.000000 2937
590 0.000000 2937
591 0.000000 2937
592 0.000000 2937
593 0.000000 2937
594 0.000000 2937
595 0.000000 2937
596 0.000000 2937
597 0.000000 2937
598 0.000000 2937
599 0.000000 2937
600 0.000000 2937
601 0.000000 2937
602 0.000000 2937
603 0.000000 2937
604 0.000000 2937
605 0.000000 2937
606 0.000000 2937
607 0.000000 2937
608 0.000000 2937
609 0.000000 2937
610 0.000000 2937
611 0.000000 2937
612 0.000000 2937
613 0.000000 2937
614 0.000000 2937
615 0.000000 2937
616 0.000000 2937
617 0.000000 2937
618 0.000000 2937
619 0.000000 2937
620 0.000000 2937
621 0.000000 2937
622 0.000000 2937
623 0.000000 2937
624 0.000000 2937
625 0.000000 2937
626 0.000000 2937
627 0.000000 2937
628 0.000000 2937
629 0.000000 2937
630 0.000000 2937
631 0.000000 2937
632 0.000000 2937
633 0.000000 2937
634 0.000000 2937
635 0.000000 2937
636 0.000000 2937
637 0.000000 2937
638 0.000000 2937
639 0.000000 2937
640 0.000000 2937
641 0.000000 2937
642 0.000000 2937
643 0.000000 2937
644 0.000000 2937
645 0.000000 2937
646 0.000000 2937
647 0.000000 2937
648 0.000000 2937
649 0.000000 2937
650 0.000000 2937
651 0.000000 2937
652 0.000000 2937
653 0.000000 2937
654 0.000000 2937
655 0.000000 2937
656 0.000000 2937
657 0.000000 2937
658 0.000000 2937
659 0.000000 2937
660 0.000000 2937
661 0.000000 2937
662 0.000000 2937
663 0.000000 2937
664 0.000000 2937
665 0.000000 2937
666 0.000000 2937
667 0.000000 2937
668 0.000000 2937
669 0.000000 2937
670 0.000000 2937
671 0.000000 2937
672 0.000000 2937
673 0.000000 2937
674 0.000000 2937
675 0.000000 2937
676 0.000000 2937
677 0.000000 2937
678 0.000000 2937
679 0.000000 2937
680 0.000000 2937
681 0.000000 2937
682 0.000000 2937
683 0.000000 2937
684 0.000000 2937
685 0.000000 2937
686 0.000000 2937
687 0.000000 2937
688 0.000000 2937
689 0.000000 2937
690 0.000000 2937
691 0.000000 2937
692 0.000000 2937
693 0.000000 2937
694 0.000000 2937
695 0.000000 2937
696 0.000000 2937
697 0.000000 2937
698 0.000000 2937
699 0.000000 2937
700 0.000000 2937
701 0.000000 2937
702 0.000000 2937
703 0.000000 2937
704 0.000000 2937
705 0.000000 2937
706 0.000000 2937
707 0.000000 2937
708 0.000000 2937
709 0.000000 2937
710 0.000000 2937
711 0.000000 2937
712 0.000000 2937
713 0.000000 2937
714 0.000000 2937
715 0.000000 2937
716 0.000000 2937
717 0.000000 2937
718 0.000000 2937
719 0.000000 2937
720 0.000000 2937
721 0.000000 2937
722 0.000000 2937
723 0.000000 2937
724 0.000000 2937
725 0.000000 2937
726 0.000000 2937
727 0.000000 2937
728 0.000000 2937
729 0.000000 2937
730 0.000000 2937
731 0.000000 2937
732 0.000000 2937
733 0.000000 2937
734 0.000000 2937
735 0.000000 2937
736 0.000000 2937
737 0.000000 2937
738 0.000000 2937
739 0.000000 2937
740 0.000000 2937
741 0.000000 2937
742 0.000000 2937
743 0.000000 2937
744 0.000000 2937
745 0.000000 2937
746 0.000000 2937
747 0.000000 2937
748 0.000000 2937
749 0.000000 2937
750 0.000000 2937
751 0.000000 2937
752 0.000000 2937
753 0.000000 2937
754 0.000000 2937
755 0.000000 2937
756 0.000000 2937
757 0.000000 2937
758 0.000000 2937
759 0.000000 2937
760 0.000000 2937
761 0.000000 2937
762 0.000000 2937
763 0.000000 2937
764 0.000000 2937
765 0.000000 2937
766 0.000000 2937
767 0.000000 2937
768 0.000000 2937
769 0.000000 2937
770 0.000000 2937
771 0.000000 2937
772 0.000000 2937
773 0.000000 2937
774 0.000000 2937
775 0.000000 2937
776 0.000000 2937
777 0.000000 2937
778 0.000000 2937
779 0.000000 2937
780 0.000000 2937
781 0.000000 2937
782 0.000000 2937
783 0.000000 2937
784 0.000000 2937
785 0.000000 2937
786 0.001000 2937
787 0.001000 2937
788 0.001000 2937
789 0.001000 2937
790 0.001000 2937
791 0.001000 2937
792 0.001000 2937
793 0.001000 2937
794 0.001000 2937
795 0.001000 2937
796 0.001000 2937
797 0.001000 2937
798 0.001000 2937
799 0.001000 2937
800 0.001000 2937
801 0.001000 2937
802 0.001000 2937
803 0.001000 2937
804 0.001000 2937
805 0.001000 2937
806 0.001000 2937
807 0.001000 2937
808 0.001000 2937
809 0.001000 2937
810 0.001000 2937
811 0.001000 2937
812 0.001000 2937
813 0.001000 2937
814 0.001000 2937
815 0.001000 2937
816 0.001000 2937
817 0.001000 2937
818 0.001000 2937
819 0.001000 2937
820 0.001000 2937
821 0.001000 2937
822 0.001000 2937
823 0.001000 2937
824 0.001000 2937
825 0.001000 2937
826 0.001000 2937
827 0.001000 2937
828 0.001000 2937
829 0.001000 2937
830 0.001000 2937
831 0.001000 2937
832 0.001000 2937
833 0.001000 2937
834 0.001000 2937
835 0.001000 2937
836 0.001000 2937
837 0.001000 2937
838 0.001000 2937
839 0.001000 2937
840 0.001000 2937
841 0.001000 2937
842 0.001000 2937
843 0.001000 2937
844 0.001000 2937
845 0.001000 2937
846 0.001000 2937
847 0.001000 2937
848 0.001000 2937
849 0.001000 2937
850 0.001000 2937
851 0.001000 2937
852 0.001000 2937
853 0.001000 2937
854 0.001000 2937
855 0.001000 2937
856 0.001000 2937
857 0.001000 2937
858 0.001000 2937
859 0.001000 2937
860 0.001000 2937
861 0.001000 2937
862 0.001000 2937
863 0.001000 2937
864 0.001000 2937
865 0.001000 2937
866 0.001000 2937
867 0.001000 2937
868 0.001000 2937
869 0.001000 2937
870 0.001000 2937
871 0.001000 2937
872 0.001000 2937
873 0.001000 2937
874 0.001000 2937
875 0.001000 2937
876 0.001000 2937
877 0.001000 2937
878 0.001000 2937
879 0.001000 2937
880 0.001000 2937
881 0.001000 2937
882 0.001000 2937
883 0.001000 2937
884 0.001000 2937
885 0.001000 2937
886 0.001000 2937
887 0.001000 2937
888 0.001000 2937
889 0.001000 2937
890 0.001000 2937
891 0.001000 2937
892 0.001000 2937
893 0.001000 2937
894 0.001000 2937
895 0.001000 2937
896 0.001000 2937
897 0.001000 2937
898 0.001000 2937
899 0.001000 2937
900 0.001000 2937
901 0.001000 2937
902 0.001000 2937
903 0.001000 2937
904 0.001000 2937
905 0.001000 2937
906 0.001000 2937
907 0.001000 2937
908 0.001000 2937
909 0.001000 2937
910 0.001000 2937
911 0.001000 2937
912 0.001000 2937
913 0.001000 2937
914 0.001000 2937
915 0.001000 2937
916 0.001000 2937
917 0.001000 2937
918 0.001000 2937
919 0.001000 2937
920 0.001000 2937
921 0.001000 2937
922 0.001000 2937
923 0.001000 2937
924 0.001000 2937
925 0.001000 2937
926 0.001000 2937
927 0.001000 2937
928 0.001000 2937
929 0.001000 2937
930 0.001000 2937
931 0.001000 2937
932 0.001000 2937
933 0.001000 2937
934 0.001000 2937
935 0.001000 2937
936 0.001000 2937
937 0.001000 2937
938 0.001000 2937
939 0.001000 2937
940 0.001000 2937
941 0.001000 2937
942 0.001000 2937
943 0.001000 2937
944 0.001000 2937
945 0.001000 2937
946 0.001000 2937
947 0.001000 2937
948 0.001000 2937
949 0.001000 2937
950 0.001000 2937
951 0.001000 2937
952 0.001000 2937
953 0.001000 2937
954 0.001000 2937
955 0.001000 2937
956 0.001000 2937
957 0.001000 2937
958 0.001000 2937
959 0.001000 2937
960 0.001000 2937
961 0.001000 2937
962 0.001000 2937
963 0.001000 2937
964 0.001000 2937
965 0.001000 2937
966 0.001000 2937
967 0.001000 2937
968 0.001000 2937
969 0.001000 2937
970 0.001000 2937
971 0.001000 2937
972 0.001000 2937
973 0.001000 2937
974 0.001000 2937
975 0.001000 2937
976 0.001000 2937
977 0.001000 2937
978 0.001000 2937
979 0.001000 2937
980 0.001000 2937
981 0.001000 2937
982 0.001000 2937
983 0.001000 2937
984 0.001000 2937
985 0.001000 2937
986 0.001000 2937
987 0.001000 2937
988 0.001000 2937
989 0.001000 2937
990 0.001000 2937
991 0.001000 2937
992 0.001000 2937
993 0.001000 2937
994 0.001000 2937
995 0.001000 2937
996 0.001000 2937
997 0.001000 2937
998 0.001000 2937
999 0.001000 2937
1000 0.001000 2937
1001 0.001000 2937
1002 0.001000 2937
1003 0.001000 2937
1004 0.001000 2937
1005 0.001000 2937
1006 0.001000 2937
1007 0.001000 2937
1008 0.001000 2937
1009 0.001000 2937
1010 0.001000 2937
1011 0.001000 2937
1012 0.001000 2937
1013 0.001000 2937
1014 0.001000 2937
1015 0.001000 2937
1016 0.001000 2937
1017 0.001000 2937
1018 0.001000 2937
1019 0.001000 2937
1020 0.001000 2937
1021 0.001000 2937
1022 0.001000 2937
1023 0.001000 2937
1024 0.001000 2937
1025 0.001000 2937
1026 0.001000 2937
1027 0.001000 2937
1028 0.001000 2937
1029 0.001000 2937
1030 0.001000 2937
1031 0.001000 2937
1032 0.001000 2937
1033 0.001000 2937
1034 0.001000 2937
1035 0.001000 2937
1036 0.001000 2937
1037 0.001000 2937
1038 0.001000 2937
1039 0.001000 2937
1040 0.001000 2937
1041 0.001000 2937
1042 0.001000 2937
1043 0.001000 2937
1044 0.001000 2937
1045 0.001000 2937
1046 0.001000 2937
1047 0.001000 2937
1048 0.001000 2937
1049 0.001000 2937
1050 0.001000 2937
1051 0.001000 2937
1052 0.001000 2937
1053 0.001000 2937
1054 0.001000 2937
1055 0.001000 2937
1056 0.001000 2937
1057 0.001000 2937
1058 0.001000 2937
1059 0.001000 2937
1060 0.001000 2937
1061 0.001000 2937
1062 0.001000 2937
1063 0.001000 2937
1064 0.001000 2937
1065 0.001000 2937
1066 0.001000 2937
1067 0.001000 2937
1068 0.001000 2937
1069 0.001000 2937
1070 0.001000 2937
1071 0.001000 2937
1072 0.001000 2937
1073 0.001000 2937
1074 0.001000 2937
1075 0.001000 2937
1076 0.001000 2937
1077 0.001000 2937
1078 0.001000 2937
1079 0.001000 2937
1080 0.001000 2937
1081 0.001000 2937
1082 0.001000 2937
1083 0.001000 2937
1084 0.001000 2937
1085 0.001000 2937
1086 0.001000 2937
1087 0.001000 2937
1088 0.001000 2937
1089 0.001000 2937
1090 0.001000 2937
1091 0.001000 2937
1092 0.001000 2937
1093 0.001000 2937
1094 0.001000 2937
1095 0.001000 2937
1096 0.001000 2937
1097 0.001000 2937
1098 0.001000 2937
1099 0.001000 2937
1100 0.001000 2937
1101 0.001000 2937
1102 0.001000 2937
1103 0.001000 2937
1104 0.001000 2937
1105 0.001000 2937
1106 0.001000 2937
1107 0.001000 2937
1108 0.001000 2937
1109 0.001000 2937
1110 0.001000 2937
1111 0.001000 2937
1112 0.001000 2937
1113 0.001000 2937
1114 0.001000 2937
1115 0.001000 2937
1116 0.001000 2937
1117 0.001000 2937
1118 0.001000 2937
1119 0.001000 2937
1120 0.001000 2937
1121 0.001000 2937
1122 0.001000 2937
1123 0.001000 2937
1124 0.001000 2937
1125 0.001000 2937
1126 0.001000 2937
1127 0.001000 2937
1128 0.001000 2937
1129 0.001000 2937
1130 0.001000 2937
1131 0.001000 2937
1132 0.001000 2937
1133 0.001000 2937
1134 0.001000 2937
1135 0.001000 2937
1136 0.001000 2937
1137 0.001000 2937
1138 0.001000 2937
1139 0.001000 2937
1140 0.001000 2937
1141 0.001000 2937
1142 0.001000 2937
1143 0.001000 2937
1144 0.001000 2937
1145 0.001000 2937
1146 0.001000 2937
1147 0.001000 2937
1148 0.001000 2937
1149 0.001000 2937
1150 0.001000 2937
1151 0.001000 2937
1152 0.001000 2937
1153 0.001000 2937
1154 0.001000 2937
1155 0.001000 2937
1156 0.001000 2937
1157 0.001000 2937
1158 0.001000 2937
1159 0.001000 2937
1160 0.001000 2937
1161 0.001000 2937
1162 0.001000 2937
1163 0.001000 2937
1164 0.001000 2937
1165 0.001000 2937
1166 0.001000 2937
1167 0.001000 2937
1168 0.001000 2937
1169 0.001000 2937
1170 0.001000 2937
1171 0.001000 2937
1172 0.001000 2937
1173 0.001000 2937
1174 0.001000 2937
1175 0.001000 2937
1176 0.001000 2937
1177 0.001000 2937
1178 0.001000 2937
1179 0.001000 2937
1180 0.001000 2937
1181 0.001000 2937
1182 0.001000 2937
1183 0.001000 2937
1184 0.001000 2937
1185 0.001000 2937
1186 0.001000 2937
1187 0.001000 2937
1188 0.001000 2937
1189 0.001000 2937
1190 0.001000 2937
1191 0.001000 2937
1192 0.001000 2937
1193 0.001000 2937
1194 0.001000 2937
1195 0.001000 2937
1196 0.001000 2937
1197 0.001000 2937
1198 0.001000 2937
1199 0.001000 2937
1200 0.001000 2937
1201 0.001000 2937
1202 0.001000 2937
1203 0.001000 2937
1204 0.001000 2937
1205 0.001000 2937
1206 0.001000 2937
1207 0.001000 2937
1208 0.001000 2937
1209 0.001000 2937
1210 0.001000 2937
1211 0.001000 2937
1212 0.001000 2937
1213 0.001000 2937
1214 0.001000 2937
1215 0.001000 2937
1216 0.001000 2937
1217 0.001000 2937
1218 0.001000 2937
1219 0.001000 2937
1220 0.001000 2937
1221 0.001000 2937
1222 0.001000 2937
1223 0.001000 2937
1224 0.001000 2937
1225 0.001000 2937
1226 0.001000 2937
1227 0.001000 2937
1228 0.001000 2937
1229 0.001000 2937
1230 0.001000 2937
1231 0.001000 2937
1232 0.001000 2937
1233 0.001000 2937
1234 0.001000 2937
1235 0.001000 2937
1236 0.001000 2937
1237 0.001000 2937
1238 0.001000 2937
1239 0.001000 2937
1240 0.001000 2937
1241 0.001000 2937
1242 0.001000 2937
1243 0.001000 2937
1244 0.001000 2937
1245 0.001000 2937
1246 0.001000 2937
1247 0.001000 2937
1248 0.001000 2937
1249 0.001000 2937
1250 0.001000 2937
1251 0.001000 2937
1252 0.001000 2937
1253 0.001000 2937
1254 0.001000 2937
1255 0.001000 2937
1256 0.001000 2937
1257 0.001000 2937
1258 0.001000 2937
1259 0.001000 2937
1260 0.001000 2937
1261 0.001000 2937
1262 0.001000 2937
1263 0.001000 2937
1264 0.001000 2937
1265 0.001000 2937
1266 0.001000 2937
1267 0.001000 2937
1268 0.001000 2937
1269 0.001000 2937
1270 0.001000 2937
1271 0.001000 2937
1272 0.001000 2937
1273 0.001000 2937
1274 0.001000 2937
1275 0.001000 2937
1276 0.001000 2937
1277 0.001000 2937
1278 0.001000 2937
1279 0.001000 2937
1280 0.001000 2937
1281 0.001000 2937
1282 0.001000 2937
1283 0.001000 2937
1284 0.001000 2937
1285 0.001000 2937
1286 0.001000 2937
1287 0.001000 2937
1288 0.001000 2937
1289 0.001000 2937
1290 0.001000 2937
1291 0.001000 2937
1292 0.001000 2937
1293 0.001000 2937
1294 0.001000 2937
1295 0.001000 2937
1296 0.001000 2937
1297 0.001000 2937
1298 0.001000 2937
1299 0.001000 2937
1300 0.001000 2937
1301 0.001000 2937
1302 0.001000 2937
1303 0.001000 2937
1304 0.001000 2937
1305 0.001000 2937
1306 0.001000 2937
1307 0.001000 2937
1308 0.001000 2937
1309 0.001000 2937
1310 0.001000 2937
1311 0.001000 2937
1312 0.001000 2937
1313 0.001000 2937
1314 0.001000 2937
1315 0.001000 2937
1316 0.001000 2937
1317 0.001000 2937
1318 0.001000 2937
1319 0.001000 2937
1320 0.001000 2937
1321 0.001000 2937
1322 0.001000 2937
1323 0.001000 2937
1324 0.001000 2937
1325 0.001000 2937
1326 0.001000 2937
1327 0.001000 2937
1328 0.001000 2937
1329 0.001000 2937
1330 0.001000 2937
1331 0.001000 2937
1332 0.001000 2937
1333 0.001000 2937
1334 0.001000 2937
1335 0.001000 2937
1336 0.001000 2937
1337 0.001000 2937
1338 0.001000 2937
1339 0.001000 2937
1340 0.001000 2937
1341 0.001000 2937
1342 0.001000 2937
1343 0.001000 2937
1344 0.001000 2937
1345 0.001000 2937
1346 0.001000 2937
1347 0.001000 2937
1348 0.001000 2937
1349 0.001000 2937
1350 0.001000 2937
1351 0.001000 2937
1352 0.001000 2937
1353 0.001000 2937
1354 0.001000 2937
1355 0.001000 2937
1356 0.001000 2937
1357 0.001000 2937
1358 0.001000 2937
1359 0.001000 2937
1360 0.001000 2937
1361 0.001000 2937
1362 0.001000 2937
1363 0.001000 2937
1364 0.001000 2937
1365 0.001000 2937
1366 0.001000 2937
1367 0.001000 2937
1368 0.001000 2937
1369 0.001000 2937
1370 0.001000 2937
1371 0.001000 2937
1372 0.001000 2937
1373 0.001000 2937
1374 0.001000 2937
1375 0.001000 2937
1376 0.001000 2937
1377 0.001000 2937
1378 0.001000 2937
1379 0.001000 2937
1380 0.001000 2937
1381 0.001000 2937
1382 0.001000 2937
1383 0.001000 2937
1384 0.001000 2937
1385 0.001000 2937
1386 0.001000 2937
1387 0.001000 2937
1388 0.001000 2937
1389 0.001000 2937
1390 0.001000 2937
1391 0.001000 2937
1392 0.001000 2937
1393 0.001000 2937
1394 0.001000 2937
1395 0.001000 2937
1396 0.001000 2937
1397 0.001000 2937
1398 0.001000 2937
1399 0.001000 2937
1400 0.001000 2937
1401 0.001000 2937
1402 0.001000 2937
1403 0.001000 2937
1404 0.001000 2937
1405 0.001000 2937
1406 0.001000 2937
1407 0.001000 2937
1408 0.001000 2937
1409 0.001000 2937
1410 0.001000 2937
1411 0.001000 2937
1412 0.001000 2937
1413 0.001000 2937
1414 0.001000 2937
1415 0.001000 2937
1416 0.001000 2937
1417 0.001000 2937
1418 0.001000 2937
1419 0.001000 2937
1420 0.001000 2937
1421 0.001000 2937
1422 0.001000 2937
1423 0.001000 2937
1424 0.001000 2937
1425 0.001000 2937
1426 0.001000 2937
1427 0.001000 2937
1428 0.001000 2937
1429 0.001000 2937
1430 0.001000 2937
1431 0.001000 2937
1432 0.001000 2937
1433 0.001000 2937
1434 0.001000 2937
1435 0.001000 2937
1436 0.001000 2937
1437 0.001000 2937
1438 0.001000 2937
1439 0.001000 2937
1440 0.001000 2937
1441 0.001000 2937
1442 0.001000 2937
1443 0.001000 2937
1444 0.001000 2937
1445 0.001000 2937
1446 0.001000 2937
1447 0.001000 2937
1448 0.001000 2937
1449 0.001000 2937
1450 0.001000 2937
1451 0.001000 2937
1452 0.001000 2937
1453 0.001000 2937
1454 0.001000 2937
1455 0.001000 2937
1456 0.001000 2937
1457 0.001000 2937
1458 0.001000 2937
1459 0.001000 2937
1460 0.001000 2937
1461 0.001000 2937
1462 0.001000 2937
1463 0.001000 2937
1464 0.001000 2937
1465 0.001000 2937
1466 0.001000 2937
1467 0.001000 2937
1468 0.001000 2937
1469 0.001000 2937
1470 0.001000 2937
1471 0.001000 2937
1472 0.001000 2937
1473 0.001000 2937
1474 0.001000 2937
1475 0.001000 2937
1476 0.001000 2937
1477 0.001000 2937
1478 0.001000 2937
1479 0.001000 2937
1480 0.001000 2937
1481 0.001000 2937
1482 0.001000 2937
1483 0.001000 2937
1484 0.001000 2937
1485 0.001000 2937
1486 0.001000 2937
1487 0.001000 2937
1488 0.001000 2937
1489 0.001000 2937
1490 0.001000 2937
1491 0.001000 2937
1492 0.001000 2937
1493 0.001000 2937
1494 0.001000 2937
1495 0.001000 2937
1496 0.001000 2937
1497 0.001000 2937
1498 0.001000 2937
1499 0.001000 2937
1500 0.001000 2937
1501 0.001000 2937
1502 0.001000 2937
1503 0.001000 2937
1504 0.001000 2937
1505 0.001000 2937
1506 0.001000 2937
1507 0.001000 2937
1508 0.001000 2937
1509 0.001000 2937
1510 0.001000 2937
1511 0.001000 2937
1512 0.001000 2937
1513 0.001000 2937
1514 0.001000 2937
1515 0.001000 2937
1516 0.001000 2937
1517 0.001000 2937
1518 0.001000 2937
1519 0.001000 2937
1520 0.001000 2937
1521 0.001000 2937
1522 0.001000 2937
1523 0.001000 2937
1524 0.001000 2937
1525 0.001000 2937
1526 0.001000 2937
1527 0.001000 2937
1528 0.001000 2937
1529 0.001000 2937
1530 0.001000 2937
1531 0.001000 2937
1532 0.001000 2937
1533 0.001000 2937
1534 0.001000 2937
1535 0.001000 2937
1536 0.001000 2937
1537 0.001000 2937
1538 0.001000 2937
1539 0.001000 2937
1540 0.001000 2937
1541 0.001000 2937
1542 0.001000 2937
1543 0.001000 2937
1544 0.001000 2937
1545 0.001000 2937
1546 0.001000 2937
1547 0.001000 2937
1548 0.001000 2937
1549 0.001000 2937
1550 0.001000 2937
1551 0.001000 2937
1552 0.001000 2937
1553 0.001000 2937
1554 0.001000 2937
1555 0.001000 2937
1556 0.001000 2937
1557 0.001000 2937
1558 0.001000 2937
1559 0.001000 2937
1560 0.001000 2937
1561 0.001000 2937
1562 0.001000 2937
1563 0.001000 2937
1564 0.001000 2937
1565 0.001000 2937
1566 0.001000 2937
1567 0.001000 2937
1568 0.001000 2937
1569 0.001000 2937
1570 0.001000 2937
1571 0.001000 2937
1572 0.001000 2937
1573 0.001000 2937
1574 0.001000 2937
1575 0.001000 2937
1576 0.001000 2937
1577 0.001000 2937
1578 0.001000 2937
1579 0.001000 2937
1580 0.001000 2937
1581 0.001000 2937
1582 0.001000 2937
1583 0.001000 2937
1584 0.001000 2937
1585 0.001000 2937
1586 0.001000 2937
1587 0.001000 2937
1588 0.001000 2937
1589 0.001000 2937
1590 0.001000 2937
1591 0.001000 2937
1592 0.001000 2937
1593 0.001000 2937
1594 0.001000 2937
1595 0.001000 2937
1596 0.001000 2937
1597 0.001000 2937
1598 0.001000 2937
1599 0.001000 2937
1600 0.001000 2937
1601 0.001000 2937
1602 0.001000 2937
1603 0.001000 2937
1604 0.001000 2937
1605 0.001000 2937
1606 0.001000 2937
1607 0.001000 2937
1608 0.001000 2937
1609 0.001000 2937
1610 0.001000 2937
1611 0.001000 2937
1612 0.001000 2937
1613 0.001000 2937
1614 0.001000 2937
1615 0.001000 2937
1616 0.001000 2937
1617 0.001000 2937
1618 0.001000 2937
1619 0.001000 2937
1620 0.001000 2937
1621 0.001000 2937
1622 0.001000 2937
1623 0.001000 2937
1624 0.001000 2937
1625 0.001000 2937
1626 0.001000 2937
1627 0.001000 2937
1628 0.001000 2937
1629 0.001000 2937
1630 0.001000 2937
1631 0.001000 2937
1632 0.001000 2937
1633 0.001000 2937
1634 0.001000 2937
1635 0.001000 2937
1636 0.001000 2937
1637 0.001000 2937
1638 0.001000 2937
1639 0.001000 2937
1640 0.001000 2937
1641 0.001000 2937
1642 0.001000 2937
1643 0.001000 2937
1644 0.001000 2937
1645 0.001000 2937
1646 0.001000 2937
1647 0.001000 2937
1648 0.001000 2937
1649 0.001000 2937
1650 0.001000 2937
1651 0.001000 2937
1652 0.001000 2937
1653 0.001000 2937
1654 0.001000 2937
1655 0.001000 2937
1656 0.001000 2937
1657 0.001000 2937
1658 0.001000 2937
1659 0.001000 2937
1660 0.001000 2937
1661 0.001000 2937
1662 0.001000 2937
1663 0.001000 2937
1664 0.001000 2937
1665 0.001000 2937
1666 0.001000 2937
1667 0.001000 2937
1668 0.001000 2937
1669 0.001000 2937
1670 0.001000 2937
1671 0.001000 2937
1672 0.001000 2937
1673 0.001000 2937
1674 0.001000 2937
1675 0.001000 2937
1676 0.001000 2937
1677 0.001000 2937
1678 0.001000 2937
1679 0.001000 2937
1680 0.001000 2937
1681 0.001000 2937
1682 0.001000 2937
1683 0.001000 2937
1684 0.001000 2937
1685 0.001000 2937
1686 0.001000 2937
1687 0.001000 2937
1688 0.001000 2937
1689 0.001000 2937
1690 0.001000 2937
1691 0.001000 2937
1692 0.001000 2937
1693 0.001000 2937
1694 0.001000 2937
1695 0.001000 2937
1696 0.001000 2937
1697 0.001000 2937
1698 0.001000 2937
1699 0.001000 2937
1700 0.001000 2937
1701 0.001000 2937
1702 0.001000 2937
1703 0.001000 2937
1704 0.001000 2937
1705 0.001000 2937
1706 0.001000 2937
1707 0.001000 2937
1708 0.001000 2937
1709 0.001000 2937
1710 0.001000 2937
1711 0.001000 2937
1712 0.001000 2937
1713 0.001000 2937
1714 0.001000 2937
1715 0.001000 2937
1716 0.001000 2937
1717 0.001000 2937
1718 0.001000 2937
1719 0.001000 2937
1720 0.001000 2937
1721 0.001000 2937
1722 0.001000 2937
1723 0.001000 2937
1724 0.001000 2937
1725 0.001000 2937
1726 0.001000 2937
1727 0.001000 2937
1728 0.001000 2937
1729 0.001000 2937
1730 0.001000 2937
1731 0.001000 2937
1732 0.001000 2937
1733 0.001000 2937
1734 0.001000 2937
1735 0.001000 2937
1736 0.001000 2937
1737 0.001000 2937
1738 0.001000 2937
1739 0.001000 2937
1740 0.001000 2937
1741 0.001000 2937
1742 0.001000 2937
1743 0.001000 2937
1744 0.001000 2937
1745 0.001000 2937
1746 0.001000 2937
1747 0.001000 2937
1748 0.001000 2937
1749 0.001000 2937
1750 0.001000 2937
1751 0.001000 2937
1752 0.001000 2937
1753 0.001000 2937
1754 0.001000 2937
1755 0.001000 2937
1756 0.001000 2937
1757 0.001000 2937
1758 0.001000 2937
1759 0.001000 2937
1760 0.001000 2937
1761 0.001000 2937
1762 0.001000 2937
1763 0.001000 2937
1764 0.001000 2937
1765 0.001000 2937
1766 0.001000 2937
1767 0.001000 2937
1768 0.001000 2937
1769 0.001000 2937
1770 0.001000 2937
1771 0.001000 2937
1772 0.001000 2937
1773 0.001000 2937
1774 0.001000 2937
1775 0.001000 2937
1776 0.001000 2937
1777 0.001000 2937
1778 0.001000 2937
1779 0.001000 2937
1780 0.001000 2937
1781 0.001000 2937
1782 0.001000 2937
1783 0.001000 2937
1784 0.001000 2937
1785 0.001000 2937
1786 0.001000 2937
1787 0.001000 2937
1788 0.001000 2937
1789 0.001000 2937
1790 0.001000 2937
1791 0.001000 2937
1792 0.001000 2937
1793 0.001000 2937
1794 0.001000 2937
1795 0.001000 2937
1796 0.001000 2937
1797 0.001000 2937
1798 0.001000 2937
1799 0.001000 2937
1800 0.001000 2937
1801 0.001000 2937
1802 0.001000 2937
1803 0.001000 2937
1804 0.001000 2937
1805 0.001000 2937
1806 0.001000 2937
1807 0.001000 2937
1808 0.001000 2937
1809 0.001000 2937
1810 0.001000 2937
1811 0.001000 2937
1812 0.001000 2937
1813 0.001000 2937
1814 0.001000 2937
1815 0.001000 2937
1816 0.001000 2937
1817 0.001000 2937
1818 0.001000 2937
1819 0.001000 2937
1820 0.001000 2937
1821 0.001000 2937
1822 0.001000 2937
1823 0.001000 2937
1824 0.001000 2937
1825 0.001000 2937
1826 0.001000 2937
1827 0.001000 2937
1828 0.001000 2937
1829 0.001000 2937
1830 0.001000 2937
1831 0.001000 2937
1832 0.001000 2937
1833 0.001000 2937
1834 0.001000 2937
1835 0.001000 2937
1836 0.001000 2937
1837 0.001000 2937
1838 0.001000 2937
1839 0.001000 2937
1840 0.001000 2937
1841 0.001000 2937
1842 0.001000 2937
1843 0.001000 2937
1844 0.001000 2937
1845 0.001000 2937
1846 0.001000 2937
1847 0.001000 2937
1848 0.001000 2937
1849 0.001000 2937
1850 0.001000 2937
1851 0.001000 2937
1852 0.001000 2937
1853 0.001000 2937
1854 0.001000 2937
1855 0.001000 2937
1856 0.001000 2937
1857 0.001000 2937
1858 0.001000 2937
1859 0.001000 2937
1860 0.001000 2937
1861 0.001000 2937
1862 0.001000 2937
1863 0.001000 2937
1864 0.001000 2937
1865 0.001000 2937
1866 0.001000 2937
1867 0.001000 2937
1868 0.001000 2937
1869 0.001000 2937
1870 0.001000 2937
1871 0.001000 2937
1872 0.001000 2937
1873 0.001000 2937
1874 0.001000 2937
1875 0.001000 2937
1876 0.001000 2937
1877 0.001000 2937
1878 0.001000 2937
1879 0.001000 2937
1880 0.001000 2937
1881 0.001000 2937
1882 0.001000 2937
1883 0.001000 2937
1884 0.001000 2937
1885 0.001000 2937
1886 0.001000 2937
1887 0.001000 2937
1888 0.001000 2937
1889 0.001000 2937
1890 0.001000 2937
1891 0.001000 2937
1892 0.001000 2937
1893 0.001000 2937
1894 0.001000 2937
1895 0.001000 2937
1896 0.001000 2937
1897 0.001000 2937
1898 0.001000 2937
1899 0.001000 2937
1900 0.001000 2937
1901 0.001000 2937
1902 0.001000 2937
1903 0.001000 2937
1904 0.001000 2937
1905 0.001000 2937
1906 0.001000 2937
1907 0.001000 2937
1908 0.001000 2937
1909 0.001000 2937
1910 0.001000 2937
1911 0.001000 2937
1912 0.001000 2937
1913 0.001000 2937
1914 0.001000 2937
1915 0.001000 2937
1916 0.001000 2937
1917 0.001000 2937
1918 0.001000 2937
1919 0.001000 2937
1920 0.001000 2937
1921 0.001000 2937
1922 0.001000 2937
1923 0.001000 2937
1924 0.001000 2937
1925 0.001000 2937
1926 0.001000 2924
1927 0.001000 2924
1928 0.001000 2924
1929 0.001000 2924
1930 0.001000 2924
1931 0.001000 2924
1932 0.001000 2924
1933 0.001000 2924
1934 0.001000 2924
1935 0.001000 2924
1936 0.001000 2924
1937 0.001000 2924
1938 0.001000 2924
1939 0.001000 2924
1940 0.001000 2924
1941 0.001000 2924
1942 0.001000 2924
1943 0.001000 2924
1944 0.001000 2924
1945 0.001000 2924
1946 0.001000 2924
1947 0.001000 2924
1948 0.001000 2924
1949 0.001000 2924
1950 0.001000 2924
1951 0.001000 2924
1952 0.001000 2924
1953 0.001000 2924
1954 0.001000 2924
1955 0.001000 2924
1956 0.001000 2924
1957 0.001000 2924
1958 0.001000 2924
1959 0.001000 2924
1960 0.001000 2924
1961 0.001000 2924
1962 0.001000 2924
1963 0.001000 2924
1964 0.001000 2924
1965 0.001000 2924
1966 0.001000 2924
1967 0.001000 2924
1968 0.001000 2924
1969 0.001000 2924
1970 0.001000 2924
1971 0.001000 2924
1972 0.001000 2924
1973 0.001000 2924
1974 0.001000 2924
1975 0.001000 2924
1976 0.001000 2924
1977 0.001000 2924
1978 0.001000 2924
1979 0.001000 2924
1980 0.001000 2924
1981 0.001000 2924
1982 0.001000 2924
1983 0.001000 2924
1984 0.001000 2924
1985 0.001000 2924
1986 0.001000 2924
1987 0.001000 2924
1988 0.001000 2924
1989 0.001000 2924
1990 0.001000 2924
1991 0.001000 2924
1992 0.001000 2924
1993 0.001000 2924
1994 0.001000 2924
1995 0.001000 2924
1996 0.001000 2924
1997 0.001000 2924
1998 0.001000 2924
1999 0.001000 2924
2000 0.001000 2924
2001 0.001000 2924
2002 0.001000 2924
2003 0.001000 2924
2004 0.001000 2924
2005 0.001000 2924
2006 0.001000 2924
2007 0.001000 2924
2008 0.001000 2924
2009 0.001000 2924
2010 0.001000 2924
2011 0.001000 2924
2012 0.001000 2924
2013 0.001000 2924
2014 0.001000 2924
2015 0.001000 2924
2016 0.001000 2924
2017 0.001000 2924
2018 0.001000 2924
2019 0.001000 2924
2020 0.001000 2924
2021 0.001000 2924
2022 0.001000 2924
2023 0.002000 2924
2024 0.002000 2924
2025 0.002000 2924
2026 0.002000 2924
2027 0.002000 2924
2028 0.002000 2924
2029 0.002000 2924
2030 0.002000 2924
2031 0.002000 2924
2032 0.002000 2924
2033 0.002000 2924
2034 0.002000 2924
2035 0.002000 2924
2036 0.002000 2924
2037 0.002000 2924
2038 0.002000 2924
2039 0.002000 2924
2040 0.002000 2924
2041 0.002000 2924
2042 0.002000 2924
2043 0.002000 2924
2044 0.002000 2924
2045 0.002000 2924
2046 0.002000 2924
2047 0.002000 2924
2048 0.002000 2924
2049 0.002000 2924
2050 0.002000 2924
2051 0.002000 2924
2052 0.002000 2924
2053 0.002000 2924
2054 0.002000 2924
2055 0.002000 2924
2056 0.002000 2924
2057 0.002000 2924
2058 0.002000 2924
2059 0.002000 2924
2060 0.002000 2924
2061 0.002000 2924
2062 0.002000 2924
2063 0.002000 2924
2064 0.002000 2924
2065 0.002000 2924
2066 0.002000 2924
2067 0.002000 2924
2068 0.002000 2924
2069 0.002000 2924
2070 0.002000 2924
2071 0.002000 2924
2072 0.002000 2924
2073 0.002000 2924
2074 0.002000 2924
2075 0.002000 2924
2076 0.002000 2924
2077 0.002000 2924
2078 0.002000 2924
2079 0.002000 2924
2080 0.002000 2924
2081 0.002000 2924
2082 0.002000 2924
2083 0.002000 2924
2084 0.002000 2924
2085 0.002000 2924
2086 0.002000 2924
2087 0.002000 2924
2088 0.002000 2924
2089 0.002000 2924
2090 0.002000 2924
2091 0.002000 2924
2092 0.002000 2924
2093 0.002000 2924
2094 0.002000 2924
2095 0.002000 2924
2096 0.002000 2924
2097 0.002000 2924
2098 0.002000 2924
2099 0.002000 2924
2100 0.002000 2924
2101 0.002000 2924
2102 0.002000 2924
2103 0.002000 2924
2104 0.002000 2924
2105 0.002000 2924
2106 0.002000 2924
2107 0.002000 2924
2108 0.002000 2924
2109 0.002000 2924
2110 0.002000 2924
2111 0.002000 2924
2112 0.002000 2924
2113 0.002000 2924
2114 0.002000 2924
2115 0.002000 2924
2116 0.002000 2924
2117 0.002000 2924
2118 0.002000 2924
2119 0.002000 2924
2120 0.002000 2924
2121 0.002000 2924
2122 0.002000 2924
2123 0.002000 2924
2124 0.002000 2924
2125 0.002000 2924
2126 0.002000 2924
2127 0.002000 2924
2128 0.002000 2924
2129 0.002000 2924
2130 0.002000 2924
2131 0.002000 2924
2132 0.002000 2924
2133 0.002000 2924
2134 0.002000 2924
2135 0.002000 2924
2136 0.002000 2924
2137 0.002000 2924
2138 0.002000 2924
2139 0.002000 2924
2140 0.002000 2924
2141 0.002000 2924
2142 0.002000 2924
2143 0.002000 2924
2144 0.002000 2924
2145 0.002000 2924
2146 0.002000 2924
2147 0.002000 2924
2148 0.002000 2924
2149 0.002000 2924
2150 0.002000 2924
2151 0.002000 2924
2152 0.002000 2924
2153 0.002000 2924
2154 0.002000 2924
2155 0.002000 2924
2156 0.002000 2924
2157 0.002000 2924
2158 0.002000 2924
2159 0.002000 2924
2160 0.002000 2924
2161 0.002000 2924
2162 0.002000 2924
2163 0.002000 2924
2164 0.002000 2924
2165 0.002000 2924
2166 0.002000 2924
2167 0.002000 2924
2168 0.002000 2924
2169 0.002000 2924
2170 0.002000 2924
2171 0.002000 2924
2172 0.002000 2924
2173 0.002000 2924
2174 0.002000 2924
2175 0.002000 2924
2176 0.002000 2924
2177 0.002000 2924
2178 0.002000 2924
2179 0.002000 2924
2180 0.002000 2924
2181 0.002000 2924
2182 0.002000 2924
2183 0.002000 2924
2184 0.002000 2924
2185 0.002000 2924
2186 0.002000 2924
2187 0.002000 2924
2188 0.002000 2924
2189 0.002000 2924
2190 0.002000 2924
2191 0.002000 2924
2192 0.002000 2924
2193 0.002000 2924
2194 0.002000 2924
2195 0.002000 2924
2196 0.002000 2924
2197 0.002000 2924
2198 0.002000 2924
2199 0.002000 2924
2200 0.002000 2924
2201 0.002000 2924
2202 0.002000 2924
2203 0.002000 2924
2204 0.002000 2924
2205 0.002000 2924
2206 0.002000 2924
2207 0.002000 2924
2208 0.002000 2924
2209 0.002000 2924
2210 0.002000 2924
2211 0.002000 2924
2212 0.002000 2924
2213 0.002000 2924
2214 0.002000 2924
2215 0.002000 2924
2216 0.002000 2924
2217 0.002000 2924
2218 0.002000 2924
2219 0.002000 2924
2220 0.002000 2924
2221 0.002000 2924
2222 0.002000 2924
2223 0.002000 2924
2224 0.002000 2924
2225 0.002000 2924
2226 0.002000 2924
2227 0.002000 2924
2228 0.002000 2924
2229 0.002000 2924
2230 0.002000 2924
2231 0.002000 2924
2232 0.002000 2924
2233 0.002000 2924
2234 0.002000 2924
2235 0.002000 2924
2236 0.002000 2924
2237 0.002000 2924
2238 0.002000 2924
2239 0.002000 2924
2240 0.002000 2924
2241 0.002000 2924
2242 0.002000 2924
2243 0.002000 2924
2244 0.002000 2924
2245 0.002000 2924
2246 0.002000 2924
2247 0.002000 2924
2248 0.002000 2924
2249 0.002000 2924
2250 0.002000 2924
2251 0.002000 2924
2252 0.002000 2924
2253 0.002000 2924
2254 0.002000 2924
2255 0.002000 2924
2256 0.002000 2924
2257 0.002000 2924
2258 0.002000 2924
2259 0.002000 2924
2260 0.002000 2924
2261 0.002000 2924
2262 0.002000 2924
2263 0.002000 2924
2264 0.002000 2924
2265 0.002000 2924
2266 0.002000 2924
2267 0.002000 2924
2268 0.002000 2924
2269 0.002000 2924
2270 0.002000 2924
2271 0.002000 2924
2272 0.002000 2924
2273 0.002000 2924
2274 0.002000 2924
2275 0.002000 2924
2276 0.002000 2924
2277 0.002000 2924
2278 0.002000 2924
2279 0.002000 2924
2280 0.002000 2924
2281 0.002000 2924
2282 0.002000 2924
2283 0.002000 2924
2284 0.002000 2924
2285 0.002000 2924
2286 0.002000 2924
2287 0.002000 2924
2288 0.002000 2924
2289 0.002000 2924
2290 0.002000 2924
2291 0.002000 2924
2292 0.002000 2924
2293 0.002000 2924
2294 0.002000 2924
2295 0.002000 2924
2296 0.002000 2924
2297 0.002000 2924
2298 0.002000 2924
2299 0.002000 2924
2300 0.002000 2924
2301 0.002000 2924
2302 0.002000 2924
2303 0.002000 2924
2304 0.002000 2924
2305 0.002000 2924
2306 0.002000 2924
2307 0.002000 2924
2308 0.002000 2924
2309 0.002000 2924
2310 0.002000 2924
2311 0.002000 2924
2312 0.002000 2924
2313 0.002000 2924
2314 0.002000 2924
2315 0.002000 2924
2316 0.002000 2924
2317 0.002000 2924
2318 0.002000 2924
2319 0.002000 2924
2320 0.002000 2924
2321 0.002000 2924
2322 0.002000 2924
2323 0.002000 2924
2324 0.002000 2924
2325 0.002000 2924
2326 0.002000 2924
2327 0.002000 2924
2328 0.002000 2924
2329 0.002000 2924
2330 0.002000 2924
2331 0.002000 2924
2332 0.002000 2924
2333 0.002000 2924
2334 0.002000 2924
2335 0.002000 2924
2336 0.002000 2924
2337 0.002000 2924
2338 0.002000 2924
2339 0.002000 2924
2340 0.002000 2924
2341 0.002000 2924
2342 0.002000 2924
2343 0.002000 2924
2344 0.002000 2924
2345 0.002000 2924
2346 0.002000 2924
2347 0.002000 2924
2348 0.002000 2924
2349 0.002000 2924
2350 0.002000 2924
2351 0.002000 2924
2352 0.002000 2924
2353 0.002000 2924
2354 0.002000 2924
2355 0.002000 2924
2356 0.002000 2924
2357 0.002000 2924
2358 0.002000 2924
2359 0.002000 2924
2360 0.002000 2924
2361 0.002000 2924
2362 0.002000 2924
2363 0.002000 2924
2364 0.002000 2924
2365 0.002000 2924
2366 0.002000 2924
2367 0.002000 2924
2368 0.002000 2924
2369 0.002000 2924
2370 0.002000 2924
2371 0.002000 2924
2372 0.002000 2924
2373 0.002000 2924
2374 0.002000 2924
2375 0.002000 2924
2376 0.002000 2924
2377 0.002000 2924
2378 0.002000 2924
2379 0.002000 2924
2380 0.002000 2924
2381 0.002000 2924
2382 0.002000 2924
2383 0.002000 2924
2384 0.002000 2924
2385 0.002000 2924
2386 0.002000 2924
2387 0.002000 2924
2388 0.002000 2924
2389 0.002000 2924
2390 0.002000 2924
2391 0.002000 2924
2392 0.002000 2924
2393 0.002000 2924
2394 0.002000 2924
2395 0.002000 2924
2396 0.002000 2924
2397 0.002000 2924
2398 0.002000 2924
2399 0.002000 2924
2400 0.002000 2924
2401 0.002000 2924
2402 0.002000 2924
2403 0.002000 2924
2404 0.002000 2924
2405 0.002000 2924
2406 0.002000 2924
2407 0.002000 2924
2408 0.002000 2924
2409 0.002000 2924
2410 0.002000 2924
2411 0.002000 2924
2412 0.002000 2924
2413 0.002000 2924
2414 0.002000 2924
2415 0.002000 2924
2416 0.002000 2924
2417 0.002000 2924
2418 0.002000 2924
2419 0.002000 2924
2420 0.002000 2924
2421 0.002000 2924
2422 0.002000 2924
2423 0.002000 2924
2424 0.002000 2924
2425 0.002000 2924
2426 0.002000 2924
2427 0.002000 2924
2428 0.002000 2924
2429 0.002000 2924
2430 0.002000 2924
2431 0.002000 2924
2432 0.002000 2924
2433 0.002000 2924
2434 0.002000 2924
2435 0.002000 2924
2436 0.002000 2924
2437 0.002000 2924
2438 0.002000 2924
2439 0.002000 2924
2440 0.002000 2924
2441 0.002000 2924
2442 0.002000 2924
2443 0.002000 2924
2444 0.002000 2924
2445 0.002000 2924
2446 0.002000 2924
2447 0.002000 2924
2448 0.002000 2924
2449 0.002000 2924
2450 0.002000 2924
2451 0.002000 2924
2452 0.002000 2924
2453 0.002000 2924
2454 0.002000 2924
2455 0.002000 2924
2456 0.002000 2924
2457 0.002000 2924
2458 0.002000 2924
2459 0.002000 2924
2460 0.002000 2924
2461 0.002000 2924
2462 0.002000 2924
2463 0.002000 2924
2464 0.002000 2924
2465 0.002000 2924
2466 0.002000 2924
2467 0.002000 2924
2468 0.002000 2924
2469 0.002000 2924
2470 0.002000 2924
2471 0.002000 2924
2472 0.002000 2924
2473 0.002000 2924
2474 0.002000 2924
2475 0.002000 2924
2476 0.002000 2924
2477 0.002000 2924
2478 0.002000 2924
2479 0.002000 2924
2480 0.002000 2924
2481 0.002000 2924
2482 0.002000 2924
2483 0.002000 2924
2484 0.002000 2924
2485 0.002000 2924
2486 0.002000 2924
2487 0.002000 2924
2488 0.002000 2924
2489 0.002000 2924
2490 0.002000 2924
2491 0.002000 2924
2492 0.002000 2924
2493 0.002000 2924
2494 0.002000 2924
2495 0.002000 2924
2496 0.002000 2924
2497 0.002000 2924
2498 0.002000 2924
2499 0.002000 2924
2500 0.002000 2924
2501 0.002000 2924
2502 0.002000 2924
2503 0.002000 2924
2504 0.002000 2924
2505 0.002000 2924
2506 0.002000 2924
2507 0.002000 2924
2508 0.002000 2924
2509 0.002000 2924
2510 0.002000 2924
2511 0.002000 2924
2512 0.002000 2924
2513 0.002000 2924
2514 0.002000 2924
2515 0.002000 2924
2516 0.002000 2924
2517 0.002000 2924
2518 0.002000 2924
2519 0.002000 2924
2520 0.002000 2924
2521 0.002000 2924
2522 0.002000 2924
2523 0.002000 2924
2524 0.002000 2924
2525 0.002000 2924
2526 0.002000 2924
2527 0.002000 2924
2528 0.002000 2924
2529 0.002000 2924
2530 0.002000 2924
2531 0.002000 2924
2532 0.002000 2924
2533 0.002000 2924
2534 0.002000 2924
2535 0.002000 2924
2536 0.002000 2924
2537 0.002000 2924
2538 0.002000 2924
2539 0.002000 2924
2540 0.002000 2924
2541 0.002000 2924
2542 0.002000 2924
2543 0.002000 2924
2544 0.002000 2924
2545 0.002000 2924
2546 0.002000 2924
2547 0.002000 2924
2548 0.002000 2924
2549 0.002000 2924
2550 0.002000 2924
2551 0.002000 2924
2552 0.002000 2924
2553 0.002000 2924
2554 0.002000 2924
2555 0.002000 2924
2556 0.002000 2924
2557 0.002000 2924
2558 0.002000 2924
2559 0.002000 2924
2560 0.002000 2924
2561 0.002000 2924
2562 0.002000 2924
2563 0.002000 2924
2564 0.002000 2924
2565 0.002000 2924
2566 0.002000 2924
2567 0.002000 2924
2568 0.002000 2924
2569 0.002000 2924
2570 0.002000 2924
2571 0.002000 2924
2572 0.002000 2924
2573 0.002000 2924
2574 0.002000 2924
2575 0.002000 2924
2576 0.002000 2924
2577 0.002000 2924
2578 0.002000 2924
2579 0.002000 2924
2580 0.002000 2924
2581 0.002000 2924
2582 0.002000 2924
2583 0.002000 2924
2584 0.002000 2924
2585 0.002000 2924
2586 0.002000 2924
2587 0.002000 2924
2588 0.002000 2924
2589 0.002000 2924
2590 0.002000 2924
2591 0.002000 2924
2592 0.002000 2924
2593 0.002000 2924
2594 0.002000 2924
2595 0.002000 2924
2596 0.002000 2924
2597 0.002000 2924
2598 0.002000 2924
2599 0.002000 2924
2600 0.002000 2924
2601 0.002000 2924
2602 0.002000 2924
2603 0.002000 2924
2604 0.002000 2924
2605 0.002000 2924
2606 0.002000 2924
2607 0.002000 2924
2608 0.002000 2924
2609 0.002000 2924
2610 0.002000 2924
2611 0.002000 2924
2612 0.002000 2924
2613 0.002000 2924
2614 0.002000 2924
2615 0.002000 2924
2616 0.002000 2924
2617 0.002000 2924
2618 0.002000 2924
2619 0.002000 2924
2620 0.002000 2924
2621 0.002000 2924
2622 0.002000 2924
2623 0.002000 2924
2624 0.002000 2924
2625 0.002000 2924
2626 0.002000 2924
2627 0.002000 2924
2628 0.002000 2924
2629 0.002000 2924
2630 0.002000 2924
2631 0.002000 2924
2632 0.002000 2924
2633 0.002000 2924
2634 0.002000 2924
2635 0.002000 2924
2636 0.002000 2924
2637 0.002000 2924
2638 0.002000 2924
2639 0.002000 2924
2640 0.002000 2924
2641 0.002000 2924
2642 0.002000 2924
2643 0.002000 2924
2644 0.002000 2924
2645 0.002000 2924
2646 0.002000 2924
2647 0.002000 2924
2648 0.002000 2924
2649 0.002000 2924
2650 0.002000 2924
2651 0.002000 2924
2652 0.002000 2924
2653 0.002000 2924
2654 0.002000 2924
2655 0.002000 2924
2656 0.002000 2924
2657 0.002000 2924
2658 0.002000 2924
2659 0.002000 2924
2660 0.002000 2924
2661 0.002000 2924
2662 0.002000 2924
2663 0.002000 2924
2664 0.002000 2924
2665 0.002000 2924
2666 0.002000 2924
2667 0.002000 2924
2668 0.002000 2924
2669 0.002000 2924
2670 0.002000 2924
2671 0.002000 2924
2672 0.002000 2924
2673 0.002000 2924
2674 0.002000 2924
2675 0.002000 2924
2676 0.002000 2924
2677 0.002000 2924
2678 0.002000 2924
2679 0.002000 2924
2680 0.002000 2924
2681 0.002000 2924
2682 0.002000 2924
2683 0.002000 2924
2684 0.002000 2924
2685 0.002000 2924
2686 0.002000 2924
2687 0.002000 2924
2688 0.002000 2924
2689 0.002000 2924
2690 0.002000 2924
2691 0.002000 2924
2692 0.002000 2924
2693 0.002000 2924
2694 0.002000 2924
2695 0.002000 2924
2696 0.002000 2924
2697 0.002000 2924
2698 0.002000 2924
2699 0.002000 2924
2700 0.002000 2924
2701 0.002000 2924
2702 0.002000 2924
2703 0.002000 2924
2704 0.002000 2924
2705 0.002000 2924
2706 0.002000 2924
2707 0.002000 2924
2708 0.002000 2924
2709 0.002000 2924
2710 0.002000 2924
2711 0.002000 2924
2712 0.002000 2924
2713 0.002000 2924
2714 0.002000 2924
2715 0.002000 2924
2716 0.002000 2924
2717 0.002000 2924
2718 0.002000 2924
2719 0.002000 2924
2720 0.002000 2924
2721 0.002000 2924
2722 0.002000 2924
2723 0.002000 2924
2724 0.002000 2924
2725 0.002000 2924
2726 0.002000 2924
2727 0.002000 2924
2728 0.002000 2924
2729 0.002000 2924
2730 0.002000 2924
2731 0.002000 2924
2732 0.002000 2924
2733 0.002000 2924
2734 0.002000 2924
2735 0.002000 2924
2736 0.002000 2924
2737 0.002000 2924
2738 0.002000 2924
2739 0.002000 2924
2740 0.002000 2924
2741 0.002000 2924
2742 0.002000 2924
2743 0.002000 2924
2744 0.002000 2924
2745 0.002000 2924
2746 0.002000 2924
2747 0.002000 2924
2748 0.002000 2924
2749 0.002000 2924
2750 0.002000 2924
2751 0.002000 2924
2752 0.002000 2924
2753 0.002000 2924
2754 0.002000 2924
2755 0.002000 2924
2756 0.002000 2924
2757 0.002000 2924
2758 0.002000 2924
2759 0.002000 2924
2760 0.002000 2924
2761 0.002000 2924
2762 0.002000 2924
2763 0.002000 2924
2764 0.002000 2924
2765 0.002000 2924
2766 0.002000 2924
2767 0.002000 2924
2768 0.002000 2924
2769 0.002000 2924
2770 0.002000 2924
2771 0.002000 2924
2772 0.002000 2924
2773 0.002000 2924
2774 0.002000 2924
2775 0.002000 2924
2776 0.002000 2924
2777 0.002000 2924
2778 0.002000 2924
2779 0.002000 2924
2780 0.002000 2924
2781 0.002000 2924
2782 0.002000 2924
2783 0.002000 2924
2784 0.002000 2924
2785 0.002000 2924
2786 0.002000 2924
2787 0.002000 2924
2788 0.002000 2924
2789 0.002000 2924
2790 0.002000 2924
2791 0.002000 2924
2792 0.002000 2924
2793 0.002000 2924
2794 0.002000 2924
2795 0.003000 2924
2796 0.003000 2924
2797 0.003000 2924
2798 0.003000 2924
2799 0.003000 2924
2800 0.003000 2924
2801 0.003000 2924
2802 0.003000 2924
2803 0.003000 2924
2804 0.003000 2924
2805 0.003000 2924
2806 0.003000 2924
2807 0.003000 2924
2808 0.003000 2924
2809 0.003000 2924
2810 0.003000 2924
2811 0.003000 2924
2812 0.003000 2924
2813 0.003000 2924
2814 0.003000 2924
2815 0.003000 2924
2816 0.003000 2924
2817 0.003000 2924
2818 0.003000 2924
2819 0.003000 2924
2820 0.003000 2924
2821 0.003000 2924
2822 0.003000 2924
2823 0.003000 2924
2824 0.003000 2924
2825 0.003000 2924
2826 0.003000 2924
2827 0.003000 2924
2828 0.003000 2924
2829 0.003000 2924
2830 0.003000 2924
2831 0.003000 2924
2832 0.003000 2924
2833 0.003000 2924
2834 0.003000 2924
2835 0.003000 2924
2836 0.003000 2924
2837 0.003000 2924
2838 0.003000 2924
2839 0.003000 2924
2840 0.003000 2924
2841 0.003000 2924
2842 0.003000 2924
2843 0.003000 2924
2844 0.003000 2924
2845 0.003000 2924
2846 0.003000 2924
2847 0.003000 2924
2848 0.003000 2924
2849 0.003000 2924
2850 0.003000 2924
2851 0.003000 2924
2852 0.003000 2924
2853 0.003000 2924
2854 0.003000 2924
2855 0.003000 2924
2856 0.003000 2924
2857 0.003000 2924
2858 0.003000 2924
2859 0.003000 2924
2860 0.003000 2924
2861 0.003000 2924
2862 0.003000 2924
2863 0.003000 2924
2864 0.003000 2924
2865 0.003000 2924
2866 0.003000 2924
2867 0.003000 2924
2868 0.003000 2924
2869 0.003000 2924
2870 0.003000 2924
2871 0.003000 2924
2872 0.003000 2924
2873 0.003000 2924
2874 0.003000 2924
2875 0.003000 2924
2876 0.003000 2924
2877 0.003000 2924
2878 0.003000 2924
2879 0.003000 2924
2880 0.003000 2924
2881 0.003000 2924
2882 0.003000 2924
2883 0.003000 2924
2884 0.003000 2924
2885 0.003000 2924
2886 0.003000 2924
2887 0.003000 2924
2888 0.003000 2924
2889 0.003000 2924
2890 0.003000 2924
2891 0.003000 2924
2892 0.003000 2924
2893 0.003000 2924
2894 0.003000 2924
2895 0.003000 2924
2896 0.003000 2924
2897 0.003000 2924
2898 0.003000 2924
2899 0.003000 2924
2900 0.003000 2924
2901 0.003000 2924
2902 0.003000 2924
2903 0.003000 2924
2904 0.003000 2924
2905 0.003000 2924
2906 0.003000 2924
2907 0.003000 2924
2908 0.003000 2924
2909 0.003000 2924
2910 0.003000 2924
2911 0.003000 2924
2912 0.003000 2924
2913 0.003000 2924
2914 0.003000 2924
2915 0.003000 2924
2916 0.003000 2924
2917 0.003000 2924
2918 0.003000 2924
2919 0.003000 2924
2920 0.003000 2924
2921 0.003000 2924
2922 0.003000 2924
2923 0.003000 2924
2924 0.003000 2924
2925 0.003000 2924
2926 0.003000 2924
2927 0.003000 2924
2928 0.003000 2924
2929 0.003000 2924
2930 0.003000 2924
2931 0.003000 2924
2932 0.003000 2924
2933 0.003000 2924
2934 0.003000 2924
2935 0.003000 2924
2936 0.003000 2924
2937 0.003000 2924
2938 0.003000 2924
2939 0.003000 2924
2940 0.003000 2924
2941 0.003000 2924
2942 0.003000 2924
2943 0.003000 2924
2944 0.003000 2924
2945 0.003000 2924
2946 0.003000 2924
2947 0.003000 2924
2948 0.003000 2924
2949 0.003000 2924
2950 0.003000 2924
2951 0.003000 2924
2952 0.003000 2924
2953 0.003000 2924
2954 0.003000 2924
2955 0.003000 2924
2956 0.003000 2924
2957 0.003000 2924
2958 0.003000 2924
2959 0.003000 2924
2960 0.003000 2924
2961 0.003000 2924
2962 0.003000 2924
2963 0.003000 2924
2964 0.003000 2924
2965 0.003000 2924
2966 0.003000 2924
2967 0.003000 2924
2968 0.003000 2924
2969 0.003000 2924
2970 0.003000 2924
2971 0.003000 2924
2972 0.003000 2924
2973 0.003000 2924
2974 0.003000 2924
2975 0.003000 2924
2976 0.003000 2924
2977 0.003000 2924
2978 0.003000 2924
2979 0.003000 2924
2980 0.003000 2924
2981 0.003000 2924
2982 0.003000 2924
2983 0.003000 2924
2984 0.003000 2924
2985 0.003000 2924
2986 0.003000 2924
2987 0.003000 2924
2988 0.003000 2924
2989 0.003000 2924
2990 0.003000 2924
2991 0.003000 2924
2992 0.003000 2924
2993 0.003000 2924
2994 0.003000 2924
2995 0.003000 2924
2996 0.003000 2924
2997 0.003000 2924
2998 0.003000 2924
2999 0.003000 2924
3000 0.003000 2924
# Final Best Cost: 2924
