# first_value: 3401
# Instance: eil101.tsp
# Method: random-search
# output: time cost
0 3401
1 0.000000 3313
2 0.000000 3313
3 0.000000 3313
4 0.000000 3313
5 0.000000 3135
6 0.000000 3135
7 0.000000 3135
8 0.000000 3135
9 0.000000 3135
10 0.000000 3135
11 0.000000 3135
12 0.000000 3135
13 0.000000 3135
14 0.000000 3135
15 0.000000 3135
16 0.000000 3135
17 0.000000 3135
18 0.000000 3135
19 0.000000 3135
20 0.000000 3135
21 0.000000 3135
22 0.000000 3135
23 0.000000 3135
24 0.000000 3135
25 0.000000 3135
26 0.000000 3135
27 0.000000 3135
28 0.000000 3135
29 0.000000 3135
30 0.000000 3135
31 0.000000 3135
32 0.000000 3135
33 0.000000 3135
34 0.000000 3135
35 0.000000 3135
36 0.000000 3135
37 0.000000 3135
38 0.000000 3135
39 0.000000 3135
40 0.000000 3135
41 0.000000 3135
42 0.000000 3135
43 0.000000 3135
44 0.000000 3135
45 0.000000 3135
46 0.000000 3135
47 0.000000 3135
48 0.000000 3135
49 0.000000 3135
50 0.000000 3135
51 0.000000 3135
52 0.000000 3133
53 0.000000 3133
54 0.000000 3133
55 0.000000 3133
56 0.000000 3133
57 0.000000 3133
58 0.000000 3133
59 0.000000 3133
60 0.000000 3133
61 0.000000 3133
62 0.000000 3133
63 0.000000 3133
64 0.000000 3133
65 0.000000 3133
66 0.000000 3133
67 0.000000 3133
68 0.000000 3113
69 0.000000 3113
70 0.000000 3113
71 0.000000 3113
72 0.000000 3113
73 0.000000 3113
74 0.000000 3113
75 0.000000 3113
76 0.000000 3113
77 0.000000 3113
78 0.000000 3113
79 0.000000 3113
80 0.000000 3113
81 0.000000 3113
82 0.000000 3113
83 0.000000 3113
84 0.000000 3113
85 0.000000 3113
86 0.000000 3113
87 0.000000 3113
88 0.000000 3113
89 0.000000 3113
90 0.000000 3113
91 0.000000 3113
92 0.000000 3113
93 0.000000 3113
94 0.000000 3113
95 0.000000 3113
96 0.000000 3113
97 0.000000 3113
98 0.000000 3113
99 0.000000 3113
100 0.000000 3113
101 0.000000 3113
102 0.000000 3113
103 0.000000 3113
104 0.000000 3113
105 0.000000 3113
106 0.000000 3113
107 0.000000 3113
108 0.000000 3113
109 0.000000 3113
110 0.000000 3113
111 0.000000 3113
112 0.000000 3113
113 0.000000 3113
114 0.000000 3113
115 0.000000 3113
116 0.000000 3113
117 0.000000 3113
118 0.000000 3113
119 0.000000 3113
120 0.000000 3113
121 0.000000 3113
122 0.000000 3113
123 0.000000 3113
124 0.000000 3113
125 0.000000 3113
126 0.000000 3113
127 0.000000 3113
128 0.000000 3113
129 0.000000 3113
130 0.000000 3113
131 0.000000 3113
132 0.000000 3036
133 0.000000 3036
134 0.000000 3036
135 0.000000 3036
136 0.000000 3036
137 0.000000 3036
138 0.000000 3036
139 0.000000 3036
140 0.000000 3036
141 0.000000 3036
142 0.000000 3036
143 0.000000 3036
144 0.000000 3036
145 0.000000 3036
146 0.000000 3036
147 0.000000 3036
148 0.000000 3036
149 0.000000 3036
150 0.000000 3036
151 0.000000 3036
152 0.000000 3036
153 0.000000 3036
154 0.000000 3036
155 0.000000 3036
156 0.000000 3036
157 0.000000 3036
158 0.000000 3036
159 0.000000 3036
160 0.000000 3036
161 0.000000 3036
162 0.000000 3036
163 0.000000 3036
164 0.000000 3036
165 0.000000 3036
166 0.000000 3036
167 0.000000 3036
168 0.000000 3036
169 0.000000 3036
170 0.000000 3036
171 0.000000 3036
172 0.000000 3036
173 0.000000 3036
174 0.000000 3036
175 0.000000 3036
176 0.000000 3036
177 0.000000 3036
178 0.000000 3036
179 0.000000 3036
180 0.000000 3036
181 0.000000 3036
182 0.000000 3036
183 0.000000 3036
184 0.000000 3036
185 0.000000 3036
186 0.000000 3036
187 0.000000 3036
188 0.000000 3036
189 0.000000 3036
190 0.000000 3036
191 0.000000 3036
192 0.000000 3036
193 0.000000 3036
194 0.000000 3036
195 0.000000 3036
196 0.000000 3036
197 0.000000 3036
198 0.000000 3036
199 0.000000 3036
200 0.000000 3036
201 0.000000 3036
202 0.000000 3036
203 0.000000 3036
204 0.000000 3036
205 0.000000 3036
206 0.000000 3036
207 0.000000 3036
208 0.000000 3036
209 0.000000 3036
210 0.000000 3036
211 0.000000 3036
212 0.000000 3036
213 0.000000 3036
214 0.000000 3036
215 0.000000 3036
216 0.000000 3036
217 0.000000 3036
218 0.000000 3036
219 0.000000 3036
220 0.000000 3036
221 0.000000 3036
222 0.000000 3036
223 0.000000 3036
224 0.000000 3036
225 0.000000 3036
226 0.000000 3036
227 0.000000 3036
228 0.000000 3036
229 0.000000 3036
230 0.000000 3036
231 0.000000 3036
232 0.000000 3036
233 0.000000 3036
234 0.000000 3036
235 0.000000 3036
236 0.000000 3036
237 0.000000 3036
238 0.000000 3036
239 0.000000 3036
240 0.000000 3036
241 0.000000 3036
242 0.000000 3036
243 0.000000 3036
244 0.000000 3036
245 0.000000 3036
246 0.000000 3036
247 0.000000 3036
248 0.000000 3036
249 0.000000 3036
250 0.000000 3036
251 0.000000 3036
252 0.000000 3036
253 0.000000 3036
254 0.000000 3036
255 0.000000 3036
256 0.000000 3036
257 0.000000 3036
258 0.000000 3036
259 0.000000 3036
260 0.000000 3036
261 0.000000 3036
262 0.000000 3036
263 0.000000 3036
264 0.000000 3036
265 0.000000 3036
266 0.000000 3036
267 0.000000 3036
268 0.000000 3036
269 0.000000 3036
270 0.000000 3036
271 0.000000 3036
272 0.000000 3036
273 0.000000 3036
274 0.000000 3036
275 0.000000 3036
276 0.000000 3036
277 0.000000 3036
278 0.000000 3036
279 0.000000 3036
280 0.000000 3036
281 0.000000 3036
282 0.000000 3036
283 0.000000 3036
284 0.000000 3036
285 0.000000 3036
286 0.000000 3036
287 0.000000 3036
288 0.000000 3036
289 0.000000 3036
290 0.000000 3036
291 0.000000 3036
292 0.000000 3036
293 0.000000 3036
294 0.000000 3036
295 0.000000 3036
296 0.000000 3036
297 0.000000 3036
298 0.000000 3036
299 0.000000 3036
300 0.000000 3036
301 0.000000 3036
302 0.000000 3036
303 0.000000 3036
304 0.000000 3036
305 0.000000 3036
306 0.000000 3036
307 0.000000 3036
308 0.000000 3036
309 0.000000 3036
310 0.000000 3036
311 0.000000 3036
312 0.000000 3036
313 0.000000 3036
314 0.000000 3036
315 0.000000 3036
316 0.000000 3036
317 0.000000 3036
318 0.000000 3036
319 0.000000 3036
320 0.000000 3036
321 0.000000 3036
322 0.000000 3036
323 0.000000 3036
324 0.000000 3036
325 0.000000 3036
326 0.000000 3036
327 0.000000 3036
328 0.000000 3036
329 0.000000 3036
330 0.000000 3036
331 0.000000 3036
332 0.000000 3036
333 0.000000 3036
334 0.000000 3036
335 0.000000 3036
336 0.000000 3036
337 0.000000 3036
338 0.000000 3036
339 0.000000 3036
340 0.000000 3036
341 0.000000 3036
342 0.000000 3036
343 0.000000 3036
344 0.000000 3036
345 0.000000 3036
346 0.000000 3036
347 0.000000 3036
348 0.000000 3036
349 0.000000 3036
350 0.000000 3036
351 0.000000 3036
352 0.000000 3036
353 0.000000 3036
354 0.000000 3036
355 0.000000 3036
356 0.000000 3036
357 0.000000 3036
358 0.000000 3036
359 0.000000 3036
360 0.000000 3036
361 0.000000 3036
362 0.000000 3036
363 0.000000 3036
364 0.000000 3036
365 0.000000 3036
366 0.000000 3036
367 0.000000 3036
368 0.000000 3036
369 0.000000 3036
370 0.000000 3036
371 0.000000 3036
372 0.000000 3036
373 0.000000 3036
374 0.000000 3036
375 0.000000 3036
376 0.000000 3036
377 0.000000 3036
378 0.000000 3036
379 0.000000 3036
380 0.000000 3036
381 0.000000 3036
382 0.000000 3036
383 0.000000 3036
384 0.000000 3036
385 0.000000 3036
386 0.000000 3036
387 0.000000 3036
388 0.000000 3036
389 0.000000 3036
390 0.000000 3036
391 0.000000 3036
392 0.000000 3036
393 0.000000 3036
394 0.000000 3036
395 0.000000 3036
396 0.000000 3036
397 0.000000 3036
398 0.000000 3036
399 0.000000 3036
400 0.000000 3036
401 0.000000 3036
402 0.000000 3036
403 0.000000 3036
404 0.000000 3036
405 0.000000 3036
406 0.000000 3036
407 0.000000 3036
408 0.000000 3036
409 0.000000 3036
410 0.000000 3036
411 0.000000 3036
412 0.000000 3036
413 0.000000 3036
414 0.000000 3036
415 0.000000 3036
416 0.000000 3036
417 0.000000 3036
418 0.000000 3036
419 0.000000 3036
420 0.000000 3036
421 0.000000 3036
422 0.000000 3036
423 0.000000 3036
424 0.000000 3036
425 0.000000 3036
426 0.000000 3036
427 0.000000 3036
428 0.000000 3036
429 0.000000 3036
430 0.000000 3036
431 0.000000 3036
432 0.000000 3036
433 0.000000 3036
434 0.000000 3036
435 0.000000 3036
436 0.000000 3036
437 0.000000 3036
438 0.000000 3036
439 0.000000 3036
440 0.000000 3036
441 0.000000 3036
442 0.000000 3036
443 0.000000 3036
444 0.000000 3036
445 0.000000 3036
446 0.000000 3036
447 0.000000 3036
448 0.000000 3036
449 0.000000 3036
450 0.000000 3036
451 0.000000 3036
452 0.000000 3036
453 0.000000 3036
454 0.000000 3036
455 0.000000 3036
456 0.000000 3036
457 0.000000 3036
458 0.000000 3036
459 0.000000 3036
460 0.000000 3036
461 0.000000 3036
462 0.000000 3036
463 0.000000 3036
464 0.000000 3036
465 0.000000 3036
466 0.000000 3036
467 0.000000 3036
468 0.000000 3036
469 0.000000 3036
470 0.000000 3036
471 0.000000 3036
472 0.000000 3036
473 0.000000 3036
474 0.000000 3036
475 0.000000 3036
476 0.000000 3036
477 0.000000 3036
478 0.000000 3036
479 0.000000 3036
480 0.000000 3036
481 0.000000 3036
482 0.000000 3036
483 0.000000 3036
484 0.000000 3036
485 0.000000 3036
486 0.000000 3036
487 0.000000 3036
488 0.000000 3036
489 0.000000 3036
490 0.000000 3036
491 0.000000 3036
492 0.000000 3036
493 0.000000 3036
494 0.000000 3036
495 0.000000 3036
496 0.000000 3036
497 0.000000 3036
498 0.000000 3036
499 0.000000 3036
500 0.000000 3036
501 0.000000 3036
502 0.000000 3036
503 0.000000 3036
504 0.000000 3036
505 0.000000 3036
506 0.000000 3036
507 0.000000 3036
508 0.000000 3036
509 0.000000 3036
510 0.000000 3036
511 0.000000 3036
512 0.000000 3036
513 0.000000 3036
514 0.000000 3036
515 0.000000 3036
516 0.000000 3036
517 0.000000 3036
518 0.000000 3036
519 0.000000 3036
520 0.000000 3036
521 0.000000 3036
522 0.000000 3036
523 0.000000 3036
524 0.000000 3036
525 0.000000 3036
526 0.000000 3036
527 0.000000 3036
528 0.000000 3036
529 0.000000 3036
530 0.000000 3036
531 0.000000 3036
532 0.000000 3036
533 0.000000 3036
534 0.000000 3036
535 0.000000 3036
536 0.000000 3036
537 0.000000 3036
538 0.000000 3036
539 0.000000 3036
540 0.000000 3036
541 0.000000 3036
542 0.000000 3036
543 0.000000 3036
544 0.000000 3036
545 0.000000 3036
546 0.000000 3036
547 0.000000 3036
548 0.000000 3036
549 0.000000 3036
550 0.000000 3036
551 0.000000 3036
552 0.000000 3036
553 0.000000 3036
554 0.000000 3036
555 0.000000 3036
556 0.000000 3036
557 0.000000 3036
558 0.000000 3036
559 0.000000 3036
560 0.000000 3036
561 0.000000 3036
562 0.000000 3036
563 0.000000 3036
564 0.000000 3036
565 0.000000 3036
566 0.000000 3036
567 0.000000 3036
568 0.000000 3036
569 0.000000 3036
570 0.000000 3036
571 0.000000 3036
572 0.000000 3036
573 0.000000 3036
574 0.000000 3036
575 0.000000 3036
576 0.000000 3036
577 0.000000 3036
578 0.000000 3036
579 0.000000 3036
580 0.000000 3036
581 0.000000 3036
582 0.000000 3036
583 0.000000 3036
584 0.000000 3036
585 0.000000 3036
586 0.000000 3036
587 0.000000 3036
588 0.000000 3036
589 0.000000 3036
590 0.000000 3036
591 0.000000 3036
592 0.000000 3036
593 0.000000 3036
594 0.000000 3036
595 0.000000 3036
596 0.000000 3036
597 0.000000 3036
598 0.000000 3036
599 0.000000 3036
600 0.000000 3036
601 0.000000 3036
602 0.000000 3036
603 0.000000 3036
604 0.000000 3036
605 0.000000 3036
606 0.000000 3036
607 0.000000 3036
608 0.000000 3036
609 0.000000 3036
610 0.000000 3036
611 0.000000 3036
612 0.000000 3036
613 0.000000 3036
614 0.000000 3036
615 0.000000 3036
616 0.000000 3036
617 0.000000 3036
618 0.000000 3036
619 0.000000 3036
620 0.000000 3036
621 0.000000 3036
622 0.000000 3036
623 0.000000 3036
624 0.000000 3036
625 0.000000 3036
626 0.000000 3036
627 0.000000 3036
628 0.000000 3036
629 0.000000 3036
630 0.000000 3036
631 0.000000 3036
632 0.000000 3036
633 0.000000 3036
634 0.000000 3036
635 0.000000 3036
636 0.000000 3036
637 0.000000 3036
638 0.000000 3036
639 0.000000 3036
640 0.000000 3036
641 0.000000 3036
642 0.000000 3036
643 0.000000 3036
644 0.000000 3036
645 0.000000 3036
646 0.000000 3036
647 0.000000 3036
648 0.000000 3036
649 0.000000 3036
650 0.000000 3036
651 0.000000 3036
652 0.000000 3036
653 0.000000 3036
654 0.000000 3036
655 0.000000 3036
656 0.000000 3036
657 0.000000 3036
658 0.000000 3036
659 0.000000 3036
660 0.000000 3036
661 0.000000 2935
662 0.000000 2935
663 0.000000 2935
664 0.000000 2935
665 0.000000 2935
666 0.000000 2935
667 0.000000 2935
668 0.000000 2935
669 0.000000 2935
670 0.000000 2935
671 0.000000 2935
672 0.000000 2935
673 0.000000 2935
674 0.000000 2935
675 0.000000 2935
676 0.000000 2935
677 0.000000 2935
678 0.000000 2935
679 0.000000 2935
680 0.000000 2935
681 0.000000 2935
682 0.000000 2935
683 0.000000 2935
684 0.000000 2935
685 0.000000 2935
686 0.000000 2935
687 0.000000 2935
688 0.000000 2935
689 0.000000 2935
690 0.000000 2935
691 0.000000 2935
692 0.000000 2935
693 0.000000 2935
694 0.000000 2935
695 0.000000 2935
696 0.000000 2935
697 0.000000 2935
698 0.000000 2935
699 0.000000 2935
700 0.000000 2935
701 0.000000 2935
702 0.000000 2935
703 0.000000 2935
704 0.000000 2935
705 0.000000 2935
706 0.000000 2935
707 0.000000 2935
708 0.000000 2935
709 0.000000 2935
710 0.000000 2935
711 0.000000 2935
712 0.000000 2935
713 0.000000 2935
714 0.000000 2935
715 0.000000 2935
716 0.000000 2935
717 0.000000 2935
718 0.000000 2935
719 0.000000 2935
720 0.000000 2935
721 0.000000 2935
722 0.000000 2935
723 0.000000 2935
724 0.000000 2935
725 0.000000 2935
726 0.000000 2935
727 0.000000 2935
728 0.000000 2935
729 0.000000 2935
730 0.000000 2935
731 0.000000 2935
732 0.000000 2935
733 0.000000 2935
734 0.000000 2935
735 0.000000 2935
736 0.000000 2935
737 0.000000 2935
738 0.000000 2935
739 0.000000 2935
740 0.000000 2935
741 0.000000 2935
742 0.000000 2935
743 0.000000 2935
744 0.000000 2935
745 0.000000 2935
746 0.000000 2935
747 0.000000 2935
748 0.000000 2935
749 0.000000 2935
750 0.000000 2935
751 0.000000 2935
752 0.000000 2935
753 0.000000 2935
754 0.000000 2935
755 0.000000 2935
756 0.000000 2935
757 0.000000 2935
758 0.000000 2935
759 0.000000 2935
760 0.000000 2935
761 0.000000 2935
762 0.000000 2935
763 0.000000 2935
764 0.000000 2935
765 0.000000 2935
766 0.000000 2935
767 0.000000 2935
768 0.000000 2935
769 0.000000 2935
770 0.000000 2935
771 0.000000 2935
772 0.000000 2935
773 0.000000 2935
774 0.000000 2935
775 0.000000 2935
776 0.000000 2935
777 0.000000 2935
778 0.000000 2935
779 0.000000 2935
780 0.000000 2935
781 0.000000 2935
782 0.000000 2935
783 0.000000 2935
784 0.000000 2935
785 0.000000 2935
786 0.000000 2935
787 0.000000 2935
788 0.000000 2935
789 0.000000 2935
790 0.000000 2935
791 0.000000 2935
792 0.000000 2935
793 0.000000 2935
794 0.000000 2935
795 0.000000 2935
796 0.000000 2935
797 0.000000 2935
798 0.000000 2935
799 0.000000 2935
800 0.000000 2935
801 0.000000 2935
802 0.000000 2935
803 0.000000 2935
804 0.000000 2935
805 0.000000 2935
806 0.000000 2935
807 0.000000 2935
808 0.000000 2935
809 0.000000 2935
810 0.000000 2935
811 0.000000 2935
812 0.000000 2935
813 0.000000 2935
814 0.000000 2935
815 0.000000 2935
816 0.000000 2935
817 0.000000 2935
818 0.000000 2935
819 0.000000 2935
820 0.000000 2935
821 0.000000 2935
822 0.000000 2935
823 0.000000 2935
824 0.000000 2935
825 0.000000 2935
826 0.000000 2935
827 0.000000 2935
828 0.000000 2935
829 0.000000 2935
830 0.000000 2935
831 0.000000 2935
832 0.000000 2935
833 0.000000 2935
834 0.000000 2935
835 0.000000 2935
836 0.000000 2935
837 0.000000 2935
838 0.000000 2935
839 0.000000 2935
840 0.000000 2935
841 0.000000 2935
842 0.000000 2935
843 0.000000 2935
844 0.000000 2935
845 0.000000 2935
846 0.000000 2935
847 0.000000 2935
848 0.000000 2935
849 0.000000 2935
850 0.000000 2935
851 0.000000 2935
852 0.000000 2935
853 0.000000 2935
854 0.000000 2935
855 0.000000 2935
856 0.000000 2935
857 0.000000 2935
858 0.000000 2935
859 0.000000 2935
860 0.000000 2935
861 0.000000 2935
862 0.000000 2935
863 0.000000 2935
864 0.000000 2935
865 0.000000 2935
866 0.000000 2935
867 0.000000 2935
868 0.000000 2935
869 0.000000 2935
870 0.000000 2935
871 0.000000 2935
872 0.000000 2935
873 0.000000 2935
874 0.000000 2935
875 0.000000 2935
876 0.000000 2935
877 0.000000 2935
878 0.000000 2935
879 0.000000 2935
880 0.000000 2935
881 0.000000 2935
882 0.000000 2935
883 0.000000 2935
884 0.000000 2935
885 0.000000 2935
886 0.000000 2935
887 0.000000 2935
888 0.000000 2935
889 0.000000 2935
890 0.000000 2935
891 0.000000 2935
892 0.000000 2935
893 0.000000 2935
894 0.000000 2935
895 0.000000 2935
896 0.000000 2935
897 0.000000 2935
898 0.000000 2935
899 0.000000 2935
900 0.000000 2935
901 0.000000 2935
902 0.000000 2935
903 0.000000 2935
904 0.000000 2935
905 0.000000 2935
906 0.000000 2935
907 0.000000 2935
908 0.000000 2935
909 0.000000 2935
910 0.000000 2935
911 0.000000 2935
912 0.000000 2935
913 0.000000 2935
914 0.000000 2935
915 0.000000 2935
916 0.000000 2935
917 0.000000 2935
918 0.000000 2935
919 0.000000 2935
920 0.000000 2935
921 0.000000 2935
922 0.000000 2935
923 0.000000 2935
924 0.000000 2935
925 0.000000 2935
926 0.000000 2935
927 0.000000 2935
928 0.000000 2935
929 0.000000 2935
930 0.000000 2935
931 0.000000 2935
932 0.000000 2935
933 0.000000 2935
934 0.000000 2935
935 0.000000 2935
936 0.000000 2935
937 0.000000 2935
938 0.000000 2935
939 0.000000 2935
940 0.000000 2935
941 0.000000 2935
942 0.000000 2935
943 0.000000 2935
944 0.000000 2935
945 0.000000 2935
946 0.000000 2935
947 0.000000 2935
948 0.000000 2935
949 0.000000 2935
950 0.000000 2935
951 0.000000 2935
952 0.000000 2935
953 0.000000 2935
954 0.000000 2935
955 0.000000 2935
956 0.000000 2935
957 0.000000 2935
958 0.000000 2935
959 0.000000 2935
960 0.000000 2935
961 0.000000 2935
962 0.000000 2935
963 0.000000 2935
964 0.000000 2935
965 0.000000 2935
966 0.000000 2935
967 0.000000 2935
968 0.000000 2935
969 0.000000 2935
970 0.000000 2935
971 0.000000 2935
972 0.000000 2935
973 0.000000 2935
974 0.000000 2935
975 0.000000 2935
976 0.000000 2935
977 0.000000 2935
978 0.000000 2935
979 0.000000 2935
980 0.000000 2935
981 0.000000 2935
982 0.000000 2935
983 0.000000 2935
984 0.000000 2935
985 0.000000 2935
986 0.000000 2935
987 0.000000 2935
988 0.000000 2935
989 0.000000 2935
990 0.000000 2935
991 0.000000 2935
992 0.000000 2935
993 0.000000 2935
994 0.000000 2935
995 0.000000 2935
996 0.000000 2935
997 0.000000 2935
998 0.000000 2935
999 0.000000 2935
1000 0.000000 2935
1001 0.000000 2935
1002 0.000000 2935
1003 0.000000 2935
1004 0.000000 2935
1005 0.000000 2935
1006 0.000000 2935
1007 0.000000 2935
1008 0.000000 2935
1009 0.000000 2935
1010 0.000000 2935
1011 0.000000 2935
1012 0.000000 2935
1013 0.000000 2935
1014 0.000000 2935
1015 0.000000 2935
1016 0.000000 2935
1017 0.000000 2935
1018 0.000000 2935
1019 0.000000 2935
1020 0.000000 2935
1021 0.000000 2935
1022 0.000000 2935
1023 0.000000 2935
1024 0.000000 2935
1025 0.000000 2935
1026 0.000000 2935
1027 0.000000 2935
1028 0.000000 2935
1029 0.000000 2935
1030 0.000000 2935
1031 0.000000 2935
1032 0.000000 2935
1033 0.000000 2935
1034 0.000000 2935
1035 0.000000 2935
1036 0.000000 2935
1037 0.000000 2935
1038 0.000000 2935
1039 0.000000 2935
1040 0.000000 2935
1041 0.000000 2935
1042 0.000000 2935
1043 0.000000 2935
1044 0.000000 2935
1045 0.000000 2935
1046 0.000000 2935
1047 0.000000 2935
1048 0.000000 2935
1049 0.000000 2935
1050 0.000000 2935
1051 0.000000 2935
1052 0.000000 2935
1053 0.000000 2935
1054 0.000000 2935
1055 0.000000 2935
1056 0.000000 2935
1057 0.000000 2935
1058 0.000000 2935
1059 0.000000 2935
1060 0.000000 2935
1061 0.000000 2935
1062 0.000000 2935
1063 0.000000 2935
1064 0.000000 2935
1065 0.000000 2935
1066 0.000000 2935
1067 0.000000 2935
1068 0.000000 2935
1069 0.000000 2935
1070 0.000000 2935
1071 0.000000 2935
1072 0.000000 2935
1073 0.000000 2935
1074 0.000000 2935
1075 0.000000 2935
1076 0.000000 2935
1077 0.000000 2935
1078 0.000000 2935
1079 0.000000 2935
1080 0.000000 2935
1081 0.000000 2935
1082 0.000000 2935
1083 0.000000 2935
1084 0.000000 2935
1085 0.000000 2935
1086 0.000000 2935
1087 0.000000 2935
1088 0.000000 2935
1089 0.000000 2935
1090 0.000000 2935
1091 0.000000 2935
1092 0.000000 2935
1093 0.000000 2935
1094 0.000000 2935
1095 0.000000 2935
1096 0.000000 2935
1097 0.000000 2935
1098 0.000000 2935
1099 0.000000 2935
1100 0.000000 2935
1101 0.000000 2935
1102 0.000000 2935
1103 0.000000 2935
1104 0.000000 2935
1105 0.000000 2935
1106 0.000000 2935
1107 0.000000 2935
1108 0.000000 2935
1109 0.000000 2935
1110 0.000000 2935
1111 0.000000 2935
1112 0.000000 2935
1113 0.000000 2935
1114 0.000000 2935
1115 0.000000 2935
1116 0.000000 2935
1117 0.000000 2935
1118 0.000000 2935
1119 0.000000 2935
1120 0.000000 2935
1121 0.000000 2935
1122 0.000000 2935
1123 0.000000 2935
1124 0.000000 2935
1125 0.000000 2935
1126 0.000000 2935
1127 0.000000 2935
1128 0.000000 2935
1129 0.000000 2935
1130 0.000000 2935
1131 0.000000 2935
1132 0.000000 2935
1133 0.000000 2935
1134 0.000000 2935
1135 0.000000 2935
1136 0.000000 2935
1137 0.000000 2935
1138 0.000000 2935
1139 0.000000 2935
1140 0.000000 2935
1141 0.000000 2935
1142 0.000000 2935
1143 0.000000 2935
1144 0.000000 2935
1145 0.000000 2935
1146 0.000000 2935
1147 0.000000 2935
1148 0.000000 2935
1149 0.000000 2935
1150 0.001000 2935
1151 0.001000 2935
1152 0.001000 2935
1153 0.001000 2935
1154 0.001000 2935
1155 0.001000 2935
1156 0.001000 2935
1157 0.001000 2935
1158 0.001000 2935
1159 0.001000 2935
1160 0.001000 2935
1161 0.001000 2935
1162 0.001000 2935
1163 0.001000 2935
1164 0.001000 2935
1165 0.001000 2935
1166 0.001000 2935
1167 0.001000 2935
1168 0.001000 2935
1169 0.001000 2935
1170 0.001000 2935
1171 0.001000 2935
1172 0.001000 2935
1173 0.001000 2935
1174 0.001000 2935
1175 0.001000 2935
1176 0.001000 2935
1177 0.001000 2935
1178 0.001000 2935
1179 0.001000 2935
1180 0.001000 2935
1181 0.001000 2935
1182 0.001000 2935
1183 0.001000 2935
1184 0.001000 2935
1185 0.001000 2935
1186 0.001000 2935
1187 0.001000 2935
1188 0.001000 2935
1189 0.001000 2935
1190 0.001000 2935
1191 0.001000 2935
1192 0.001000 2935
1193 0.001000 2935
1194 0.001000 2935
1195 0.001000 2935
1196 0.001000 2935
1197 0.001000 2935
1198 0.001000 2935
1199 0.001000 2935
1200 0.001000 2935
1201 0.001000 2935
1202 0.001000 2935
1203 0.001000 2935
1204 0.001000 2935
1205 0.001000 2935
1206 0.001000 2935
1207 0.001000 2935
1208 0.001000 2935
1209 0.001000 2935
1210 0.001000 2935
1211 0.001000 2935
1212 0.001000 2935
1213 0.001000 2935
1214 0.001000 2935
1215 0.001000 2935
1216 0.001000 2935
1217 0.001000 2935
1218 0.001000 2935
1219 0.001000 2935
1220 0.001000 2935
1221 0.001000 2935
1222 0.001000 2935
1223 0.001000 2935
1224 0.001000 2935
1225 0.001000 2935
1226 0.001000 2935
1227 0.001000 2935
1228 0.001000 2935
1229 0.001000 2935
1230 0.001000 2935
1231 0.001000 2935
1232 0.001000 2935
1233 0.001000 2935
1234 0.001000 2935
1235 0.001000 2935
1236 0.001000 2935
1237 0.001000 2935
1238 0.001000 2935
1239 0.001000 2935
1240 0.001000 2935
1241 0.001000 2935
1242 0.001000 2935
1243 0.001000 2935
1244 0.001000 2935
1245 0.001000 2935
1246 0.001000 2935
1247 0.001000 2935
1248 0.001000 2935
1249 0.001000 2935
1250 0.001000 2935
1251 0.001000 2935
1252 0.001000 2935
1253 0.001000 2935
1254 0.001000 2935
1255 0.001000 2935
1256 0.001000 2935
1257 0.001000 2935
1258 0.001000 2935
1259 0.001000 2935
1260 0.001000 2935
1261 0.001000 2935
1262 0.001000 2935
1263 0.001000 2935
1264 0.001000 2935
1265 0.001000 2935
1266 0.001000 2935
1267 0.001000 2935
1268 0.001000 2935
1269 0.001000 2935
1270 0.001000 2935
1271 0.001000 2935
1272 0.001000 2935
1273 0.001000 2935
1274 0.001000 2935
1275 0.001000 2935
1276 0.001000 2935
1277 0.001000 2935
1278 0.001000 2935
1279 0.001000 2935
1280 0.001000 2935
1281 0.001000 2935
1282 0.001000 2935
1283 0.001000 2935
1284 0.001000 2935
1285 0.001000 2935
1286 0.001000 2935
1287 0.001000 2935
1288 0.001000 2935
1289 0.001000 2935
1290 0.001000 2935
1291 0.001000 2935
1292 0.001000 2935
1293 0.001000 2935
1294 0.001000 2935
1295 0.001000 2935
1296 0.001000 2935
1297 0.001000 2935
1298 0.001000 2935
1299 0.001000 2935
1300 0.001000 2935
1301 0.001000 2935
1302 0.001000 2935
1303 0.001000 2935
1304 0.001000 2935
1305 0.001000 2935
1306 0.001000 2935
1307 0.001000 2935
1308 0.001000 2935
1309 0.001000 2935
1310 0.001000 2935
1311 0.001000 2935
1312 0.001000 2935
1313 0.001000 2935
1314 0.001000 2935
1315 0.001000 2935
1316 0.001000 2935
1317 0.001000 2935
1318 0.001000 2935
1319 0.001000 2935
1320 0.001000 2935
1321 0.001000 2935
1322 0.001000 2935
1323 0.001000 2935
1324 0.001000 2935
1325 0.001000 2935
1326 0.001000 2935
1327 0.001000 2935
1328 0.001000 2935
1329 0.001000 2935
1330 0.001000 2935
1331 0.001000 2935
1332 0.001000 2935
1333 0.001000 2935
1334 0.001000 2935
1335 0.001000 2935
1336 0.001000 2935
1337 0.001000 2935
1338 0.001000 2935
1339 0.001000 2935
1340 0.001000 2935
1341 0.001000 2935
1342 0.001000 2935
1343 0.001000 2935
1344 0.001000 2935
1345 0.001000 2935
1346 0.001000 2935
1347 0.001000 2935
1348 0.001000 2935
1349 0.001000 2935
1350 0.001000 2935
1351 0.001000 2935
1352 0.001000 2935
1353 0.001000 2935
1354 0.001000 2935
1355 0.001000 2935
1356 0.001000 2935
1357 0.001000 2935
1358 0.001000 2935
1359 0.001000 2935
1360 0.001000 2935
1361 0.001000 2935
1362 0.001000 2935
1363 0.001000 2935
1364 0.001000 2935
1365 0.001000 2935
1366 0.001000 2935
1367 0.001000 2935
1368 0.001000 2935
1369 0.001000 2935
1370 0.001000 2935
1371 0.001000 2935
1372 0.001000 2935
1373 0.001000 2935
1374 0.001000 2935
1375 0.001000 2935
1376 0.001000 2935
1377 0.001000 2935
1378 0.001000 2935
1379 0.001000 2935
1380 0.001000 2935
1381 0.001000 2935
1382 0.001000 2935
1383 0.001000 2935
1384 0.001000 2935
1385 0.001000 2935
1386 0.001000 2935
1387 0.001000 2935
1388 0.001000 2935
1389 0.001000 2935
1390 0.001000 2935
1391 0.001000 2935
1392 0.001000 2935
1393 0.001000 2935
1394 0.001000 2935
1395 0.001000 2935
1396 0.001000 2935
1397 0.001000 2935
1398 0.001000 2935
1399 0.001000 2935
1400 0.001000 2935
1401 0.001000 2935
1402 0.001000 2935
1403 0.001000 2935
1404 0.001000 2935
1405 0.001000 2935
1406 0.001000 2935
1407 0.001000 2935
1408 0.001000 2935
1409 0.001000 2935
1410 0.001000 2935
1411 0.001000 2935
1412 0.001000 2935
1413 0.001000 2935
1414 0.001000 2935
1415 0.001000 2935
1416 0.001000 2935
1417 0.001000 2935
1418 0.001000 2935
1419 0.001000 2935
1420 0.001000 2935
1421 0.001000 2935
1422 0.001000 2935
1423 0.001000 2935
1424 0.001000 2935
1425 0.001000 2935
1426 0.001000 2935
1427 0.001000 2935
1428 0.001000 2935
1429 0.001000 2935
1430 0.001000 2935
1431 0.001000 2935
1432 0.001000 2935
1433 0.001000 2935
1434 0.001000 2935
1435 0.001000 2935
1436 0.001000 2935
1437 0.001000 2935
1438 0.001000 2935
1439 0.001000 2935
1440 0.001000 2935
1441 0.001000 2935
1442 0.001000 2935
1443 0.001000 2935
1444 0.001000 2935
1445 0.001000 2935
1446 0.001000 2935
1447 0.001000 2935
1448 0.001000 2935
1449 0.001000 2935
1450 0.001000 2935
1451 0.001000 2935
1452 0.001000 2935
1453 0.001000 2935
1454 0.001000 2935
1455 0.001000 2935
1456 0.001000 2935
1457 0.001000 2935
1458 0.001000 2935
1459 0.001000 2935
1460 0.001000 2935
1461 0.001000 2935
1462 0.001000 2935
1463 0.001000 2935
1464 0.001000 2935
1465 0.001000 2935
1466 0.001000 2935
1467 0.001000 2935
1468 0.001000 2935
1469 0.001000 2935
1470 0.001000 2935
1471 0.001000 2935
1472 0.001000 2935
1473 0.001000 2935
1474 0.001000 2935
1475 0.001000 2935
1476 0.001000 2935
1477 0.001000 2935
1478 0.001000 2935
1479 0.001000 2935
1480 0.001000 2935
1481 0.001000 2935
1482 0.001000 2935
1483 0.001000 2935
1484 0.001000 2935
1485 0.001000 2935
1486 0.001000 2935
1487 0.001000 2935
1488 0.001000 2935
1489 0.001000 2935
1490 0.001000 2935
1491 0.001000 2935
1492 0.001000 2935
1493 0.001000 2935
1494 0.001000 2935
1495 0.001000 2935
1496 0.001000 2935
1497 0.001000 2935
1498 0.001000 2935
1499 0.001000 2935
1500 0.001000 2935
1501 0.001000 2935
1502 0.001000 2935
1503 0.001000 2935
1504 0.001000 2935
1505 0.001000 2935
1506 0.001000 2935
1507 0.001000 2935
1508 0.001000 2935
1509 0.001000 2935
1510 0.001000 2935
1511 0.001000 2935
1512 0.001000 2935
1513 0.001000 2935
1514 0.001000 2935
1515 0.001000 2935
1516 0.001000 2935
1517 0.001000 2935
1518 0.001000 2935
1519 0.001000 2935
1520 0.001000 2935
1521 0.001000 2935
1522 0.001000 2935
1523 0.001000 2935
1524 0.001000 2935
1525 0.001000 2935
1526 0.001000 2935
1527 0.001000 2935
1528 0.001000 2935
1529 0.001000 2935
1530 0.001000 2935
1531 0.001000 2935
1532 0.001000 2935
1533 0.001000 2935
1534 0.001000 2935
1535 0.001000 2935
1536 0.001000 2935
1537 0.001000 2935
1538 0.001000 2935
1539 0.001000 2935
1540 0.001000 2935
1541 0.001000 2935
1542 0.001000 2935
1543 0.001000 2935
1544 0.001000 2935
1545 0.001000 2935
1546 0.001000 2935
1547 0.001000 2935
1548 0.001000 2935
1549 0.001000 2935
1550 0.001000 2935
1551 0.001000 2935
1552 0.001000 2935
1553 0.001000 2935
1554 0.001000 2935
1555 0.001000 2935
1556 0.001000 2935
1557 0.001000 2935
1558 0.001000 2935
1559 0.001000 2935
1560 0.001000 2935
1561 0.001000 2935
1562 0.001000 2935
1563 0.001000 2935
1564 0.001000 2935
1565 0.001000 2935
1566 0.001000 2935
1567 0.001000 2935
1568 0.001000 2935
1569 0.001000 2935
1570 0.001000 2935
1571 0.001000 2935
1572 0.001000 2935
1573 0.001000 2935
1574 0.001000 2935
1575 0.001000 2935
1576 0.001000 2935
1577 0.001000 2935
1578 0.001000 2935
1579 0.001000 2935
1580 0.001000 2935
1581 0.001000 2935
1582 0.001000 2935
1583 0.001000 2935
1584 0.001000 2935
1585 0.001000 2935
1586 0.001000 2935
1587 0.001000 2935
1588 0.001000 2935
1589 0.001000 2935
1590 0.001000 2935
1591 0.001000 2935
1592 0.001000 2935
1593 0.001000 2935
1594 0.001000 2935
1595 0.001000 2935
1596 0.001000 2935
1597 0.001000 2935
1598 0.001000 2935
1599 0.001000 2935
1600 0.001000 2935
1601 0.001000 2935
1602 0.001000 2935
1603 0.001000 2935
1604 0.001000 2935
1605 0.001000 2935
1606 0.001000 2935
1607 0.001000 2935
1608 0.001000 2935
1609 0.001000 2935
1610 0.001000 2935
1611 0.001000 2935
1612 0.001000 2935
1613 0.001000 2935
1614 0.001000 2935
1615 0.001000 2935
1616 0.001000 2935
1617 0.001000 2935
1618 0.001000 2935
1619 0.001000 2935
1620 0.001000 2935
1621 0.001000 2935
1622 0.001000 2935
1623 0.001000 2935
1624 0.001000 2935
1625 0.001000 2935
1626 0.001000 2935
1627 0.001000 2935
1628 0.001000 2935
1629 0.001000 2935
1630 0.001000 2935
1631 0.001000 2935
1632 0.001000 2935
1633 0.001000 2935
1634 0.001000 2935
1635 0.001000 2935
1636 0.001000 2935
1637 0.001000 2935
1638 0.001000 2935
1639 0.001000 2935
1640 0.001000 2935
1641 0.001000 2935
1642 0.001000 2935
1643 0.001000 2935
1644 0.001000 2935
1645 0.001000 2935
1646 0.001000 2935
1647 0.001000 2935
1648 0.001000 2935
1649 0.001000 2935
1650 0.001000 2935
1651 0.001000 2935
1652 0.001000 2935
1653 0.001000 2935
1654 0.001000 2935
1655 0.001000 2935
1656 0.001000 2935
1657 0.001000 2935
1658 0.001000 2935
1659 0.001000 2935
1660 0.001000 2935
1661 0.001000 2935
1662 0.001000 2935
1663 0.001000 2935
1664 0.001000 2935
1665 0.001000 2935
1666 0.001000 2935
1667 0.001000 2935
1668 0.001000 2935
1669 0.001000 2935
1670 0.001000 2935
1671 0.001000 2935
1672 0.001000 2935
1673 0.001000 2935
1674 0.001000 2935
1675 0.001000 2935
1676 0.001000 2935
1677 0.001000 2935
1678 0.001000 2935
1679 0.001000 2935
1680 0.001000 2935
1681 0.001000 2935
1682 0.001000 2935
1683 0.001000 2935
1684 0.001000 2935
1685 0.001000 2935
1686 0.001000 2935
1687 0.001000 2935
1688 0.001000 2935
1689 0.001000 2935
1690 0.001000 2935
1691 0.001000 2935
1692 0.001000 2935
1693 0.001000 2935
1694 0.001000 2935
1695 0.001000 2935
1696 0.001000 2935
1697 0.001000 2935
1698 0.001000 2935
1699 0.001000 2935
1700 0.001000 2935
1701 0.001000 2935
1702 0.001000 2935
1703 0.001000 2935
1704 0.001000 2935
1705 0.001000 2935
1706 0.001000 2935
1707 0.001000 2935
1708 0.001000 2935
1709 0.001000 2935
1710 0.001000 2935
1711 0.001000 2935
1712 0.001000 2935
1713 0.001000 2935
1714 0.001000 2935
1715 0.001000 2935
1716 0.001000 2935
1717 0.001000 2935
1718 0.001000 2935
1719 0.001000 2935
1720 0.001000 2935
1721 0.001000 2935
1722 0.001000 2935
1723 0.001000 2935
1724 0.001000 2935
1725 0.001000 2935
1726 0.001000 2935
1727 0.001000 2935
1728 0.001000 2935
1729 0.001000 2935
1730 0.001000 2935
1731 0.001000 2935
1732 0.001000 2935
1733 0.001000 2935
1734 0.001000 2935
1735 0.001000 2935
1736 0.001000 2935
1737 0.001000 2935
1738 0.001000 2935
1739 0.001000 2935
1740 0.001000 2935
1741 0.001000 2935
1742 0.001000 2935
1743 0.001000 2935
1744 0.001000 2935
1745 0.001000 2935
1746 0.001000 2935
1747 0.001000 2935
1748 0.001000 2935
1749 0.001000 2935
1750 0.001000 2935
1751 0.001000 2935
1752 0.001000 2935
1753 0.001000 2935
1754 0.001000 2935
1755 0.001000 2935
1756 0.001000 2935
1757 0.001000 2935
1758 0.001000 2935
1759 0.001000 2935
1760 0.001000 2935
1761 0.001000 2935
1762 0.001000 2935
1763 0.001000 2935
1764 0.001000 2935
1765 0.001000 2935
1766 0.001000 2935
1767 0.001000 2935
1768 0.001000 2935
1769 0.001000 2935
1770 0.001000 2935
1771 0.001000 2935
1772 0.001000 2935
1773 0.001000 2935
1774 0.001000 2935
1775 0.001000 2935
1776 0.001000 2935
1777 0.001000 2935
1778 0.001000 2935
1779 0.001000 2935
1780 0.001000 2935
1781 0.001000 2935
1782 0.001000 2935
1783 0.001000 2935
1784 0.001000 2935
1785 0.001000 2935
1786 0.001000 2935
1787 0.001000 2935
1788 0.001000 2935
1789 0.001000 2935
1790 0.001000 2935
1791 0.001000 2935
1792 0.001000 2935
1793 0.001000 2935
1794 0.001000 2935
1795 0.001000 2935
1796 0.001000 2935
1797 0.001000 2935
1798 0.001000 2935
1799 0.001000 2935
1800 0.001000 2935
1801 0.001000 2935
1802 0.001000 2935
1803 0.001000 2935
1804 0.001000 2935
1805 0.001000 2935
1806 0.001000 2935
1807 0.001000 2935
1808 0.001000 2935
1809 0.001000 2935
1810 0.001000 2935
1811 0.001000 2935
1812 0.001000 2935
1813 0.001000 2935
1814 0.001000 2935
1815 0.001000 2935
1816 0.001000 2935
1817 0.001000 2935
1818 0.001000 2935
1819 0.001000 2935
1820 0.001000 2935
1821 0.001000 2935
1822 0.001000 2935
1823 0.001000 2935
1824 0.001000 2935
1825 0.001000 2935
1826 0.001000 2935
1827 0.001000 2935
1828 0.001000 2935
1829 0.001000 2935
1830 0.001000 2935
1831 0.001000 2935
1832 0.001000 2935
1833 0.001000 2935
1834 0.001000 2935
1835 0.001000 2935
1836 0.001000 2935
1837 0.001000 2935
1838 0.001000 2935
1839 0.001000 2935
1840 0.001000 2935
1841 0.001000 2935
1842 0.001000 2935
1843 0.001000 2935
1844 0.001000 2935
1845 0.001000 2935
1846 0.001000 2935
1847 0.001000 2935
1848 0.001000 2935
1849 0.001000 2935
1850 0.001000 2935
1851 0.001000 2935
1852 0.001000 2935
1853 0.001000 2935
1854 0.001000 2935
1855 0.001000 2935
1856 0.001000 2935
1857 0.001000 2935
1858 0.001000 2935
1859 0.001000 2935
1860 0.001000 2935
1861 0.001000 2935
1862 0.001000 2935
1863 0.001000 2935
1864 0.001000 2935
1865 0.001000 2935
1866 0.001000 2935
1867 0.001000 2935
1868 0.001000 2935
1869 0.001000 2935
1870 0.001000 2935
1871 0.001000 2935
1872 0.001000 2935
1873 0.001000 2935
1874 0.001000 2935
1875 0.001000 2935
1876 0.001000 2935
1877 0.001000 2935
1878 0.001000 2935
1879 0.001000 2935
1880 0.001000 2935
1881 0.001000 2935
1882 0.001000 2935
1883 0.001000 2935
1884 0.001000 2935
1885 0.001000 2935
1886 0.001000 2935
1887 0.001000 2935
1888 0.001000 2935
1889 0.001000 2935
1890 0.001000 2935
1891 0.001000 2935
1892 0.001000 2935
1893 0.001000 2935
1894 0.001000 2935
1895 0.001000 2935
1896 0.001000 2935
1897 0.001000 2935
1898 0.001000 2935
1899 0.001000 2935
1900 0.001000 2935
1901 0.001000 2935
1902 0.001000 2935
1903 0.001000 2935
1904 0.001000 2935
1905 0.001000 2935
1906 0.001000 2935
1907 0.001000 2935
1908 0.001000 2935
1909 0.001000 2935
1910 0.001000 2935
1911 0.001000 2935
1912 0.001000 2935
1913 0.001000 2935
1914 0.001000 2935
1915 0.001000 2935
1916 0.001000 2935
1917 0.001000 2935
1918 0.001000 2935
1919 0.001000 2935
1920 0.001000 2935
1921 0.001000 2935
1922 0.001000 2935
1923 0.001000 2935
1924 0.001000 2935
1925 0.001000 2935
1926 0.001000 2935
1927 0.001000 2935
1928 0.001000 2935
1929 0.001000 2935
1930 0.001000 2935
1931 0.001000 2935
1932 0.001000 2935
1933 0.001000 2935
1934 0.001000 2935
1935 0.001000 2935
1936 0.001000 2935
1937 0.001000 2935
1938 0.001000 2935
1939 0.001000 2935
1940 0.001000 2935
1941 0.001000 2935
1942 0.001000 2935
1943 0.001000 2935
1944 0.001000 2935
1945 0.001000 2935
1946 0.001000 2935
1947 0.001000 2935
1948 0.001000 2935
1949 0.001000 2935
1950 0.001000 2935
1951 0.001000 2935
1952 0.001000 2935
1953 0.001000 2935
1954 0.001000 2935
1955 0.001000 2935
1956 0.001000 2935
1957 0.001000 2935
1958 0.001000 2935
1959 0.001000 2935
1960 0.001000 2935
1961 0.001000 2935
1962 0.001000 2935
1963 0.001000 2935
1964 0.001000 2935
1965 0.001000 2935
1966 0.001000 2935
1967 0.001000 2935
1968 0.001000 2935
1969 0.001000 2935
1970 0.001000 2935
1971 0.001000 2935
1972 0.001000 2935
1973 0.001000 2935
1974 0.001000 2935
1975 0.001000 2935
1976 0.001000 2935
1977 0.001000 2935
1978 0.001000 2935
1979 0.001000 2935
1980 0.001000 2935
1981 0.001000 2935
1982 0.001000 2935
1983 0.001000 2935
1984 0.001000 2935
1985 0.001000 2935
1986 0.001000 2935
1987 0.001000 2935
1988 0.001000 2935
1989 0.001000 2935
1990 0.001000 2935
1991 0.001000 2935
1992 0.001000 2935
1993 0.001000 2935
1994 0.001000 2935
1995 0.001000 2935
1996 0.001000 2935
1997 0.001000 2935
1998 0.001000 2935
1999 0.001000 2935
2000 0.001000 2935
2001 0.001000 2935
2002 0.001000 2935
2003 0.001000 2935
2004 0.001000 2935
2005 0.001000 2935
2006 0.001000 2935
2007 0.001000 2935
2008 0.001000 2935
2009 0.001000 2935
2010 0.001000 2935
2011 0.001000 2935
2012 0.001000 2935
2013 0.001000 2935
2014 0.001000 2935
2015 0.001000 2935
2016 0.001000 2935
2017 0.001000 2935
2018 0.001000 2935
2019 0.001000 2935
2020 0.001000 2935
2021 0.001000 2935
2022 0.001000 2935
2023 0.001000 2935
2024 0.001000 2935
2025 0.001000 2935
2026 0.001000 2935
2027 0.001000 2935
2028 0.001000 2935
2029 0.001000 2935
2030 0.001000 2935
2031 0.001000 2935
2032 0.001000 2935
2033 0.001000 2935
2034 0.001000 2935
2035 0.001000 2935
2036 0.001000 2935
2037 0.001000 2935
2038 0.001000 2935
2039 0.001000 2935
2040 0.001000 2935
2041 0.001000 2935
2042 0.001000 2935
2043 0.001000 2935
2044 0.001000 2935
2045 0.001000 2935
2046 0.001000 2935
2047 0.001000 2935
2048 0.001000 2935
2049 0.001000 2935
2050 0.001000 2935
2051 0.001000 2935
2052 0.001000 2935
2053 0.001000 2935
2054 0.001000 2935
2055 0.001000 2935
2056 0.001000 2935
2057 0.001000 2935
2058 0.001000 2935
2059 0.001000 2935
2060 0.001000 2935
2061 0.001000 2935
2062 0.001000 2935
2063 0.001000 2935
2064 0.001000 2935
2065 0.001000 2935
2066 0.001000 2935
2067 0.001000 2935
2068 0.001000 2935
2069 0.001000 2935
2070 0.001000 2935
2071 0.001000 2935
2072 0.001000 2935
2073 0.001000 2935
2074 0.001000 2935
2075 0.001000 2935
2076 0.001000 2935
2077 0.001000 2935
2078 0.001000 2935
2079 0.001000 2935
2080 0.001000 2935
2081 0.001000 2935
2082 0.001000 2935
2083 0.001000 2935
2084 0.001000 2935
2085 0.001000 2935
2086 0.001000 2935
2087 0.001000 2935
2088 0.001000 2935
2089 0.001000 2935
2090 0.001000 2935
2091 0.001000 2935
2092 0.001000 2935
2093 0.001000 2935
2094 0.001000 2935
2095 0.001000 2935
2096 0.001000 2935
2097 0.001000 2935
2098 0.001000 2935
2099 0.001000 2935
2100 0.001000 2935
2101 0.001000 2935
2102 0.001000 2935
2103 0.001000 2935
2104 0.001000 2935
2105 0.001000 2935
2106 0.001000 2935
2107 0.001000 2935
2108 0.001000 2935
2109 0.001000 2935
2110 0.001000 2935
2111 0.001000 2935
2112 0.001000 2935
2113 0.001000 2935
2114 0.001000 2935
2115 0.001000 2935
2116 0.001000 2935
2117 0.001000 2935
2118 0.001000 2935
2119 0.001000 2935
2120 0.001000 2935
2121 0.001000 2935
2122 0.001000 2935
2123 0.001000 2935
2124 0.001000 2935
2125 0.001000 2935
2126 0.001000 2935
2127 0.001000 2935
2128 0.001000 2935
2129 0.001000 2935
2130 0.001000 2935
2131 0.001000 2935
2132 0.001000 2935
2133 0.001000 2935
2134 0.001000 2935
2135 0.001000 2935
2136 0.001000 2935
2137 0.001000 2935
2138 0.001000 2935
2139 0.001000 2935
2140 0.001000 2935
2141 0.001000 2935
2142 0.001000 2935
2143 0.001000 2935
2144 0.001000 2935
2145 0.001000 2935
2146 0.001000 2935
2147 0.001000 2935
2148 0.001000 2935
2149 0.001000 2935
2150 0.001000 2935
2151 0.001000 2935
2152 0.001000 2935
2153 0.001000 2935
2154 0.001000 2935
2155 0.001000 2935
2156 0.001000 2935
2157 0.001000 2935
2158 0.001000 2935
2159 0.001000 2935
2160 0.001000 2935
2161 0.001000 2935
2162 0.001000 2935
2163 0.001000 2935
2164 0.001000 2935
2165 0.001000 2935
2166 0.001000 2935
2167 0.001000 2935
2168 0.001000 2935
2169 0.001000 2935
2170 0.001000 2935
2171 0.001000 2935
2172 0.001000 2935
2173 0.001000 2935
2174 0.001000 2935
2175 0.001000 2935
2176 0.001000 2935
2177 0.001000 2935
2178 0.001000 2935
2179 0.001000 2935
2180 0.001000 2935
2181 0.001000 2935
2182 0.001000 2935
2183 0.001000 2935
2184 0.001000 2935
2185 0.001000 2935
2186 0.001000 2935
2187 0.001000 2935
2188 0.001000 2935
2189 0.001000 2935
2190 0.001000 2935
2191 0.001000 2935
2192 0.001000 2935
2193 0.001000 2935
2194 0.001000 2935
2195 0.001000 2935
2196 0.001000 2935
2197 0.001000 2935
2198 0.001000 2935
2199 0.001000 2935
2200 0.001000 2935
2201 0.001000 2935
2202 0.001000 2935
2203 0.001000 2935
2204 0.001000 2935
2205 0.001000 2935
2206 0.001000 2935
2207 0.001000 2935
2208 0.001000 2935
2209 0.001000 2935
2210 0.001000 2935
2211 0.001000 2935
2212 0.001000 2935
2213 0.001000 2935
2214 0.001000 2935
2215 0.001000 2935
2216 0.001000 2935
2217 0.001000 2935
2218 0.001000 2935
2219 0.001000 2935
2220 0.001000 2935
2221 0.001000 2935
2222 0.001000 2935
2223 0.001000 2935
2224 0.001000 2935
2225 0.001000 2935
2226 0.001000 2935
2227 0.001000 2935
2228 0.001000 2935
2229 0.001000 2935
2230 0.001000 2935
2231 0.001000 2935
2232 0.001000 2935
2233 0.001000 2935
2234 0.001000 2935
2235 0.001000 2935
2236 0.001000 2935
2237 0.001000 2935
2238 0.001000 2935
2239 0.001000 2935
2240 0.001000 2935
2241 0.001000 2935
2242 0.001000 2935
2243 0.001000 2935
2244 0.001000 2935
2245 0.001000 2935
2246 0.001000 2935
2247 0.001000 2935
2248 0.001000 2935
2249 0.001000 2935
2250 0.001000 2935
2251 0.001000 2935
2252 0.001000 2935
2253 0.001000 2935
2254 0.001000 2935
2255 0.001000 2935
2256 0.001000 2935
2257 0.001000 2935
2258 0.001000 2935
2259 0.001000 2935
2260 0.001000 2935
2261 0.001000 2935
2262 0.001000 2935
2263 0.001000 2935
2264 0.001000 2935
2265 0.001000 2935
2266 0.001000 2935
2267 0.001000 2935
2268 0.001000 2935
2269 0.001000 2935
2270 0.001000 2935
2271 0.001000 2935
2272 0.001000 2935
2273 0.001000 2935
2274 0.001000 2935
2275 0.001000 2935
2276 0.001000 2935
2277 0.001000 2935
2278 0.001000 2935
2279 0.001000 2935
2280 0.001000 2935
2281 0.001000 2935
2282 0.001000 2935
2283 0.001000 2935
2284 0.001000 2935
2285 0.001000 2935
2286 0.001000 2935
2287 0.001000 2935
2288 0.001000 2935
2289 0.001000 2935
2290 0.001000 2935
2291 0.001000 2935
2292 0.001000 2935
2293 0.001000 2935
2294 0.001000 2935
2295 0.001000 2935
2296 0.001000 2935
2297 0.001000 2935
2298 0.001000 2935
2299 0.001000 2935
2300 0.001000 2935
2301 0.001000 2935
2302 0.001000 2935
2303 0.001000 2935
2304 0.001000 2935
2305 0.001000 2935
2306 0.001000 2935
2307 0.001000 2935
2308 0.001000 2935
2309 0.001000 2935
2310 0.001000 2935
2311 0.001000 2935
2312 0.001000 2935
2313 0.001000 2935
2314 0.001000 2935
2315 0.001000 2935
2316 0.001000 2935
2317 0.001000 2935
2318 0.001000 2935
2319 0.001000 2935
2320 0.001000 2935
2321 0.001000 2935
2322 0.001000 2935
2323 0.001000 2935
2324 0.001000 2935
2325 0.001000 2935
2326 0.001000 2935
2327 0.001000 2935
2328 0.001000 2935
2329 0.001000 2935
2330 0.001000 2935
2331 0.001000 2935
2332 0.001000 2935
2333 0.001000 2935
2334 0.001000 2935
2335 0.001000 2935
2336 0.001000 2935
2337 0.001000 2935
2338 0.001000 2935
2339 0.001000 2935
2340 0.001000 2935
2341 0.001000 2935
2342 0.001000 2935
2343 0.001000 2935
2344 0.001000 2935
2345 0.001000 2935
2346 0.001000 2935
2347 0.001000 2935
2348 0.001000 2935
2349 0.001000 2935
2350 0.001000 2935
2351 0.001000 2935
2352 0.001000 2935
2353 0.001000 2935
2354 0.001000 2935
2355 0.001000 2935
2356 0.001000 2935
2357 0.001000 2935
2358 0.001000 2935
2359 0.001000 2935
2360 0.001000 2935
2361 0.001000 2935
2362 0.001000 2935
2363 0.001000 2935
2364 0.001000 2935
2365 0.001000 2935
2366 0.001000 2935
2367 0.001000 2935
2368 0.001000 2935
2369 0.001000 2935
2370 0.001000 2935
2371 0.001000 2935
2372 0.001000 2935
2373 0.001000 2935
2374 0.001000 2935
2375 0.001000 2935
2376 0.001000 2935
2377 0.001000 2935
2378 0.001000 2935
2379 0.001000 2935
2380 0.001000 2935
2381 0.001000 2935
2382 0.001000 2935
2383 0.001000 2935
2384 0.001000 2935
2385 0.001000 2935
2386 0.001000 2935
2387 0.001000 2935
2388 0.001000 2935
2389 0.001000 2935
2390 0.001000 2935
2391 0.001000 2935
2392 0.001000 2935
2393 0.001000 2935
2394 0.001000 2935
2395 0.001000 2935
2396 0.001000 2935
2397 0.001000 2935
2398 0.001000 2935
2399 0.001000 2935
2400 0.001000 2935
2401 0.001000 2935
2402 0.001000 2935
2403 0.001000 2935
2404 0.001000 2935
2405 0.001000 2935
2406 0.001000 2935
2407 0.001000 2935
2408 0.001000 2935
2409 0.001000 2935
2410 0.001000 2935
2411 0.001000 2935
2412 0.001000 2935
2413 0.001000 2935
2414 0.001000 2935
2415 0.001000 2935
2416 0.001000 2935
2417 0.001000 2935
2418 0.001000 2935
2419 0.001000 2935
2420 0.001000 2935
2421 0.001000 2935
2422 0.001000 2935
2423 0.001000 2935
2424 0.001000 2935
2425 0.001000 2935
2426 0.001000 2935
2427 0.001000 2935
2428 0.001000 2935
2429 0.001000 2935
2430 0.001000 2935
2431 0.001000 2935
2432 0.001000 2935
2433 0.001000 2935
2434 0.001000 2935
2435 0.001000 2935
2436 0.001000 2935
2437 0.001000 2935
2438 0.001000 2935
2439 0.001000 2935
2440 0.001000 2935
2441 0.001000 2935
2442 0.001000 2935
2443 0.001000 2935
2444 0.001000 2935
2445 0.001000 2935
2446 0.001000 2935
2447 0.001000 2935
2448 0.001000 2935
2449 0.001000 2935
2450 0.001000 2935
2451 0.001000 2935
2452 0.001000 2935
2453 0.001000 2935
2454 0.001000 2935
2455 0.001000 2935
2456 0.001000 2935
2457 0.001000 2935
2458 0.001000 2935
2459 0.001000 2935
2460 0.001000 2935
2461 0.001000 2935
2462 0.001000 2935
2463 0.001000 2935
2464 0.001000 2935
2465 0.001000 2935
2466 0.001000 2935
2467 0.001000 2935
2468 0.001000 2935
2469 0.001000 2935
2470 0.001000 2935
2471 0.001000 2935
2472 0.001000 2935
2473 0.001000 2935
2474 0.001000 2935
2475 0.001000 2935
2476 0.001000 2935
2477 0.001000 2935
2478 0.001000 2935
2479 0.001000 2935
2480 0.001000 2935
2481 0.001000 2935
2482 0.001000 2935
2483 0.001000 2935
2484 0.001000 2935
2485 0.001000 2935
2486 0.001000 2935
2487 0.001000 2935
2488 0.001000 2935
2489 0.001000 2935
2490 0.001000 2935
2491 0.001000 2935
2492 0.001000 2935
2493 0.001000 2935
2494 0.001000 2935
2495 0.001000 2935
2496 0.001000 2935
2497 0.001000 2935
2498 0.001000 2935
2499 0.001000 2935
2500 0.001000 2935
2501 0.001000 2935
2502 0.001000 2935
2503 0.001000 2935
2504 0.001000 2935
2505 0.001000 2935
2506 0.001000 2935
2507 0.001000 2935
2508 0.001000 2935
2509 0.001000 2935
2510 0.001000 2935
2511 0.001000 2935
2512 0.001000 2935
2513 0.001000 2935
2514 0.001000 2935
2515 0.001000 2935
2516 0.001000 2935
2517 0.001000 2935
2518 0.001000 2935
2519 0.001000 2935
2520 0.001000 2935
2521 0.001000 2935
2522 0.001000 2935
2523 0.001000 2935
2524 0.001000 2935
2525 0.001000 2935
2526 0.001000 2935
2527 0.001000 2935
2528 0.001000 2935
2529 0.001000 2935
2530 0.001000 2935
2531 0.001000 2935
2532 0.001000 2935
2533 0.001000 2935
2534 0.001000 2935
2535 0.001000 2935
2536 0.001000 2935
2537 0.001000 2935
2538 0.001000 2935
2539 0.001000 2935
2540 0.001000 2935
2541 0.001000 2935
2542 0.001000 2935
2543 0.001000 2935
2544 0.001000 2935
2545 0.001000 2935
2546 0.001000 2935
2547 0.001000 2935
2548 0.001000 2935
2549 0.001000 2935
2550 0.001000 2935
2551 0.001000 2935
2552 0.001000 2935
2553 0.001000 2935
2554 0.001000 2935
2555 0.001000 2935
2556 0.001000 2935
2557 0.001000 2935
2558 0.001000 2935
2559 0.001000 2935
2560 0.001000 2935
2561 0.001000 2935
2562 0.001000 2935
2563 0.001000 2935
2564 0.001000 2935
2565 0.001000 2935
2566 0.001000 2935
2567 0.001000 2935
2568 0.001000 2935
2569 0.001000 2935
2570 0.001000 2935
2571 0.001000 2935
2572 0.001000 2935
2573 0.001000 2935
2574 0.001000 2935
2575 0.001000 2935
2576 0.001000 2935
2577 0.001000 2935
2578 0.001000 2935
2579 0.001000 2935
2580 0.001000 2935
2581 0.001000 2935
2582 0.001000 2935
2583 0.001000 2935
2584 0.001000 2935
2585 0.001000 2935
2586 0.001000 2935
2587 0.001000 2935
2588 0.001000 2935
2589 0.001000 2935
2590 0.001000 2935
2591 0.001000 2935
2592 0.001000 2935
2593 0.001000 2935
2594 0.001000 2935
2595 0.001000 2935
2596 0.001000 2935
2597 0.001000 2935
2598 0.001000 2935
2599 0.001000 2935
2600 0.001000 2935
2601 0.001000 2935
2602 0.001000 2935
2603 0.001000 2935
2604 0.001000 2935
2605 0.001000 2935
2606 0.001000 2935
2607 0.001000 2935
2608 0.001000 2935
2609 0.001000 2935
2610 0.001000 2935
2611 0.001000 2935
2612 0.001000 2935
2613 0.001000 2935
2614 0.001000 2935
2615 0.001000 2935
2616 0.001000 2935
2617 0.001000 2935
2618 0.001000 2935
2619 0.001000 2935
2620 0.001000 2935
2621 0.001000 2935
2622 0.001000 2935
2623 0.001000 2935
2624 0.001000 2935
2625 0.001000 2935
2626 0.001000 2935
2627 0.001000 2935
2628 0.001000 2935
2629 0.001000 2935
2630 0.001000 2935
2631 0.001000 2935
2632 0.001000 2935
2633 0.001000 2935
2634 0.001000 2935
2635 0.001000 2935
2636 0.001000 2935
2637 0.001000 2935
2638 0.001000 2935
2639 0.001000 2935
2640 0.001000 2935
2641 0.001000 2935
2642 0.001000 2935
2643 0.001000 2935
2644 0.001000 2935
2645 0.001000 2935
2646 0.001000 2935
2647 0.001000 2935
2648 0.001000 2935
2649 0.001000 2935
2650 0.001000 2935
2651 0.001000 2935
2652 0.001000 2935
2653 0.001000 2935
2654 0.001000 2935
2655 0.001000 2935
2656 0.001000 2935
2657 0.001000 2935
2658 0.001000 2935
2659 0.001000 2935
2660 0.001000 2935
2661 0.001000 2935
2662 0.001000 2935
2663 0.001000 2935
2664 0.001000 2935
2665 0.001000 2935
2666 0.001000 2935
2667 0.001000 2935
2668 0.001000 2935
2669 0.001000 2935
2670 0.001000 2935
2671 0.001000 2935
2672 0.001000 2935
2673 0.001000 2935
2674 0.001000 2935
2675 0.001000 2935
2676 0.001000 2935
2677 0.001000 2935
2678 0.001000 2935
2679 0.001000 2935
2680 0.001000 2935
2681 0.001000 2935
2682 0.001000 2935
2683 0.001000 2935
2684 0.001000 2935
2685 0.001000 2935
2686 0.001000 2935
2687 0.001000 2935
2688 0.001000 2935
2689 0.001000 2935
2690 0.001000 2935
2691 0.001000 2935
2692 0.001000 2935
2693 0.001000 2935
2694 0.001000 2935
2695 0.001000 2935
2696 0.001000 2935
2697 0.001000 2935
2698 0.001000 2935
2699 0.001000 2935
2700 0.001000 2935
2701 0.001000 2935
2702 0.001000 2935
2703 0.001000 2935
2704 0.001000 2935
2705 0.001000 2935
2706 0.001000 2935
2707 0.001000 2935
2708 0.001000 2935
2709 0.001000 2935
2710 0.001000 2935
2711 0.001000 2935
2712 0.001000 2935
2713 0.001000 2935
2714 0.001000 2935
2715 0.001000 2935
2716 0.001000 2935
2717 0.001000 2935
2718 0.001000 2935
2719 0.001000 2935
2720 0.001000 2935
2721 0.001000 2935
2722 0.001000 2935
2723 0.001000 2935
2724 0.001000 2935
2725 0.001000 2935
2726 0.001000 2935
2727 0.001000 2935
2728 0.001000 2935
2729 0.001000 2935
2730 0.001000 2935
2731 0.001000 2935
2732 0.001000 2935
2733 0.001000 2935
2734 0.001000 2935
2735 0.001000 2935
2736 0.001000 2935
2737 0.001000 2935
2738 0.001000 2935
2739 0.001000 2935
2740 0.001000 2935
2741 0.001000 2935
2742 0.001000 2935
2743 0.001000 2935
2744 0.001000 2935
2745 0.001000 2935
2746 0.001000 2935
2747 0.001000 2935
2748 0.001000 2935
2749 0.001000 2935
2750 0.001000 2935
2751 0.001000 2935
2752 0.001000 2935
2753 0.001000 2935
2754 0.001000 2935
2755 0.001000 2935
2756 0.001000 2935
2757 0.001000 2935
2758 0.001000 2935
2759 0.001000 2935
2760 0.001000 2935
2761 0.001000 2935
2762 0.001000 2935
2763 0.001000 2935
2764 0.001000 2935
2765 0.001000 2935
2766 0.001000 2935
2767 0.001000 2935
2768 0.001000 2935
2769 0.001000 2935
2770 0.001000 2935
2771 0.001000 2935
2772 0.001000 2935
2773 0.001000 2935
2774 0.001000 2935
2775 0.001000 2935
2776 0.001000 2935
2777 0.001000 2935
2778 0.001000 2935
2779 0.001000 2935
2780 0.001000 2935
2781 0.001000 2935
2782 0.001000 2935
2783 0.001000 2935
2784 0.001000 2935
2785 0.001000 2935
2786 0.001000 2935
2787 0.001000 2935
2788 0.001000 2935
2789 0.001000 2935
2790 0.001000 2935
2791 0.001000 2935
2792 0.001000 2935
2793 0.001000 2935
2794 0.001000 2935
2795 0.001000 2935
2796 0.001000 2935
2797 0.001000 2935
2798 0.001000 2935
2799 0.001000 2935
2800 0.001000 2935
2801 0.001000 2935
2802 0.001000 2935
2803 0.001000 2935
2804 0.001000 2935
2805 0.001000 2935
2806 0.001000 2935
2807 0.001000 2935
2808 0.001000 2935
2809 0.001000 2935
2810 0.001000 2935
2811 0.001000 2935
2812 0.001000 2935
2813 0.001000 2935
2814 0.001000 2935
2815 0.001000 2935
2816 0.001000 2935
2817 0.001000 2935
2818 0.001000 2935
2819 0.001000 2935
2820 0.002000 2935
2821 0.002000 2935
2822 0.002000 2935
2823 0.002000 2935
2824 0.002000 2935
2825 0.002000 2935
2826 0.002000 2935
2827 0.002000 2935
2828 0.002000 2935
2829 0.002000 2935
2830 0.002000 2935
2831 0.002000 2935
2832 0.002000 2935
2833 0.002000 2935
2834 0.002000 2935
2835 0.002000 2935
2836 0.002000 2935
2837 0.002000 2935
2838 0.002000 2935
2839 0.002000 2935
2840 0.002000 2935
2841 0.002000 2935
2842 0.002000 2935
2843 0.002000 2935
2844 0.002000 2935
2845 0.002000 2935
2846 0.002000 2935
2847 0.002000 2935
2848 0.002000 2935
2849 0.002000 2935
2850 0.002000 2935
2851 0.002000 2935
2852 0.002000 2935
2853 0.002000 2935
2854 0.002000 2935
2855 0.002000 2935
2856 0.002000 2935
2857 0.002000 2935
2858 0.002000 2935
2859 0.002000 2935
2860 0.002000 2935
2861 0.002000 2935
2862 0.002000 2935
2863 0.002000 2935
2864 0.002000 2935
2865 0.002000 2935
2866 0.002000 2935
2867 0.002000 2935
2868 0.002000 2935
2869 0.002000 2935
2870 0.002000 2935
2871 0.002000 2935
2872 0.002000 2935
2873 0.002000 2935
2874 0.002000 2935
2875 0.002000 2935
2876 0.002000 2935
2877 0.002000 2935
2878 0.002000 2935
2879 0.002000 2935
2880 0.002000 2935
2881 0.002000 2935
2882 0.002000 2935
2883 0.002000 2935
2884 0.002000 2935
2885 0.002000 2935
2886 0.002000 2935
2887 0.002000 2935
2888 0.002000 2935
2889 0.002000 2935
2890 0.002000 2935
2891 0.002000 2935
2892 0.002000 2935
2893 0.002000 2935
2894 0.002000 2935
2895 0.002000 2935
2896 0.002000 2935
2897 0.002000 2935
2898 0.002000 2935
2899 0.002000 2935
2900 0.002000 2935
2901 0.002000 2935
2902 0.002000 2935
2903 0.002000 2935
2904 0.002000 2935
2905 0.002000 2935
2906 0.002000 2935
2907 0.002000 2935
2908 0.002000 2935
2909 0.002000 2935
2910 0.002000 2935
2911 0.002000 2935
2912 0.002000 2935
2913 0.002000 2935
2914 0.002000 2935
2915 0.002000 2935
2916 0.002000 2935
2917 0.002000 2935
2918 0.002000 2935
2919 0.002000 2935
2920 0.002000 2935
2921 0.002000 2935
2922 0.002000 2935
2923 0.002000 2935
2924 0.002000 2935
2925 0.002000 2935
2926 0.002000 2935
2927 0.002000 2935
2928 0.002000 2935
2929 0.002000 2935
2930 0.002000 2935
2931 0.002000 2935
2932 0.002000 2935
2933 0.002000 2935
2934 0.002000 2935
2935 0.002000 2935
2936 0.002000 2935
2937 0.002000 2935
2938 0.002000 2935
2939 0.002000 2935
2940 0.002000 2935
2941 0.002000 2935
2942 0.002000 2935
2943 0.002000 2935
2944 0.002000 2935
2945 0.002000 2935
2946 0.002000 2935
2947 0.002000 2935
2948 0.002000 2935
2949 0.002000 2935
2950 0.002000 2935
2951 0.002000 2935
2952 0.002000 2935
2953 0.002000 2935
2954 0.002000 2935
2955 0.002000 2935
2956 0.002000 2935
2957 0.002000 2935
2958 0.002000 2935
2959 0.002000 2935
2960 0.002000 2935
2961 0.002000 2935
2962 0.002000 2935
2963 0.002000 2935
2964 0.002000 2935
2965 0.002000 2935
2966 0.002000 2935
2967 0.002000 2935
2968 0.002000 2935
2969 0.002000 2935
2970 0.002000 2935
2971 0.002000 2935
2972 0.002000 2935
2973 0.002000 2935
2974 0.002000 2935
2975 0.002000 2935
2976 0.002000 2935
2977 0.002000 2935
2978 0.002000 2935
2979 0.002000 2935
2980 0.002000 2935
2981 0.002000 2935
2982 0.002000 2935
2983 0.002000 2935
2984 0.002000 2935
2985 0.002000 2935
2986 0.002000 2935
2987 0.002000 2935
2988 0.002000 2935
2989 0.002000 2935
2990 0.002000 2935
2991 0.002000 2935
2992 0.002000 2935
2993 0.002000 2935
2994 0.002000 2935
2995 0.002000 2935
2996 0.002000 2935
2997 0.002000 2935
2998 0.002000 2935
2999 0.002000 2935
3000 0.002000 2935
# Final Best Cost: 2935
