# Instance: eil101.tsp
# Method: simulated-annealing
# output: step cost
0 3465
0.000000 3185
0.000000 3185
0.000000 3185
0.000000 3185
0.000000 3185
0.000000 3185
0.000000 3185
0.000000 3185
0.000000 3185
0.000000 3122
0.000000 3122
0.000000 3122
0.000000 3122
0.000000 3122
0.000000 3122
0.000000 2905
0.001000 2905
0.001000 2905
0.001000 2905
0.001000 2905
0.001000 2905
0.001000 2905
0.001000 2905
0.001000 2905
0.001000 2905
0.001000 2905
0.001000 2905
0.001000 2905
0.001000 2905
0.001000 2905
0.001000 2905
0.001000 2905
0.001000 2905
0.001000 2905
0.001000 2905
0.002000 2905
0.002000 2905
0.002000 2905
0.002000 2905
0.002000 2905
0.002000 2905
0.002000 2905
0.002000 2905
0.002000 2905
0.002000 2905
0.002000 2905
0.002000 2905
0.002000 2905
0.002000 2905
0.002000 2905
0.002000 2905
0.002000 2905
0.002000 2905
0.002000 2905
0.002000 2905
0.002000 2905
0.002000 2905
0.002000 2905
0.002000 2905
0.002000 2905
0.002000 2905
0.002000 2905
0.002000 2905
0.002000 2905
0.002000 2905
0.002000 2905
0.002000 2905
0.002000 2905
0.002000 2905
0.002000 2905
0.002000 2905
0.003000 2905
0.003000 2905
0.003000 2905
0.003000 2905
0.003000 2905
0.003000 2905
0.003000 2905
0.003000 2905
0.003000 2905
0.003000 2905
0.003000 2905
0.003000 2905
0.003000 2905
0.003000 2905
0.003000 2905
0.003000 2905
0.003000 2905
0.003000 2905
0.003000 2905
0.003000 2905
0.003000 2905
0.003000 2905
0.003000 2905
0.003000 2905
0.003000 2905
0.003000 2905
0.003000 2905
0.003000 2905
0.003000 2905
0.003000 2905
0.003000 2905
0.003000 2905
0.003000 2905
0.003000 2905
0.003000 2905
0.003000 2905
0.004000 2905
0.004000 2905
0.004000 2905
0.004000 2905
0.004000 2905
0.004000 2905
0.004000 2905
0.004000 2905
0.004000 2905
0.004000 2905
0.004000 2905
0.004000 2905
0.004000 2905
0.004000 2905
0.004000 2905
0.004000 2905
0.004000 2905
0.004000 2905
0.004000 2905
0.004000 2905
0.004000 2905
0.004000 2905
0.004000 2905
0.004000 2905
0.004000 2905
0.004000 2905
0.004000 2905
0.004000 2905
0.004000 2905
0.004000 2905
0.004000 2905
0.004000 2905
0.004000 2905
0.004000 2905
0.004000 2905
0.004000 2905
0.005000 2905
0.005000 2905
0.005000 2905
0.005000 2905
0.005000 2905
0.005000 2905
0.005000 2905
0.005000 2905
0.005000 2905
0.005000 2905
0.005000 2905
0.005000 2905
0.005000 2905
0.005000 2905
0.005000 2905
0.005000 2905
0.005000 2905
0.005000 2905
0.005000 2900
0.005000 2900
0.005000 2900
0.005000 2781
0.005000 2781
0.005000 2781
0.005000 2781
0.005000 2781
0.006000 2781
0.006000 2781
0.006000 2781
0.006000 2781
0.006000 2781
0.006000 2781
0.006000 2781
0.006000 2781
0.006000 2781
0.006000 2781
0.006000 2781
0.006000 2781
0.006000 2781
0.006000 2781
0.006000 2781
0.006000 2781
0.006000 2781
0.006000 2781
0.006000 2781
0.006000 2781
0.006000 2781
0.006000 2781
0.006000 2781
0.006000 2781
0.006000 2781
0.006000 2781
0.006000 2781
0.006000 2781
0.006000 2781
0.006000 2781
0.006000 2781
0.006000 2781
0.007000 2781
0.007000 2781
0.007000 2781
0.007000 2781
0.007000 2781
0.007000 2781
0.007000 2781
0.007000 2781
0.007000 2781
0.007000 2781
0.007000 2781
0.007000 2781
0.007000 2781
0.007000 2781
0.007000 2781
0.007000 2781
0.007000 2781
0.007000 2781
0.007000 2781
0.007000 2781
0.007000 2781
0.007000 2781
0.007000 2781
0.007000 2781
0.007000 2781
0.007000 2781
0.007000 2781
0.007000 2781
0.007000 2781
0.007000 2781
0.007000 2781
0.008000 2781
0.008000 2781
0.008000 2781
0.008000 2781
0.008000 2781
0.008000 2781
0.008000 2781
0.008000 2781
0.008000 2781
0.008000 2781
0.008000 2781
0.008000 2781
0.008000 2781
0.008000 2781
0.008000 2781
0.008000 2781
0.008000 2781
0.008000 2781
0.008000 2781
0.008000 2781
0.008000 2781
0.008000 2781
0.008000 2781
0.008000 2781
0.008000 2781
0.008000 2781
0.008000 2781
0.008000 2781
0.008000 2781
0.008000 2781
0.009000 2781
0.009000 2781
0.009000 2781
0.009000 2781
0.009000 2781
0.009000 2781
0.009000 2781
0.009000 2781
0.009000 2781
0.009000 2781
0.009000 2781
0.009000 2781
0.009000 2781
0.009000 2781
0.009000 2781
0.009000 2781
0.009000 2781
0.009000 2781
0.009000 2781
0.009000 2781
0.009000 2781
0.009000 2781
0.009000 2781
0.009000 2781
0.009000 2781
0.009000 2781
0.009000 2781
0.009000 2781
0.010000 2781
0.010000 2781
0.010000 2774
0.010000 2774
0.010000 2774
0.010000 2774
0.010000 2774
0.010000 2774
0.010000 2774
0.010000 2774
0.010000 2774
0.010000 2771
0.010000 2719
0.010000 2719
0.010000 2719
0.010000 2719
0.010000 2719
0.010000 2719
0.010000 2709
0.010000 2635
0.010000 2605
0.010000 2605
0.010000 2605
0.010000 2605
0.010000 2605
0.010000 2605
0.010000 2605
0.010000 2605
0.010000 2605
0.010000 2605
0.010000 2605
0.010000 2605
0.010000 2605
0.010000 2605
0.011000 2605
0.011000 2572
0.011000 2572
0.011000 2572
0.011000 2572
0.011000 2555
0.011000 2555
0.011000 2555
0.011000 2555
0.011000 2555
0.011000 2429
0.011000 2396
0.011000 2396
0.011000 2396
0.011000 2396
0.011000 2396
0.011000 2396
0.011000 2396
0.011000 2396
0.011000 2396
0.011000 2396
0.011000 2396
0.011000 2396
0.011000 2396
0.011000 2396
0.011000 2396
0.011000 2396
0.011000 2396
0.011000 2396
0.011000 2396
0.011000 2396
0.011000 2396
0.011000 2396
0.011000 2396
0.012000 2396
0.012000 2396
0.012000 2396
0.012000 2396
0.012000 2396
0.012000 2396
0.012000 2396
0.012000 2396
0.012000 2371
0.012000 2297
0.012000 2297
0.012000 2297
0.012000 2297
0.012000 2297
0.012000 2297
0.012000 2297
0.012000 2297
0.012000 2297
0.012000 2297
0.012000 2297
0.012000 2297
0.012000 2297
0.012000 2297
0.012000 2297
0.012000 2240
0.012000 2173
0.012000 2124
0.012000 2111
0.012000 2111
0.012000 2111
0.012000 2111
0.012000 2111
0.012000 2111
0.012000 2111
0.012000 2111
0.013000 2111
0.013000 2111
0.013000 2111
0.013000 2111
0.013000 2111
0.013000 2111
0.013000 2111
0.013000 2111
0.013000 2111
0.013000 2111
0.013000 2111
0.013000 2062
0.013000 2040
0.013000 2040
0.013000 2040
0.013000 2040
0.013000 2040
0.013000 2040
0.013000 2040
0.013000 2040
0.013000 2040
0.013000 2040
0.013000 2040
0.013000 2040
0.013000 2040
0.013000 2040
0.013000 2040
0.013000 2040
0.013000 2040
0.013000 2040
0.013000 2040
0.013000 2040
0.013000 2028
0.013000 2028
0.013000 2028
0.014000 2017
0.014000 1955
0.014000 1940
0.014000 1909
0.014000 1862
0.014000 1862
0.014000 1862
0.014000 1862
0.014000 1862
0.014000 1777
0.014000 1777
0.014000 1758
0.014000 1758
0.014000 1758
0.014000 1758
0.014000 1758
0.014000 1758
0.014000 1758
0.014000 1758
0.014000 1758
0.014000 1758
0.014000 1758
0.014000 1758
0.014000 1758
0.014000 1758
0.014000 1758
0.014000 1758
0.014000 1758
0.014000 1758
0.014000 1758
0.014000 1755
0.014000 1735
0.014000 1735
0.014000 1735
0.014000 1735
0.015000 1735
0.015000 1735
0.015000 1735
0.015000 1735
0.015000 1711
0.015000 1711
0.015000 1711
0.015000 1711
0.015000 1711
0.015000 1641
0.015000 1636
0.015000 1636
0.015000 1636
0.015000 1636
0.015000 1636
0.015000 1636
0.015000 1636
0.015000 1602
0.015000 1574
0.015000 1574
0.015000 1565
0.015000 1453
0.015000 1453
0.015000 1444
0.015000 1441
0.015000 1441
0.015000 1422
0.015000 1405
0.015000 1377
0.015000 1377
0.015000 1377
0.015000 1377
0.015000 1377
0.015000 1377
0.015000 1377
0.015000 1377
0.016000 1351
0.016000 1333
0.016000 1333
0.016000 1333
0.016000 1333
0.016000 1333
0.016000 1333
0.016000 1333
0.016000 1333
0.016000 1333
0.016000 1333
0.016000 1333
0.016000 1321
0.016000 1289
0.016000 1260
0.016000 1255
0.016000 1255
0.016000 1225
0.016000 1211
0.016000 1179
0.016000 1166
0.016000 1166
0.016000 1166
0.016000 1166
0.016000 1166
0.016000 1166
0.016000 1161
0.016000 1161
0.016000 1161
0.016000 1161
0.016000 1161
0.016000 1128
0.016000 1128
0.016000 1128
0.016000 1128
0.016000 1128
0.016000 1116
0.017000 1093
0.017000 1093
0.017000 1093
0.017000 1093
0.017000 1093
0.017000 1093
0.017000 1093
0.017000 1093
0.017000 1093
0.017000 1092
0.017000 1092
0.017000 1092
0.017000 1091
0.017000 1090
0.017000 1090
0.017000 1089
0.017000 1088
0.017000 1080
0.017000 1080
0.017000 1068
0.017000 1064
0.017000 1064
0.017000 1064
0.017000 1064
0.017000 1064
0.017000 1064
0.017000 1060
0.017000 1040
0.017000 1033
0.017000 1023
0.017000 1023
0.017000 1022
0.017000 993
0.017000 977
0.017000 956
0.017000 948
0.018000 932
0.018000 920
0.018000 917
0.018000 900
0.018000 900
0.018000 900
0.018000 895
0.018000 895
0.018000 895
0.018000 895
0.018000 895
0.018000 878
0.018000 873
0.018000 873
0.018000 868
0.018000 853
0.018000 853
0.018000 853
0.018000 853
0.018000 853
0.018000 853
0.018000 849
0.018000 849
0.018000 825
0.018000 825
0.018000 825
0.018000 825
0.018000 825
0.018000 825
0.018000 825
0.018000 825
0.018000 825
0.018000 825
0.018000 825
0.018000 825
0.018000 825
0.019000 825
0.019000 825
0.019000 825
0.019000 825
0.019000 825
0.019000 825
0.019000 825
0.019000 825
0.019000 825
0.019000 825
0.019000 825
0.019000 825
0.019000 825
0.019000 825
0.019000 825
0.019000 825
0.019000 825
0.019000 825
0.019000 825
0.019000 825
0.019000 825
0.019000 823
0.019000 813
0.019000 813
0.019000 813
0.019000 813
0.019000 813
0.019000 813
0.019000 813
0.019000 810
0.019000 810
0.019000 810
0.019000 805
0.019000 805
0.019000 796
0.019000 795
0.020000 795
0.020000 789
0.020000 779
0.020000 764
0.020000 762
0.020000 762
0.020000 762
0.020000 751
0.020000 749
0.020000 749
0.020000 749
0.020000 749
0.020000 747
0.020000 736
0.020000 736
0.020000 735
0.020000 732
0.020000 732
0.020000 732
0.020000 732
0.020000 732
0.020000 732
0.020000 732
0.020000 732
0.020000 732
0.020000 732
0.020000 732
0.020000 732
0.020000 731
0.020000 731
0.020000 731
0.020000 731
0.020000 731
0.020000 731
0.021000 731
0.021000 727
0.021000 727
0.021000 727
0.021000 727
0.021000 726
0.021000 725
0.021000 725
0.021000 725
0.021000 724
0.021000 724
0.021000 723
0.021000 721
0.021000 718
0.021000 716
0.021000 716
0.021000 715
0.021000 715
0.021000 715
0.021000 715
0.021000 715
0.021000 715
0.021000 715
0.021000 713
0.021000 713
0.021000 713
0.021000 713
0.021000 713
0.021000 713
0.021000 713
0.021000 713
0.021000 713
0.021000 713
0.021000 710
0.021000 710
0.021000 710
0.022000 710
0.022000 710
0.022000 710
0.022000 710
0.022000 710
0.022000 710
0.022000 709
0.022000 703
0.022000 701
0.022000 701
0.022000 701
0.022000 701
0.022000 701
0.022000 701
0.022000 701
0.022000 701
0.022000 701
0.022000 701
0.022000 701
0.022000 701
0.022000 701
0.022000 701
0.022000 701
0.022000 701
0.022000 701
0.022000 701
0.022000 701
0.022000 701
0.022000 701
0.022000 701
0.022000 701
0.022000 701
0.022000 701
0.022000 701
0.022000 701
0.022000 701
0.023000 701
0.023000 701
0.023000 701
0.023000 701
0.023000 701
0.023000 701
0.023000 701
0.023000 698
0.023000 693
0.023000 692
0.023000 688
0.023000 688
0.023000 688
0.023000 686
0.023000 686
0.023000 686
0.023000 685
0.023000 685
0.023000 685
0.023000 685
0.023000 685
0.023000 685
0.023000 685
0.023000 685
0.023000 685
0.023000 685
0.023000 685
0.023000 685
0.023000 685
0.023000 685
0.023000 685
0.023000 685
0.023000 685
0.023000 685
0.023000 685
0.023000 685
0.024000 682
0.024000 682
0.024000 682
0.024000 682
0.024000 682
0.024000 682
0.024000 682
0.024000 682
0.024000 682
0.024000 682
0.024000 682
0.024000 682
0.024000 682
0.024000 682
0.024000 682
0.024000 682
0.024000 682
0.024000 682
0.024000 682
0.024000 682
0.024000 682
0.024000 682
0.024000 682
0.024000 682
0.024000 682
0.024000 682
0.024000 682
0.024000 682
0.024000 682
0.024000 682
0.024000 682
0.024000 682
0.024000 679
0.024000 677
0.024000 677
0.025000 677
0.025000 677
0.025000 677
0.025000 677
0.025000 677
0.025000 677
0.025000 677
0.025000 677
0.025000 677
0.025000 677
0.025000 677
0.025000 677
0.025000 677
0.025000 677
0.025000 677
0.025000 677
0.025000 677
0.025000 677
0.025000 677
0.025000 677
0.025000 677
0.025000 677
0.025000 677
0.025000 677
0.025000 677
0.025000 677
0.025000 677
0.025000 677
0.025000 677
0.025000 677
0.025000 677
0.025000 677
0.025000 677
0.025000 677
0.026000 677
0.026000 677
0.026000 677
0.026000 677
0.026000 677
0.026000 677
0.026000 677
0.026000 677
0.026000 677
0.026000 677
0.026000 677
0.026000 677
0.026000 677
0.026000 677
0.026000 677
0.026000 677
0.026000 677
0.026000 677
0.026000 677
0.026000 677
0.026000 677
0.026000 677
0.026000 677
0.026000 677
0.026000 677
0.026000 677
0.026000 677
0.026000 677
0.026000 677
0.026000 677
0.026000 677
0.026000 677
0.026000 677
0.026000 677
0.026000 677
0.026000 677
0.027000 677
0.027000 677
0.027000 677
0.027000 677
0.027000 677
0.027000 677
0.027000 677
0.027000 677
0.027000 677
0.027000 677
0.027000 677
0.027000 677
0.027000 677
0.027000 677
0.027000 677
0.027000 677
0.027000 677
0.027000 677
0.027000 677
0.027000 677
0.027000 677
0.027000 677
0.027000 677
0.027000 677
0.027000 677
0.027000 677
0.027000 677
0.027000 677
0.027000 677
0.027000 677
0.027000 677
0.027000 677
0.027000 677
0.027000 677
0.027000 677
0.027000 677
0.028000 677
0.028000 677
0.028000 677
0.028000 677
0.028000 677
0.028000 677
0.028000 677
0.028000 677
0.028000 677
0.028000 677
0.028000 677
0.028000 677
0.028000 677
0.028000 677
0.028000 677
0.028000 677
0.028000 677
0.028000 677
0.028000 677
0.028000 677
0.028000 677
0.028000 677
0.028000 677
0.028000 677
0.028000 677
0.028000 677
0.028000 677
0.028000 677
0.028000 677
0.028000 677
0.028000 677
0.028000 677
0.028000 677
0.028000 677
0.028000 677
0.029000 677
0.029000 677
0.029000 677
0.029000 677
0.029000 677
0.029000 677
0.029000 677
0.029000 677
0.029000 677
0.029000 677
0.029000 677
0.029000 677
0.029000 677
0.029000 677
0.029000 677
0.029000 677
0.029000 677
0.029000 677
0.029000 677
0.029000 677
0.029000 677
0.029000 677
0.029000 677
0.029000 677
0.029000 677
0.029000 677
0.029000 677
0.029000 677
0.029000 677
0.029000 677
0.029000 677
0.029000 677
0.029000 677
0.029000 677
0.029000 677
0.030000 677
0.030000 677
0.030000 677
0.030000 677
0.030000 677
0.030000 677
0.030000 677
0.030000 677
0.030000 677
0.030000 672
0.030000 672
0.030000 672
0.030000 672
0.030000 672
0.030000 672
0.030000 672
0.030000 672
0.030000 672
0.030000 672
0.030000 672
0.030000 672
0.030000 672
0.030000 672
0.030000 672
0.030000 672
0.030000 672
0.030000 672
0.030000 672
0.030000 672
0.030000 670
0.030000 670
0.030000 670
0.030000 670
0.030000 670
0.030000 670
0.031000 670
0.031000 670
0.031000 670
0.031000 670
0.031000 670
0.031000 670
0.031000 670
0.031000 670
0.031000 670
0.031000 670
0.031000 670
0.031000 670
0.031000 670
0.031000 670
0.031000 670
0.031000 670
0.031000 670
0.031000 670
0.031000 670
0.031000 670
0.031000 670
0.031000 670
0.031000 670
0.031000 670
0.031000 670
0.031000 670
0.031000 670
0.031000 670
0.031000 670
0.031000 670
0.031000 670
0.031000 670
0.031000 670
0.031000 670
0.031000 670
0.032000 670
0.032000 670
0.032000 670
0.032000 670
0.032000 670
0.032000 670
0.032000 670
0.032000 670
0.032000 670
0.032000 670
0.032000 670
0.032000 670
0.032000 670
0.032000 670
0.032000 670
0.032000 670
0.032000 670
0.032000 670
0.032000 670
0.032000 670
0.032000 670
0.032000 670
0.032000 670
0.032000 670
0.032000 670
0.032000 670
0.032000 670
0.032000 670
0.032000 670
0.032000 670
0.032000 670
0.032000 670
0.032000 670
0.032000 670
0.032000 670
0.032000 670
0.032000 670
0.033000 670
0.033000 670
0.033000 670
0.033000 670
0.033000 670
0.033000 670
0.033000 670
0.033000 670
0.033000 670
0.033000 670
0.033000 670
0.033000 670
0.033000 670
0.033000 670
0.033000 670
0.033000 670
0.033000 670
0.033000 670
0.033000 670
0.033000 670
0.033000 670
0.033000 670
0.033000 670
0.033000 670
0.033000 670
0.033000 670
0.033000 670
0.033000 670
0.033000 670
0.033000 670
0.033000 670
0.033000 670
0.033000 670
0.033000 670
0.033000 670
0.033000 670
0.034000 670
0.034000 670
0.034000 670
0.034000 670
0.034000 670
0.034000 670
# Final Best Cost: 670
