# first_value: 3654
# Instance: eil101.tsp
# Method: random-search
# output: time cost
0 3654
1 0.000000 3279
2 0.000000 3279
3 0.000000 3279
4 0.000000 3279
5 0.000000 3279
6 0.000000 3279
7 0.000000 3279
8 0.000000 3279
9 0.000000 3279
10 0.000000 3279
11 0.000000 3166
12 0.000000 3166
13 0.000000 3166
14 0.000000 3166
15 0.000000 3166
16 0.000000 3166
17 0.000000 3166
18 0.000000 3166
19 0.000000 3166
20 0.000000 3166
21 0.000000 3166
22 0.000000 3166
23 0.000000 3166
24 0.000000 3084
25 0.000000 3084
26 0.000000 3084
27 0.000000 3084
28 0.000000 3084
29 0.000000 3084
30 0.000000 3084
31 0.000000 3084
32 0.000000 3084
33 0.000000 3084
34 0.000000 3084
35 0.000000 3084
36 0.000000 3084
37 0.000000 3084
38 0.000000 3084
39 0.000000 3084
40 0.000000 3084
41 0.000000 3084
42 0.000000 3084
43 0.000000 3084
44 0.000000 3084
45 0.000000 3084
46 0.000000 3084
47 0.000000 3084
48 0.000000 3084
49 0.000000 3084
50 0.000000 3084
51 0.000000 3084
52 0.000000 3084
53 0.000000 3084
54 0.000000 3084
55 0.000000 3084
56 0.000000 3084
57 0.000000 3084
58 0.000000 3084
59 0.000000 3084
60 0.000000 3084
61 0.000000 3084
62 0.000000 3084
63 0.000000 3084
64 0.000000 3084
65 0.000000 3084
66 0.000000 3084
67 0.000000 3084
68 0.000000 3084
69 0.000000 3084
70 0.000000 3084
71 0.000000 3084
72 0.000000 3084
73 0.000000 3084
74 0.000000 3084
75 0.000000 3084
76 0.000000 3084
77 0.000000 3084
78 0.000000 3084
79 0.000000 3084
80 0.000000 3084
81 0.000000 3084
82 0.000000 3084
83 0.000000 3084
84 0.000000 3084
85 0.000000 3084
86 0.000000 3084
87 0.000000 3084
88 0.000000 3084
89 0.000000 3084
90 0.000000 3084
91 0.000000 3084
92 0.000000 3084
93 0.000000 3084
94 0.000000 3084
95 0.000000 3084
96 0.000000 3084
97 0.000000 3084
98 0.000000 3084
99 0.000000 3084
100 0.000000 3084
101 0.000000 3084
102 0.000000 3084
103 0.000000 3084
104 0.000000 3084
105 0.000000 3084
106 0.000000 3084
107 0.000000 3084
108 0.000000 3084
109 0.000000 3084
110 0.000000 3084
111 0.000000 3084
112 0.000000 3084
113 0.000000 3084
114 0.000000 3084
115 0.000000 3084
116 0.000000 3084
117 0.000000 3084
118 0.000000 3084
119 0.000000 3084
120 0.000000 3084
121 0.000000 3084
122 0.000000 3084
123 0.000000 3084
124 0.000000 3084
125 0.000000 3084
126 0.000000 3084
127 0.000000 3084
128 0.000000 3084
129 0.000000 3084
130 0.000000 3084
131 0.000000 3084
132 0.000000 3084
133 0.000000 3084
134 0.000000 3084
135 0.000000 3084
136 0.000000 3084
137 0.000000 3084
138 0.000000 3084
139 0.000000 3084
140 0.000000 3084
141 0.000000 3084
142 0.000000 3084
143 0.000000 3084
144 0.000000 3084
145 0.000000 3084
146 0.000000 3084
147 0.000000 3084
148 0.000000 3084
149 0.000000 3084
150 0.000000 3084
151 0.000000 3084
152 0.000000 3084
153 0.000000 3084
154 0.000000 3084
155 0.000000 3084
156 0.000000 3084
157 0.000000 3084
158 0.000000 3084
159 0.000000 3084
160 0.000000 3084
161 0.000000 3084
162 0.000000 3084
163 0.000000 3084
164 0.000000 3084
165 0.000000 3084
166 0.000000 3084
167 0.000000 3084
168 0.000000 3084
169 0.000000 3084
170 0.000000 3084
171 0.000000 3084
172 0.000000 3084
173 0.000000 3084
174 0.000000 3084
175 0.000000 3084
176 0.000000 3084
177 0.000000 3084
178 0.000000 3084
179 0.000000 3084
180 0.000000 3084
181 0.000000 3084
182 0.000000 3084
183 0.000000 3084
184 0.000000 3084
185 0.000000 3084
186 0.000000 3084
187 0.000000 3084
188 0.000000 3084
189 0.000000 3084
190 0.000000 3084
191 0.000000 3084
192 0.000000 3084
193 0.000000 3084
194 0.000000 3084
195 0.000000 3084
196 0.000000 3084
197 0.000000 3084
198 0.000000 3084
199 0.000000 3084
200 0.000000 3084
201 0.000000 3084
202 0.000000 3084
203 0.000000 3084
204 0.000000 3084
205 0.000000 3084
206 0.000000 3084
207 0.000000 3084
208 0.000000 3084
209 0.000000 3084
210 0.000000 3084
211 0.000000 3084
212 0.000000 3084
213 0.000000 3084
214 0.000000 3084
215 0.000000 3084
216 0.000000 3084
217 0.000000 3084
218 0.000000 3084
219 0.000000 3084
220 0.000000 3084
221 0.000000 3084
222 0.000000 3070
223 0.000000 3070
224 0.000000 3070
225 0.000000 3070
226 0.000000 3070
227 0.000000 3070
228 0.000000 3070
229 0.000000 3070
230 0.000000 3070
231 0.000000 3070
232 0.000000 3070
233 0.000000 3070
234 0.000000 3070
235 0.000000 3070
236 0.000000 3070
237 0.000000 3070
238 0.000000 3070
239 0.000000 3070
240 0.000000 3070
241 0.000000 3070
242 0.000000 3054
243 0.000000 3054
244 0.000000 3054
245 0.000000 3054
246 0.000000 3054
247 0.000000 3054
248 0.000000 3054
249 0.000000 3054
250 0.000000 3054
251 0.000000 3054
252 0.000000 3054
253 0.000000 3054
254 0.000000 3054
255 0.000000 3054
256 0.000000 3054
257 0.000000 3054
258 0.000000 3054
259 0.000000 3054
260 0.000000 3054
261 0.000000 3054
262 0.000000 3054
263 0.000000 3054
264 0.000000 3054
265 0.000000 3054
266 0.000000 3054
267 0.000000 3054
268 0.000000 3054
269 0.000000 3054
270 0.000000 3054
271 0.000000 3054
272 0.000000 3054
273 0.000000 3054
274 0.000000 3054
275 0.000000 3054
276 0.000000 3054
277 0.000000 3054
278 0.000000 3054
279 0.000000 3054
280 0.000000 3054
281 0.000000 3054
282 0.000000 3054
283 0.000000 3054
284 0.000000 3054
285 0.000000 3054
286 0.000000 3054
287 0.000000 3054
288 0.000000 3054
289 0.000000 3054
290 0.000000 3054
291 0.000000 3054
292 0.000000 3054
293 0.000000 3054
294 0.000000 3054
295 0.000000 3054
296 0.000000 3054
297 0.000000 3054
298 0.000000 3054
299 0.000000 3054
300 0.000000 3054
301 0.000000 3054
302 0.000000 3054
303 0.000000 3054
304 0.000000 3054
305 0.000000 3054
306 0.000000 3054
307 0.000000 3054
308 0.000000 3054
309 0.000000 3054
310 0.000000 3054
311 0.000000 3054
312 0.000000 3054
313 0.000000 3054
314 0.000000 3054
315 0.000000 3054
316 0.000000 3054
317 0.000000 3054
318 0.000000 3054
319 0.000000 3054
320 0.000000 3054
321 0.000000 3054
322 0.000000 3054
323 0.000000 3054
324 0.000000 3054
325 0.000000 3054
326 0.000000 3054
327 0.000000 3054
328 0.000000 3054
329 0.000000 3054
330 0.000000 3054
331 0.000000 3054
332 0.000000 3054
333 0.000000 3054
334 0.000000 3054
335 0.000000 3054
336 0.000000 3054
337 0.000000 3054
338 0.000000 3054
339 0.000000 3054
340 0.000000 3054
341 0.000000 3054
342 0.000000 3054
343 0.000000 3054
344 0.000000 3054
345 0.000000 3054
346 0.000000 3054
347 0.000000 3054
348 0.000000 3054
349 0.000000 3054
350 0.000000 3054
351 0.000000 3054
352 0.000000 3054
353 0.000000 3054
354 0.000000 3054
355 0.000000 3054
356 0.000000 3054
357 0.000000 3054
358 0.000000 3054
359 0.000000 3054
360 0.000000 3054
361 0.000000 3054
362 0.000000 3054
363 0.000000 3054
364 0.000000 3054
365 0.000000 3054
366 0.000000 3054
367 0.000000 3054
368 0.000000 3054
369 0.000000 3054
370 0.000000 3054
371 0.000000 3054
372 0.000000 3054
373 0.000000 3054
374 0.000000 3054
375 0.000000 3054
376 0.000000 3054
377 0.000000 3054
378 0.000000 3054
379 0.000000 3054
380 0.000000 3054
381 0.000000 3054
382 0.000000 3054
383 0.000000 3054
384 0.000000 3054
385 0.000000 3054
386 0.000000 3054
387 0.000000 3054
388 0.000000 3054
389 0.000000 3054
390 0.000000 3054
391 0.000000 3054
392 0.000000 3054
393 0.000000 3054
394 0.000000 3054
395 0.000000 3054
396 0.000000 3054
397 0.000000 3054
398 0.000000 3054
399 0.000000 3054
400 0.000000 3054
401 0.000000 3054
402 0.000000 3054
403 0.000000 3054
404 0.000000 3054
405 0.000000 3054
406 0.000000 3054
407 0.000000 3054
408 0.000000 3054
409 0.000000 3054
410 0.000000 3054
411 0.000000 3054
412 0.000000 3054
413 0.000000 3054
414 0.000000 3054
415 0.000000 3054
416 0.000000 3054
417 0.000000 3054
418 0.000000 3054
419 0.000000 3054
420 0.000000 3054
421 0.000000 3054
422 0.000000 3054
423 0.000000 3054
424 0.000000 3054
425 0.000000 3054
426 0.000000 3054
427 0.000000 3054
428 0.000000 3054
429 0.000000 3054
430 0.000000 3054
431 0.000000 3054
432 0.000000 3054
433 0.000000 3054
434 0.000000 3054
435 0.000000 3054
436 0.000000 3054
437 0.000000 3054
438 0.000000 3054
439 0.000000 3054
440 0.000000 3054
441 0.000000 3054
442 0.000000 3054
443 0.000000 3054
444 0.000000 3054
445 0.000000 3054
446 0.000000 3054
447 0.000000 3054
448 0.000000 3054
449 0.000000 3054
450 0.000000 3054
451 0.000000 3054
452 0.000000 3054
453 0.000000 3054
454 0.000000 3054
455 0.000000 3054
456 0.000000 3054
457 0.000000 3054
458 0.000000 3054
459 0.000000 3054
460 0.000000 3054
461 0.000000 3054
462 0.000000 3054
463 0.000000 3054
464 0.000000 3054
465 0.000000 3054
466 0.000000 3054
467 0.000000 3054
468 0.000000 3054
469 0.000000 3054
470 0.000000 3054
471 0.000000 3054
472 0.000000 3054
473 0.000000 3054
474 0.000000 3054
475 0.000000 3054
476 0.000000 3054
477 0.000000 3054
478 0.000000 3054
479 0.000000 3054
480 0.000000 3054
481 0.000000 3054
482 0.000000 3054
483 0.000000 3054
484 0.000000 3054
485 0.000000 3054
486 0.000000 3054
487 0.000000 3054
488 0.000000 3054
489 0.000000 3054
490 0.000000 3054
491 0.000000 3054
492 0.000000 3054
493 0.000000 3054
494 0.000000 3054
495 0.000000 3054
496 0.000000 3054
497 0.000000 3054
498 0.000000 3054
499 0.000000 3054
500 0.000000 3054
501 0.000000 3054
502 0.000000 3054
503 0.000000 3054
504 0.000000 3054
505 0.000000 3054
506 0.000000 3054
507 0.000000 3054
508 0.000000 3054
509 0.000000 3054
510 0.000000 3054
511 0.000000 3054
512 0.000000 3054
513 0.000000 3054
514 0.000000 3054
515 0.000000 3054
516 0.000000 3054
517 0.000000 3054
518 0.000000 3054
519 0.000000 3054
520 0.000000 3054
521 0.000000 3054
522 0.000000 3054
523 0.000000 3054
524 0.000000 3054
525 0.000000 3054
526 0.000000 3054
527 0.000000 3054
528 0.000000 3054
529 0.000000 3054
530 0.000000 3054
531 0.000000 3054
532 0.000000 3054
533 0.000000 3054
534 0.000000 3054
535 0.000000 3054
536 0.000000 3054
537 0.000000 3054
538 0.000000 3054
539 0.000000 3054
540 0.000000 3054
541 0.000000 3054
542 0.000000 3054
543 0.000000 3054
544 0.000000 3054
545 0.000000 3054
546 0.000000 3054
547 0.000000 3054
548 0.000000 2984
549 0.000000 2984
550 0.000000 2984
551 0.000000 2984
552 0.000000 2984
553 0.000000 2984
554 0.000000 2984
555 0.000000 2984
556 0.000000 2984
557 0.000000 2984
558 0.000000 2984
559 0.000000 2984
560 0.000000 2984
561 0.000000 2984
562 0.000000 2984
563 0.000000 2984
564 0.000000 2984
565 0.000000 2984
566 0.000000 2984
567 0.000000 2984
568 0.000000 2984
569 0.000000 2984
570 0.000000 2984
571 0.000000 2984
572 0.000000 2984
573 0.000000 2984
574 0.000000 2984
575 0.000000 2984
576 0.000000 2984
577 0.000000 2984
578 0.000000 2984
579 0.000000 2984
580 0.000000 2984
581 0.000000 2984
582 0.000000 2984
583 0.000000 2984
584 0.000000 2984
585 0.000000 2984
586 0.000000 2984
587 0.000000 2984
588 0.000000 2984
589 0.000000 2984
590 0.000000 2984
591 0.000000 2984
592 0.000000 2984
593 0.000000 2984
594 0.000000 2984
595 0.000000 2984
596 0.000000 2984
597 0.000000 2984
598 0.000000 2984
599 0.000000 2984
600 0.000000 2984
601 0.000000 2984
602 0.000000 2984
603 0.000000 2984
604 0.000000 2984
605 0.000000 2984
606 0.000000 2984
607 0.000000 2984
608 0.000000 2984
609 0.000000 2984
610 0.000000 2984
611 0.000000 2984
612 0.000000 2984
613 0.000000 2984
614 0.000000 2984
615 0.000000 2984
616 0.000000 2984
617 0.000000 2984
618 0.000000 2984
619 0.000000 2984
620 0.000000 2984
621 0.000000 2984
622 0.000000 2984
623 0.000000 2984
624 0.000000 2984
625 0.000000 2984
626 0.000000 2984
627 0.000000 2984
628 0.000000 2984
629 0.000000 2984
630 0.000000 2984
631 0.000000 2984
632 0.000000 2984
633 0.000000 2984
634 0.000000 2984
635 0.000000 2984
636 0.000000 2984
637 0.000000 2984
638 0.000000 2984
639 0.000000 2984
640 0.000000 2984
641 0.000000 2984
642 0.000000 2984
643 0.000000 2984
644 0.000000 2984
645 0.000000 2984
646 0.000000 2984
647 0.000000 2984
648 0.000000 2984
649 0.000000 2984
650 0.000000 2984
651 0.000000 2984
652 0.000000 2984
653 0.000000 2984
654 0.000000 2984
655 0.000000 2984
656 0.000000 2984
657 0.000000 2984
658 0.000000 2984
659 0.000000 2984
660 0.000000 2984
661 0.000000 2984
662 0.000000 2984
663 0.000000 2984
664 0.000000 2984
665 0.000000 2984
666 0.000000 2984
667 0.000000 2984
668 0.000000 2984
669 0.000000 2984
670 0.000000 2984
671 0.000000 2984
672 0.000000 2984
673 0.000000 2984
674 0.000000 2984
675 0.000000 2984
676 0.000000 2984
677 0.001000 2984
678 0.001000 2984
679 0.001000 2984
680 0.001000 2984
681 0.001000 2984
682 0.001000 2984
683 0.001000 2984
684 0.001000 2984
685 0.001000 2984
686 0.001000 2984
687 0.001000 2984
688 0.001000 2984
689 0.001000 2984
690 0.001000 2984
691 0.001000 2984
692 0.001000 2984
693 0.001000 2984
694 0.001000 2984
695 0.001000 2984
696 0.001000 2984
697 0.001000 2984
698 0.001000 2984
699 0.001000 2984
700 0.001000 2984
701 0.001000 2984
702 0.001000 2984
703 0.001000 2984
704 0.001000 2984
705 0.001000 2984
706 0.001000 2984
707 0.001000 2984
708 0.001000 2984
709 0.001000 2984
710 0.001000 2984
711 0.001000 2984
712 0.001000 2984
713 0.001000 2984
714 0.001000 2984
715 0.001000 2984
716 0.001000 2984
717 0.001000 2984
718 0.001000 2984
719 0.001000 2984
720 0.001000 2984
721 0.001000 2984
722 0.001000 2984
723 0.001000 2984
724 0.001000 2984
725 0.001000 2984
726 0.001000 2984
727 0.001000 2984
728 0.001000 2984
729 0.001000 2984
730 0.001000 2984
731 0.001000 2984
732 0.001000 2984
733 0.001000 2984
734 0.001000 2984
735 0.001000 2984
736 0.001000 2984
737 0.001000 2984
738 0.001000 2984
739 0.001000 2984
740 0.001000 2984
741 0.001000 2984
742 0.001000 2984
743 0.001000 2984
744 0.001000 2984
745 0.001000 2984
746 0.001000 2984
747 0.001000 2984
748 0.001000 2984
749 0.001000 2984
750 0.001000 2984
751 0.001000 2984
752 0.001000 2984
753 0.001000 2984
754 0.001000 2984
755 0.001000 2984
756 0.001000 2984
757 0.001000 2984
758 0.001000 2984
759 0.001000 2984
760 0.001000 2984
761 0.001000 2984
762 0.001000 2984
763 0.001000 2984
764 0.001000 2984
765 0.001000 2984
766 0.001000 2984
767 0.001000 2984
768 0.001000 2984
769 0.001000 2984
770 0.001000 2984
771 0.001000 2984
772 0.001000 2984
773 0.001000 2984
774 0.001000 2984
775 0.001000 2984
776 0.001000 2984
777 0.001000 2984
778 0.001000 2984
779 0.001000 2984
780 0.001000 2984
781 0.001000 2984
782 0.001000 2984
783 0.001000 2984
784 0.001000 2984
785 0.001000 2984
786 0.001000 2984
787 0.001000 2984
788 0.001000 2984
789 0.001000 2984
790 0.001000 2984
791 0.001000 2984
792 0.001000 2984
793 0.001000 2984
794 0.001000 2984
795 0.001000 2984
796 0.001000 2984
797 0.001000 2984
798 0.001000 2984
799 0.001000 2984
800 0.001000 2984
801 0.001000 2984
802 0.001000 2984
803 0.001000 2984
804 0.001000 2984
805 0.001000 2984
806 0.001000 2984
807 0.001000 2984
808 0.001000 2984
809 0.001000 2984
810 0.001000 2984
811 0.001000 2984
812 0.001000 2984
813 0.001000 2984
814 0.001000 2984
815 0.001000 2984
816 0.001000 2984
817 0.001000 2984
818 0.001000 2984
819 0.001000 2984
820 0.001000 2984
821 0.001000 2984
822 0.001000 2984
823 0.001000 2984
824 0.001000 2984
825 0.001000 2984
826 0.001000 2984
827 0.001000 2984
828 0.001000 2984
829 0.001000 2984
830 0.001000 2984
831 0.001000 2984
832 0.001000 2984
833 0.001000 2984
834 0.001000 2984
835 0.001000 2984
836 0.001000 2984
837 0.001000 2984
838 0.001000 2984
839 0.001000 2984
840 0.001000 2984
841 0.001000 2984
842 0.001000 2984
843 0.001000 2984
844 0.001000 2984
845 0.001000 2984
846 0.001000 2984
847 0.001000 2984
848 0.001000 2984
849 0.001000 2984
850 0.001000 2984
851 0.001000 2984
852 0.001000 2984
853 0.001000 2984
854 0.001000 2984
855 0.001000 2984
856 0.001000 2984
857 0.001000 2984
858 0.001000 2984
859 0.001000 2984
860 0.001000 2984
861 0.001000 2984
862 0.001000 2984
863 0.001000 2984
864 0.001000 2984
865 0.001000 2984
866 0.001000 2984
867 0.001000 2984
868 0.001000 2984
869 0.001000 2984
870 0.001000 2984
871 0.001000 2984
872 0.001000 2984
873 0.001000 2984
874 0.001000 2984
875 0.001000 2984
876 0.001000 2984
877 0.001000 2984
878 0.001000 2984
879 0.001000 2984
880 0.001000 2984
881 0.001000 2984
882 0.001000 2984
883 0.001000 2984
884 0.001000 2984
885 0.001000 2984
886 0.001000 2984
887 0.001000 2984
888 0.001000 2984
889 0.001000 2984
890 0.001000 2984
891 0.001000 2984
892 0.001000 2984
893 0.001000 2984
894 0.001000 2984
895 0.001000 2984
896 0.001000 2984
897 0.001000 2984
898 0.001000 2984
899 0.001000 2984
900 0.001000 2984
901 0.001000 2984
902 0.001000 2984
903 0.001000 2984
904 0.001000 2984
905 0.001000 2984
906 0.001000 2984
907 0.001000 2984
908 0.001000 2984
909 0.001000 2984
910 0.001000 2984
911 0.001000 2984
912 0.001000 2984
913 0.001000 2984
914 0.001000 2984
915 0.001000 2984
916 0.001000 2984
917 0.001000 2984
918 0.001000 2984
919 0.001000 2984
920 0.001000 2984
921 0.001000 2984
922 0.001000 2984
923 0.001000 2984
924 0.001000 2984
925 0.001000 2984
926 0.001000 2984
927 0.002000 2984
928 0.002000 2984
929 0.002000 2984
930 0.002000 2984
931 0.002000 2984
932 0.002000 2984
933 0.002000 2984
934 0.002000 2984
935 0.002000 2984
936 0.002000 2984
937 0.002000 2984
938 0.002000 2984
939 0.002000 2984
940 0.002000 2984
941 0.002000 2984
942 0.002000 2984
943 0.002000 2984
944 0.002000 2984
945 0.002000 2984
946 0.002000 2984
947 0.002000 2984
948 0.002000 2984
949 0.002000 2984
950 0.002000 2984
951 0.002000 2984
952 0.002000 2984
953 0.002000 2984
954 0.002000 2984
955 0.002000 2984
956 0.002000 2984
957 0.002000 2984
958 0.002000 2984
959 0.002000 2984
960 0.002000 2984
961 0.002000 2984
962 0.002000 2984
963 0.002000 2984
964 0.002000 2984
965 0.002000 2984
966 0.002000 2984
967 0.002000 2984
968 0.002000 2984
969 0.002000 2984
970 0.002000 2984
971 0.002000 2984
972 0.002000 2984
973 0.002000 2984
974 0.002000 2984
975 0.002000 2984
976 0.002000 2984
977 0.002000 2984
978 0.002000 2984
979 0.002000 2984
980 0.002000 2984
981 0.002000 2984
982 0.002000 2984
983 0.002000 2984
984 0.002000 2984
985 0.002000 2984
986 0.002000 2984
987 0.002000 2984
988 0.002000 2984
989 0.002000 2984
990 0.002000 2984
991 0.002000 2984
992 0.002000 2984
993 0.002000 2984
994 0.002000 2984
995 0.002000 2984
996 0.002000 2984
997 0.002000 2984
998 0.002000 2984
999 0.002000 2984
1000 0.002000 2984
1001 0.002000 2984
1002 0.002000 2984
1003 0.002000 2984
1004 0.002000 2984
1005 0.002000 2984
1006 0.002000 2984
1007 0.002000 2984
1008 0.002000 2984
1009 0.002000 2984
1010 0.002000 2984
1011 0.002000 2984
1012 0.002000 2984
1013 0.002000 2984
1014 0.002000 2984
1015 0.002000 2984
1016 0.002000 2984
1017 0.002000 2984
1018 0.002000 2984
1019 0.002000 2984
1020 0.002000 2984
1021 0.002000 2984
1022 0.002000 2984
1023 0.002000 2984
1024 0.002000 2984
1025 0.002000 2984
1026 0.002000 2984
1027 0.002000 2984
1028 0.002000 2984
1029 0.002000 2984
1030 0.002000 2984
1031 0.002000 2984
1032 0.002000 2984
1033 0.002000 2984
1034 0.002000 2984
1035 0.002000 2984
1036 0.002000 2984
1037 0.002000 2984
1038 0.002000 2984
1039 0.002000 2984
1040 0.002000 2984
1041 0.002000 2984
1042 0.002000 2984
1043 0.002000 2984
1044 0.002000 2984
1045 0.002000 2984
1046 0.002000 2984
1047 0.002000 2984
1048 0.002000 2984
1049 0.002000 2984
1050 0.002000 2984
1051 0.002000 2984
1052 0.002000 2984
1053 0.002000 2984
1054 0.002000 2984
1055 0.002000 2984
1056 0.002000 2984
1057 0.002000 2984
1058 0.002000 2984
1059 0.002000 2984
1060 0.002000 2984
1061 0.002000 2984
1062 0.002000 2984
1063 0.002000 2984
1064 0.002000 2984
1065 0.002000 2984
1066 0.002000 2984
1067 0.002000 2984
1068 0.002000 2984
1069 0.002000 2984
1070 0.002000 2984
1071 0.002000 2984
1072 0.002000 2984
1073 0.002000 2984
1074 0.002000 2984
1075 0.002000 2984
1076 0.002000 2984
1077 0.002000 2984
1078 0.002000 2984
1079 0.002000 2984
1080 0.002000 2984
1081 0.002000 2984
1082 0.002000 2984
1083 0.002000 2984
1084 0.002000 2984
1085 0.002000 2984
1086 0.002000 2984
1087 0.002000 2984
1088 0.002000 2984
1089 0.002000 2984
1090 0.002000 2984
1091 0.002000 2984
1092 0.002000 2984
1093 0.002000 2984
1094 0.002000 2984
1095 0.002000 2984
1096 0.002000 2984
1097 0.002000 2984
1098 0.002000 2984
1099 0.002000 2984
1100 0.002000 2984
1101 0.002000 2984
1102 0.002000 2984
1103 0.002000 2984
1104 0.002000 2984
1105 0.002000 2984
1106 0.002000 2984
1107 0.002000 2984
1108 0.002000 2984
1109 0.002000 2984
1110 0.002000 2984
1111 0.002000 2984
1112 0.002000 2984
1113 0.002000 2984
1114 0.002000 2984
1115 0.002000 2984
1116 0.002000 2984
1117 0.002000 2984
1118 0.002000 2984
1119 0.002000 2984
1120 0.002000 2984
1121 0.002000 2984
1122 0.002000 2984
1123 0.002000 2984
1124 0.002000 2984
1125 0.002000 2984
1126 0.002000 2984
1127 0.002000 2984
1128 0.002000 2984
1129 0.002000 2984
1130 0.002000 2984
1131 0.002000 2984
1132 0.002000 2984
1133 0.002000 2984
1134 0.002000 2984
1135 0.002000 2984
1136 0.002000 2984
1137 0.002000 2984
1138 0.002000 2984
1139 0.002000 2984
1140 0.002000 2984
1141 0.002000 2984
1142 0.002000 2984
1143 0.002000 2984
1144 0.002000 2984
1145 0.002000 2984
1146 0.002000 2984
1147 0.002000 2984
1148 0.002000 2984
1149 0.002000 2984
1150 0.002000 2984
1151 0.002000 2984
1152 0.002000 2984
1153 0.002000 2984
1154 0.002000 2984
1155 0.002000 2984
1156 0.002000 2984
1157 0.002000 2984
1158 0.002000 2984
1159 0.002000 2984
1160 0.002000 2984
1161 0.002000 2984
1162 0.002000 2984
1163 0.002000 2984
1164 0.002000 2984
1165 0.002000 2984
1166 0.002000 2984
1167 0.002000 2984
1168 0.002000 2984
1169 0.002000 2984
1170 0.002000 2984
1171 0.002000 2984
1172 0.002000 2984
1173 0.002000 2984
1174 0.002000 2984
1175 0.002000 2984
1176 0.002000 2984
1177 0.002000 2984
1178 0.002000 2984
1179 0.002000 2984
1180 0.002000 2984
1181 0.002000 2984
1182 0.002000 2984
1183 0.002000 2984
1184 0.002000 2984
1185 0.002000 2984
1186 0.002000 2984
1187 0.002000 2984
1188 0.002000 2984
1189 0.002000 2984
1190 0.002000 2984
1191 0.002000 2984
1192 0.002000 2984
1193 0.002000 2984
1194 0.002000 2984
1195 0.002000 2984
1196 0.002000 2984
1197 0.002000 2984
1198 0.002000 2984
1199 0.002000 2984
1200 0.002000 2984
1201 0.002000 2984
1202 0.002000 2984
1203 0.002000 2984
1204 0.002000 2984
1205 0.002000 2984
1206 0.002000 2984
1207 0.002000 2984
1208 0.002000 2984
1209 0.002000 2984
1210 0.002000 2984
1211 0.002000 2984
1212 0.002000 2984
1213 0.002000 2984
1214 0.002000 2984
1215 0.002000 2984
1216 0.002000 2984
1217 0.002000 2984
1218 0.002000 2984
1219 0.002000 2984
1220 0.002000 2984
1221 0.002000 2984
1222 0.002000 2984
1223 0.002000 2984
1224 0.002000 2984
1225 0.002000 2984
1226 0.002000 2984
1227 0.002000 2984
1228 0.002000 2984
1229 0.002000 2984
1230 0.002000 2984
1231 0.002000 2984
1232 0.002000 2984
1233 0.002000 2984
1234 0.002000 2984
1235 0.002000 2984
1236 0.002000 2984
1237 0.002000 2984
1238 0.002000 2984
1239 0.002000 2984
1240 0.002000 2984
1241 0.002000 2984
1242 0.002000 2984
1243 0.002000 2984
1244 0.002000 2984
1245 0.002000 2984
1246 0.002000 2984
1247 0.002000 2984
1248 0.002000 2984
1249 0.002000 2984
1250 0.002000 2984
1251 0.002000 2984
1252 0.002000 2984
1253 0.002000 2984
1254 0.002000 2984
1255 0.002000 2984
1256 0.002000 2984
1257 0.002000 2984
1258 0.002000 2984
1259 0.002000 2984
1260 0.002000 2984
1261 0.002000 2984
1262 0.002000 2984
1263 0.002000 2984
1264 0.002000 2984
1265 0.002000 2984
1266 0.002000 2984
1267 0.002000 2984
1268 0.002000 2984
1269 0.002000 2984
1270 0.002000 2984
1271 0.002000 2984
1272 0.002000 2984
1273 0.002000 2984
1274 0.002000 2984
1275 0.002000 2984
1276 0.002000 2984
1277 0.002000 2984
1278 0.002000 2984
1279 0.002000 2984
1280 0.002000 2984
1281 0.002000 2984
1282 0.002000 2984
1283 0.002000 2984
1284 0.002000 2984
1285 0.002000 2984
1286 0.002000 2984
1287 0.002000 2984
1288 0.002000 2984
1289 0.002000 2984
1290 0.002000 2984
1291 0.002000 2984
1292 0.002000 2984
1293 0.002000 2984
1294 0.002000 2984
1295 0.002000 2984
1296 0.002000 2984
1297 0.002000 2984
1298 0.002000 2984
1299 0.002000 2984
1300 0.002000 2984
1301 0.002000 2984
1302 0.002000 2984
1303 0.002000 2984
1304 0.002000 2984
1305 0.002000 2984
1306 0.002000 2984
1307 0.002000 2984
1308 0.002000 2984
1309 0.002000 2984
1310 0.002000 2984
1311 0.002000 2984
1312 0.002000 2984
1313 0.002000 2984
1314 0.002000 2984
1315 0.002000 2984
1316 0.002000 2984
1317 0.002000 2984
1318 0.002000 2984
1319 0.002000 2984
1320 0.002000 2984
1321 0.002000 2984
1322 0.002000 2984
1323 0.002000 2984
1324 0.002000 2984
1325 0.002000 2984
1326 0.002000 2984
1327 0.002000 2984
1328 0.002000 2984
1329 0.002000 2984
1330 0.002000 2984
1331 0.002000 2984
1332 0.002000 2984
1333 0.002000 2984
1334 0.002000 2984
1335 0.002000 2984
1336 0.002000 2984
1337 0.002000 2984
1338 0.002000 2984
1339 0.002000 2984
1340 0.002000 2984
1341 0.002000 2984
1342 0.002000 2984
1343 0.002000 2984
1344 0.002000 2984
1345 0.002000 2984
1346 0.002000 2984
1347 0.002000 2984
1348 0.002000 2984
1349 0.002000 2984
1350 0.002000 2984
1351 0.002000 2984
1352 0.002000 2984
1353 0.002000 2984
1354 0.002000 2984
1355 0.002000 2984
1356 0.002000 2984
1357 0.002000 2984
1358 0.002000 2984
1359 0.002000 2984
1360 0.002000 2984
1361 0.002000 2984
1362 0.002000 2984
1363 0.002000 2984
1364 0.002000 2984
1365 0.002000 2984
1366 0.002000 2984
1367 0.002000 2984
1368 0.002000 2984
1369 0.002000 2984
1370 0.002000 2984
1371 0.002000 2984
1372 0.002000 2984
1373 0.002000 2984
1374 0.002000 2984
1375 0.002000 2984
1376 0.002000 2984
1377 0.002000 2984
1378 0.002000 2984
1379 0.002000 2984
1380 0.002000 2984
1381 0.002000 2984
1382 0.002000 2984
1383 0.002000 2984
1384 0.002000 2984
1385 0.002000 2984
1386 0.002000 2984
1387 0.002000 2984
1388 0.002000 2984
1389 0.002000 2984
1390 0.002000 2984
1391 0.002000 2984
1392 0.002000 2984
1393 0.002000 2984
1394 0.002000 2984
1395 0.002000 2984
1396 0.002000 2984
1397 0.002000 2984
1398 0.002000 2984
1399 0.002000 2984
1400 0.002000 2984
1401 0.002000 2984
1402 0.002000 2984
1403 0.002000 2984
1404 0.002000 2984
1405 0.002000 2984
1406 0.002000 2984
1407 0.002000 2984
1408 0.002000 2984
1409 0.002000 2984
1410 0.002000 2984
1411 0.002000 2984
1412 0.002000 2984
1413 0.002000 2984
1414 0.002000 2984
1415 0.002000 2984
1416 0.002000 2984
1417 0.002000 2984
1418 0.002000 2984
1419 0.002000 2984
1420 0.002000 2984
1421 0.002000 2984
1422 0.002000 2984
1423 0.002000 2984
1424 0.002000 2984
1425 0.002000 2984
1426 0.002000 2984
1427 0.002000 2984
1428 0.002000 2984
1429 0.002000 2984
1430 0.002000 2984
1431 0.002000 2984
1432 0.002000 2984
1433 0.002000 2984
1434 0.002000 2984
1435 0.002000 2984
1436 0.002000 2984
1437 0.002000 2984
1438 0.002000 2984
1439 0.002000 2984
1440 0.002000 2984
1441 0.002000 2984
1442 0.002000 2984
1443 0.002000 2984
1444 0.002000 2984
1445 0.002000 2984
1446 0.002000 2984
1447 0.002000 2984
1448 0.002000 2984
1449 0.002000 2984
1450 0.002000 2984
1451 0.002000 2984
1452 0.002000 2984
1453 0.002000 2984
1454 0.002000 2984
1455 0.002000 2984
1456 0.002000 2984
1457 0.002000 2984
1458 0.002000 2984
1459 0.002000 2984
1460 0.002000 2984
1461 0.002000 2984
1462 0.002000 2984
1463 0.002000 2984
1464 0.002000 2984
1465 0.002000 2984
1466 0.002000 2984
1467 0.002000 2984
1468 0.002000 2984
1469 0.002000 2984
1470 0.002000 2984
1471 0.002000 2984
1472 0.002000 2984
1473 0.002000 2984
1474 0.002000 2984
1475 0.002000 2984
1476 0.002000 2984
1477 0.002000 2984
1478 0.002000 2984
1479 0.002000 2984
1480 0.002000 2984
1481 0.002000 2984
1482 0.002000 2984
1483 0.002000 2984
1484 0.002000 2984
1485 0.002000 2984
1486 0.002000 2984
1487 0.002000 2984
1488 0.002000 2984
1489 0.002000 2984
1490 0.002000 2984
1491 0.002000 2984
1492 0.002000 2984
1493 0.002000 2984
1494 0.002000 2984
1495 0.002000 2984
1496 0.002000 2984
1497 0.002000 2984
1498 0.002000 2984
1499 0.002000 2984
1500 0.002000 2984
1501 0.002000 2984
1502 0.002000 2984
1503 0.002000 2984
1504 0.002000 2984
1505 0.002000 2984
1506 0.002000 2984
1507 0.002000 2984
1508 0.002000 2984
1509 0.002000 2984
1510 0.002000 2984
1511 0.002000 2984
1512 0.002000 2984
1513 0.002000 2984
1514 0.002000 2984
1515 0.002000 2984
1516 0.002000 2984
1517 0.002000 2984
1518 0.002000 2984
1519 0.002000 2984
1520 0.002000 2984
1521 0.002000 2984
1522 0.002000 2984
1523 0.002000 2984
1524 0.002000 2984
1525 0.002000 2984
1526 0.002000 2984
1527 0.002000 2984
1528 0.002000 2984
1529 0.002000 2984
1530 0.002000 2984
1531 0.002000 2984
1532 0.002000 2984
1533 0.002000 2984
1534 0.002000 2984
1535 0.002000 2984
1536 0.002000 2984
1537 0.002000 2984
1538 0.002000 2984
1539 0.002000 2984
1540 0.002000 2984
1541 0.002000 2984
1542 0.002000 2984
1543 0.002000 2984
1544 0.002000 2984
1545 0.002000 2984
1546 0.002000 2984
1547 0.002000 2984
1548 0.002000 2984
1549 0.002000 2984
1550 0.002000 2984
1551 0.002000 2984
1552 0.002000 2984
1553 0.002000 2984
1554 0.002000 2984
1555 0.002000 2984
1556 0.002000 2984
1557 0.002000 2984
1558 0.002000 2984
1559 0.002000 2984
1560 0.002000 2984
1561 0.002000 2984
1562 0.002000 2984
1563 0.002000 2984
1564 0.002000 2984
1565 0.002000 2984
1566 0.002000 2984
1567 0.002000 2984
1568 0.002000 2984
1569 0.002000 2984
1570 0.002000 2984
1571 0.002000 2984
1572 0.002000 2984
1573 0.002000 2984
1574 0.002000 2984
1575 0.002000 2984
1576 0.002000 2984
1577 0.002000 2984
1578 0.002000 2984
1579 0.002000 2984
1580 0.002000 2984
1581 0.002000 2984
1582 0.002000 2984
1583 0.002000 2984
1584 0.002000 2984
1585 0.002000 2984
1586 0.002000 2984
1587 0.002000 2984
1588 0.002000 2984
1589 0.002000 2984
1590 0.002000 2984
1591 0.002000 2984
1592 0.002000 2984
1593 0.002000 2984
1594 0.002000 2984
1595 0.002000 2984
1596 0.002000 2984
1597 0.002000 2984
1598 0.002000 2984
1599 0.002000 2984
1600 0.002000 2984
1601 0.002000 2984
1602 0.002000 2984
1603 0.002000 2984
1604 0.002000 2984
1605 0.002000 2984
1606 0.002000 2984
1607 0.002000 2984
1608 0.002000 2984
1609 0.002000 2984
1610 0.002000 2984
1611 0.002000 2984
1612 0.002000 2984
1613 0.002000 2984
1614 0.002000 2984
1615 0.002000 2984
1616 0.002000 2984
1617 0.002000 2984
1618 0.002000 2984
1619 0.002000 2984
1620 0.002000 2984
1621 0.002000 2984
1622 0.002000 2984
1623 0.002000 2984
1624 0.002000 2984
1625 0.002000 2984
1626 0.002000 2984
1627 0.002000 2984
1628 0.002000 2984
1629 0.002000 2984
1630 0.002000 2984
1631 0.002000 2984
1632 0.002000 2984
1633 0.002000 2984
1634 0.002000 2984
1635 0.002000 2984
1636 0.002000 2984
1637 0.002000 2984
1638 0.002000 2984
1639 0.002000 2984
1640 0.002000 2984
1641 0.002000 2984
1642 0.002000 2984
1643 0.002000 2984
1644 0.002000 2984
1645 0.002000 2984
1646 0.002000 2984
1647 0.002000 2984
1648 0.002000 2984
1649 0.002000 2984
1650 0.002000 2984
1651 0.002000 2984
1652 0.002000 2984
1653 0.002000 2984
1654 0.002000 2984
1655 0.002000 2984
1656 0.002000 2984
1657 0.002000 2984
1658 0.002000 2984
1659 0.002000 2984
1660 0.002000 2984
1661 0.002000 2984
1662 0.002000 2984
1663 0.002000 2984
1664 0.002000 2984
1665 0.002000 2984
1666 0.002000 2984
1667 0.002000 2984
1668 0.002000 2984
1669 0.002000 2984
1670 0.002000 2984
1671 0.002000 2984
1672 0.002000 2984
1673 0.002000 2984
1674 0.002000 2984
1675 0.002000 2984
1676 0.002000 2984
1677 0.002000 2984
1678 0.002000 2984
1679 0.002000 2984
1680 0.002000 2984
1681 0.002000 2984
1682 0.002000 2984
1683 0.002000 2984
1684 0.002000 2984
1685 0.002000 2984
1686 0.002000 2984
1687 0.002000 2984
1688 0.002000 2984
1689 0.002000 2984
1690 0.002000 2984
1691 0.002000 2984
1692 0.002000 2984
1693 0.002000 2984
1694 0.002000 2984
1695 0.002000 2984
1696 0.002000 2984
1697 0.002000 2984
1698 0.002000 2984
1699 0.002000 2984
1700 0.002000 2984
1701 0.002000 2984
1702 0.002000 2984
1703 0.002000 2984
1704 0.002000 2984
1705 0.002000 2984
1706 0.002000 2984
1707 0.002000 2984
1708 0.002000 2984
1709 0.002000 2984
1710 0.002000 2984
1711 0.002000 2984
1712 0.002000 2984
1713 0.002000 2984
1714 0.002000 2984
1715 0.002000 2984
1716 0.002000 2984
1717 0.002000 2984
1718 0.002000 2984
1719 0.002000 2984
1720 0.002000 2984
1721 0.002000 2984
1722 0.002000 2984
1723 0.002000 2984
1724 0.002000 2984
1725 0.002000 2984
1726 0.002000 2984
1727 0.002000 2984
1728 0.002000 2984
1729 0.002000 2984
1730 0.002000 2984
1731 0.002000 2984
1732 0.002000 2984
1733 0.002000 2984
1734 0.002000 2984
1735 0.002000 2984
1736 0.002000 2984
1737 0.002000 2984
1738 0.002000 2984
1739 0.002000 2984
1740 0.002000 2984
1741 0.002000 2984
1742 0.002000 2984
1743 0.002000 2984
1744 0.002000 2984
1745 0.002000 2984
1746 0.002000 2984
1747 0.002000 2984
1748 0.002000 2984
1749 0.002000 2984
1750 0.002000 2984
1751 0.002000 2984
1752 0.002000 2984
1753 0.002000 2984
1754 0.002000 2984
1755 0.002000 2984
1756 0.002000 2984
1757 0.002000 2984
1758 0.002000 2984
1759 0.002000 2984
1760 0.002000 2984
1761 0.002000 2984
1762 0.002000 2984
1763 0.002000 2984
1764 0.002000 2984
1765 0.002000 2984
1766 0.002000 2984
1767 0.002000 2984
1768 0.002000 2984
1769 0.002000 2984
1770 0.002000 2984
1771 0.002000 2984
1772 0.002000 2984
1773 0.002000 2984
1774 0.002000 2984
1775 0.002000 2984
1776 0.002000 2984
1777 0.002000 2984
1778 0.002000 2984
1779 0.002000 2984
1780 0.002000 2984
1781 0.002000 2984
1782 0.002000 2984
1783 0.002000 2984
1784 0.002000 2984
1785 0.002000 2984
1786 0.002000 2984
1787 0.002000 2984
1788 0.002000 2984
1789 0.002000 2984
1790 0.002000 2984
1791 0.002000 2984
1792 0.002000 2984
1793 0.002000 2984
1794 0.002000 2984
1795 0.002000 2984
1796 0.002000 2984
1797 0.002000 2984
1798 0.002000 2984
1799 0.002000 2984
1800 0.002000 2984
1801 0.002000 2984
1802 0.002000 2984
1803 0.002000 2984
1804 0.002000 2984
1805 0.002000 2984
1806 0.002000 2984
1807 0.002000 2984
1808 0.002000 2984
1809 0.002000 2984
1810 0.002000 2984
1811 0.002000 2984
1812 0.002000 2984
1813 0.002000 2984
1814 0.002000 2984
1815 0.002000 2984
1816 0.002000 2984
1817 0.002000 2984
1818 0.002000 2984
1819 0.002000 2984
1820 0.002000 2984
1821 0.002000 2984
1822 0.002000 2984
1823 0.002000 2984
1824 0.002000 2984
1825 0.002000 2984
1826 0.002000 2984
1827 0.002000 2984
1828 0.002000 2984
1829 0.002000 2984
1830 0.002000 2984
1831 0.002000 2984
1832 0.002000 2984
1833 0.002000 2984
1834 0.002000 2984
1835 0.002000 2984
1836 0.002000 2984
1837 0.002000 2984
1838 0.002000 2984
1839 0.002000 2984
1840 0.002000 2984
1841 0.002000 2984
1842 0.002000 2984
1843 0.002000 2984
1844 0.002000 2984
1845 0.002000 2984
1846 0.002000 2984
1847 0.002000 2984
1848 0.002000 2984
1849 0.002000 2984
1850 0.002000 2984
1851 0.002000 2984
1852 0.002000 2984
1853 0.002000 2984
1854 0.002000 2984
1855 0.002000 2984
1856 0.002000 2984
1857 0.002000 2984
1858 0.002000 2984
1859 0.002000 2984
1860 0.002000 2984
1861 0.002000 2984
1862 0.002000 2984
1863 0.002000 2984
1864 0.002000 2984
1865 0.002000 2984
1866 0.002000 2984
1867 0.002000 2984
1868 0.002000 2984
1869 0.002000 2984
1870 0.002000 2984
1871 0.002000 2984
1872 0.002000 2984
1873 0.002000 2984
1874 0.002000 2984
1875 0.002000 2984
1876 0.002000 2984
1877 0.002000 2984
1878 0.002000 2984
1879 0.002000 2984
1880 0.002000 2984
1881 0.002000 2984
1882 0.002000 2984
1883 0.002000 2984
1884 0.002000 2984
1885 0.002000 2984
1886 0.002000 2984
1887 0.002000 2984
1888 0.002000 2984
1889 0.002000 2984
1890 0.002000 2984
1891 0.002000 2984
1892 0.002000 2984
1893 0.002000 2984
1894 0.002000 2984
1895 0.002000 2984
1896 0.002000 2984
1897 0.002000 2984
1898 0.002000 2984
1899 0.002000 2984
1900 0.002000 2984
1901 0.002000 2984
1902 0.002000 2984
1903 0.002000 2984
1904 0.002000 2984
1905 0.002000 2984
1906 0.002000 2984
1907 0.002000 2984
1908 0.002000 2984
1909 0.002000 2984
1910 0.002000 2984
1911 0.002000 2984
1912 0.002000 2984
1913 0.002000 2984
1914 0.002000 2984
1915 0.002000 2984
1916 0.002000 2984
1917 0.002000 2984
1918 0.002000 2984
1919 0.002000 2984
1920 0.002000 2984
1921 0.002000 2984
1922 0.002000 2984
1923 0.002000 2984
1924 0.002000 2984
1925 0.002000 2984
1926 0.002000 2984
1927 0.002000 2984
1928 0.002000 2984
1929 0.002000 2984
1930 0.002000 2984
1931 0.002000 2984
1932 0.002000 2984
1933 0.002000 2984
1934 0.002000 2984
1935 0.002000 2984
1936 0.002000 2984
1937 0.002000 2984
1938 0.002000 2984
1939 0.002000 2984
1940 0.002000 2984
1941 0.002000 2984
1942 0.002000 2984
1943 0.002000 2984
1944 0.002000 2984
1945 0.002000 2984
1946 0.002000 2984
1947 0.002000 2984
1948 0.002000 2984
1949 0.002000 2984
1950 0.002000 2984
1951 0.002000 2984
1952 0.002000 2984
1953 0.002000 2984
1954 0.002000 2984
1955 0.002000 2984
1956 0.002000 2984
1957 0.002000 2984
1958 0.002000 2984
1959 0.002000 2984
1960 0.002000 2984
1961 0.002000 2984
1962 0.002000 2984
1963 0.002000 2984
1964 0.002000 2984
1965 0.002000 2984
1966 0.002000 2984
1967 0.002000 2984
1968 0.002000 2984
1969 0.002000 2984
1970 0.002000 2984
1971 0.002000 2984
1972 0.002000 2984
1973 0.002000 2984
1974 0.002000 2984
1975 0.002000 2984
1976 0.002000 2984
1977 0.002000 2984
1978 0.002000 2984
1979 0.002000 2984
1980 0.002000 2984
1981 0.002000 2984
1982 0.002000 2984
1983 0.002000 2984
1984 0.002000 2984
1985 0.002000 2984
1986 0.002000 2984
1987 0.002000 2984
1988 0.002000 2984
1989 0.002000 2984
1990 0.002000 2984
1991 0.002000 2984
1992 0.002000 2984
1993 0.002000 2984
1994 0.002000 2984
1995 0.002000 2984
1996 0.002000 2984
1997 0.002000 2984
1998 0.002000 2984
1999 0.002000 2984
2000 0.002000 2984
2001 0.002000 2984
2002 0.002000 2984
2003 0.002000 2984
2004 0.002000 2984
2005 0.002000 2984
2006 0.002000 2984
2007 0.002000 2984
2008 0.003000 2984
2009 0.003000 2984
2010 0.003000 2984
2011 0.003000 2984
2012 0.003000 2984
2013 0.003000 2984
2014 0.003000 2984
2015 0.003000 2984
2016 0.003000 2984
2017 0.003000 2984
2018 0.003000 2984
2019 0.003000 2984
2020 0.003000 2984
2021 0.003000 2984
2022 0.003000 2984
2023 0.003000 2984
2024 0.003000 2984
2025 0.003000 2984
2026 0.003000 2984
2027 0.003000 2984
2028 0.003000 2984
2029 0.003000 2984
2030 0.003000 2984
2031 0.003000 2984
2032 0.003000 2984
2033 0.003000 2984
2034 0.003000 2984
2035 0.003000 2984
2036 0.003000 2984
2037 0.003000 2984
2038 0.003000 2984
2039 0.003000 2984
2040 0.003000 2984
2041 0.003000 2984
2042 0.003000 2984
2043 0.003000 2984
2044 0.003000 2984
2045 0.003000 2984
2046 0.003000 2984
2047 0.003000 2984
2048 0.003000 2984
2049 0.003000 2984
2050 0.003000 2984
2051 0.003000 2984
2052 0.003000 2984
2053 0.003000 2984
2054 0.003000 2984
2055 0.003000 2984
2056 0.003000 2984
2057 0.003000 2984
2058 0.003000 2984
2059 0.003000 2984
2060 0.003000 2984
2061 0.003000 2984
2062 0.003000 2984
2063 0.003000 2984
2064 0.003000 2984
2065 0.003000 2984
2066 0.003000 2984
2067 0.003000 2925
2068 0.003000 2925
2069 0.003000 2925
2070 0.003000 2925
2071 0.003000 2925
2072 0.003000 2925
2073 0.003000 2925
2074 0.003000 2925
2075 0.003000 2925
2076 0.003000 2925
2077 0.003000 2925
2078 0.003000 2925
2079 0.003000 2925
2080 0.003000 2925
2081 0.003000 2925
2082 0.003000 2925
2083 0.003000 2925
2084 0.003000 2925
2085 0.003000 2925
2086 0.003000 2925
2087 0.003000 2925
2088 0.003000 2925
2089 0.003000 2925
2090 0.003000 2925
2091 0.003000 2925
2092 0.003000 2925
2093 0.003000 2925
2094 0.003000 2925
2095 0.003000 2925
2096 0.003000 2925
2097 0.003000 2925
2098 0.003000 2925
2099 0.003000 2925
2100 0.003000 2925
2101 0.003000 2925
2102 0.003000 2925
2103 0.003000 2925
2104 0.003000 2925
2105 0.003000 2925
2106 0.003000 2925
2107 0.003000 2925
2108 0.003000 2925
2109 0.003000 2925
2110 0.003000 2925
2111 0.003000 2925
2112 0.003000 2925
2113 0.003000 2925
2114 0.003000 2925
2115 0.003000 2925
2116 0.003000 2925
2117 0.003000 2925
2118 0.003000 2925
2119 0.003000 2925
2120 0.003000 2925
2121 0.003000 2925
2122 0.003000 2925
2123 0.003000 2925
2124 0.003000 2925
2125 0.003000 2925
2126 0.003000 2925
2127 0.003000 2925
2128 0.003000 2925
2129 0.003000 2925
2130 0.003000 2925
2131 0.003000 2925
2132 0.003000 2925
2133 0.003000 2925
2134 0.003000 2925
2135 0.003000 2925
2136 0.003000 2925
2137 0.003000 2925
2138 0.003000 2925
2139 0.003000 2925
2140 0.003000 2925
2141 0.003000 2925
2142 0.003000 2925
2143 0.003000 2925
2144 0.003000 2925
2145 0.003000 2925
2146 0.003000 2925
2147 0.003000 2925
2148 0.003000 2925
2149 0.003000 2925
2150 0.003000 2925
2151 0.003000 2925
2152 0.003000 2925
2153 0.003000 2925
2154 0.003000 2925
2155 0.003000 2925
2156 0.003000 2925
2157 0.003000 2925
2158 0.003000 2925
2159 0.003000 2925
2160 0.003000 2925
2161 0.003000 2925
2162 0.003000 2925
2163 0.003000 2925
2164 0.003000 2925
2165 0.003000 2925
2166 0.003000 2925
2167 0.003000 2925
2168 0.003000 2925
2169 0.003000 2925
2170 0.003000 2925
2171 0.003000 2925
2172 0.003000 2925
2173 0.003000 2925
2174 0.003000 2925
2175 0.003000 2925
2176 0.003000 2925
2177 0.003000 2925
2178 0.003000 2925
2179 0.003000 2925
2180 0.003000 2925
2181 0.003000 2925
2182 0.003000 2925
2183 0.003000 2925
2184 0.003000 2925
2185 0.003000 2925
2186 0.003000 2925
2187 0.003000 2925
2188 0.003000 2925
2189 0.003000 2925
2190 0.003000 2925
2191 0.003000 2925
2192 0.003000 2925
2193 0.003000 2925
2194 0.003000 2925
2195 0.003000 2925
2196 0.003000 2925
2197 0.003000 2925
2198 0.003000 2925
2199 0.003000 2925
2200 0.003000 2925
2201 0.003000 2925
2202 0.003000 2925
2203 0.003000 2925
2204 0.003000 2925
2205 0.003000 2925
2206 0.003000 2925
2207 0.003000 2925
2208 0.003000 2925
2209 0.003000 2925
2210 0.003000 2925
2211 0.003000 2925
2212 0.003000 2925
2213 0.003000 2925
2214 0.003000 2925
2215 0.003000 2925
2216 0.003000 2925
2217 0.003000 2925
2218 0.003000 2925
2219 0.003000 2925
2220 0.003000 2925
2221 0.003000 2925
2222 0.003000 2925
2223 0.003000 2925
2224 0.003000 2925
2225 0.003000 2925
2226 0.003000 2925
2227 0.003000 2925
2228 0.003000 2925
2229 0.003000 2925
2230 0.003000 2925
2231 0.003000 2925
2232 0.003000 2925
2233 0.003000 2925
2234 0.003000 2925
2235 0.003000 2925
2236 0.003000 2925
2237 0.003000 2925
2238 0.003000 2925
2239 0.003000 2925
2240 0.003000 2925
2241 0.003000 2925
2242 0.003000 2925
2243 0.003000 2925
2244 0.003000 2925
2245 0.003000 2925
2246 0.003000 2925
2247 0.003000 2925
2248 0.003000 2925
2249 0.003000 2925
2250 0.003000 2925
2251 0.003000 2925
2252 0.003000 2925
2253 0.003000 2925
2254 0.003000 2925
2255 0.003000 2925
2256 0.003000 2925
2257 0.003000 2925
2258 0.003000 2925
2259 0.003000 2925
2260 0.003000 2925
2261 0.003000 2925
2262 0.003000 2925
2263 0.003000 2925
2264 0.003000 2925
2265 0.003000 2925
2266 0.003000 2925
2267 0.003000 2925
2268 0.003000 2925
2269 0.003000 2925
2270 0.003000 2925
2271 0.003000 2925
2272 0.003000 2925
2273 0.003000 2925
2274 0.003000 2925
2275 0.003000 2925
2276 0.003000 2925
2277 0.004000 2925
2278 0.004000 2925
2279 0.004000 2925
2280 0.004000 2925
2281 0.004000 2925
2282 0.004000 2925
2283 0.004000 2925
2284 0.004000 2925
2285 0.004000 2925
2286 0.004000 2925
2287 0.004000 2925
2288 0.004000 2925
2289 0.004000 2925
2290 0.004000 2925
2291 0.004000 2925
2292 0.004000 2925
2293 0.004000 2925
2294 0.004000 2925
2295 0.004000 2925
2296 0.004000 2925
2297 0.004000 2925
2298 0.004000 2925
2299 0.004000 2925
2300 0.004000 2925
2301 0.004000 2925
2302 0.004000 2925
2303 0.004000 2925
2304 0.004000 2925
2305 0.004000 2925
2306 0.004000 2925
2307 0.004000 2925
2308 0.004000 2925
2309 0.004000 2925
2310 0.004000 2925
2311 0.004000 2925
2312 0.004000 2925
2313 0.004000 2925
2314 0.004000 2925
2315 0.004000 2925
2316 0.004000 2925
2317 0.004000 2925
2318 0.004000 2925
2319 0.004000 2925
2320 0.004000 2925
2321 0.004000 2925
2322 0.004000 2925
2323 0.004000 2925
2324 0.004000 2925
2325 0.004000 2925
2326 0.004000 2925
2327 0.004000 2925
2328 0.004000 2925
2329 0.004000 2925
2330 0.004000 2925
2331 0.004000 2925
2332 0.004000 2925
2333 0.004000 2925
2334 0.004000 2925
2335 0.004000 2925
2336 0.004000 2925
2337 0.004000 2925
2338 0.004000 2925
2339 0.004000 2925
2340 0.004000 2925
2341 0.004000 2925
2342 0.004000 2925
2343 0.004000 2925
2344 0.004000 2925
2345 0.004000 2925
2346 0.004000 2925
2347 0.004000 2925
2348 0.004000 2925
2349 0.004000 2925
2350 0.004000 2925
2351 0.004000 2925
2352 0.004000 2925
2353 0.004000 2925
2354 0.004000 2925
2355 0.004000 2925
2356 0.004000 2925
2357 0.004000 2925
2358 0.004000 2925
2359 0.004000 2925
2360 0.004000 2925
2361 0.004000 2925
2362 0.004000 2925
2363 0.004000 2925
2364 0.004000 2925
2365 0.004000 2925
2366 0.004000 2925
2367 0.004000 2925
2368 0.004000 2925
2369 0.004000 2925
2370 0.004000 2925
2371 0.004000 2925
2372 0.004000 2925
2373 0.004000 2925
2374 0.004000 2925
2375 0.004000 2925
2376 0.004000 2925
2377 0.004000 2925
2378 0.004000 2925
2379 0.004000 2925
2380 0.004000 2925
2381 0.004000 2925
2382 0.004000 2925
2383 0.004000 2925
2384 0.004000 2925
2385 0.004000 2925
2386 0.004000 2925
2387 0.004000 2925
2388 0.004000 2925
2389 0.004000 2925
2390 0.004000 2925
2391 0.004000 2925
2392 0.004000 2925
2393 0.004000 2925
2394 0.004000 2925
2395 0.004000 2925
2396 0.004000 2925
2397 0.004000 2925
2398 0.004000 2925
2399 0.004000 2925
2400 0.004000 2925
2401 0.004000 2925
2402 0.004000 2925
2403 0.004000 2925
2404 0.004000 2925
2405 0.004000 2925
2406 0.004000 2925
2407 0.004000 2925
2408 0.004000 2925
2409 0.004000 2925
2410 0.004000 2925
2411 0.004000 2925
2412 0.004000 2925
2413 0.004000 2925
2414 0.004000 2925
2415 0.004000 2925
2416 0.004000 2925
2417 0.004000 2925
2418 0.004000 2925
2419 0.004000 2925
2420 0.004000 2925
2421 0.004000 2925
2422 0.004000 2925
2423 0.004000 2925
2424 0.004000 2925
2425 0.004000 2925
2426 0.004000 2925
2427 0.004000 2925
2428 0.004000 2925
2429 0.004000 2925
2430 0.004000 2925
2431 0.004000 2925
2432 0.004000 2925
2433 0.004000 2925
2434 0.004000 2925
2435 0.004000 2925
2436 0.004000 2925
2437 0.004000 2925
2438 0.004000 2925
2439 0.004000 2925
2440 0.004000 2925
2441 0.004000 2925
2442 0.004000 2925
2443 0.004000 2925
2444 0.004000 2925
2445 0.004000 2925
2446 0.004000 2925
2447 0.004000 2925
2448 0.004000 2925
2449 0.004000 2925
2450 0.004000 2925
2451 0.004000 2925
2452 0.004000 2925
2453 0.004000 2925
2454 0.004000 2925
2455 0.004000 2925
2456 0.004000 2925
2457 0.004000 2925
2458 0.004000 2925
2459 0.004000 2925
2460 0.004000 2925
2461 0.004000 2925
2462 0.004000 2925
2463 0.004000 2925
2464 0.004000 2925
2465 0.004000 2925
2466 0.004000 2925
2467 0.004000 2925
2468 0.004000 2925
2469 0.004000 2925
2470 0.004000 2925
2471 0.004000 2925
2472 0.004000 2925
2473 0.004000 2925
2474 0.004000 2925
2475 0.004000 2925
2476 0.004000 2925
2477 0.004000 2925
2478 0.004000 2925
2479 0.004000 2925
2480 0.004000 2925
2481 0.004000 2925
2482 0.004000 2925
2483 0.004000 2925
2484 0.004000 2925
2485 0.004000 2925
2486 0.004000 2925
2487 0.004000 2925
2488 0.004000 2925
2489 0.004000 2925
2490 0.004000 2925
2491 0.004000 2925
2492 0.004000 2925
2493 0.004000 2925
2494 0.004000 2925
2495 0.004000 2925
2496 0.004000 2925
2497 0.004000 2925
2498 0.004000 2925
2499 0.004000 2925
2500 0.004000 2925
2501 0.004000 2925
2502 0.004000 2925
2503 0.004000 2925
2504 0.004000 2925
2505 0.004000 2925
2506 0.004000 2925
2507 0.004000 2925
2508 0.004000 2925
2509 0.004000 2925
2510 0.004000 2925
2511 0.004000 2925
2512 0.004000 2925
2513 0.004000 2925
2514 0.004000 2925
2515 0.004000 2925
2516 0.004000 2925
2517 0.004000 2925
2518 0.004000 2925
2519 0.004000 2925
2520 0.004000 2925
2521 0.004000 2925
2522 0.004000 2925
2523 0.004000 2925
2524 0.004000 2925
2525 0.004000 2925
2526 0.004000 2925
2527 0.004000 2925
2528 0.004000 2925
2529 0.004000 2925
2530 0.004000 2925
2531 0.004000 2925
2532 0.004000 2925
2533 0.004000 2925
2534 0.004000 2925
2535 0.004000 2925
2536 0.004000 2925
2537 0.004000 2925
2538 0.004000 2925
2539 0.004000 2925
2540 0.004000 2925
2541 0.004000 2925
2542 0.004000 2925
2543 0.004000 2925
2544 0.004000 2925
2545 0.004000 2925
2546 0.004000 2925
2547 0.004000 2925
2548 0.004000 2925
2549 0.004000 2925
2550 0.004000 2925
2551 0.004000 2925
2552 0.004000 2925
2553 0.004000 2925
2554 0.004000 2925
2555 0.004000 2925
2556 0.004000 2925
2557 0.004000 2925
2558 0.004000 2925
2559 0.004000 2925
2560 0.004000 2925
2561 0.004000 2925
2562 0.004000 2925
2563 0.004000 2925
2564 0.004000 2925
2565 0.004000 2925
2566 0.004000 2925
2567 0.004000 2925
2568 0.004000 2925
2569 0.004000 2925
2570 0.004000 2925
2571 0.004000 2925
2572 0.004000 2925
2573 0.004000 2925
2574 0.004000 2925
2575 0.004000 2925
2576 0.004000 2925
2577 0.004000 2925
2578 0.004000 2925
2579 0.004000 2925
2580 0.004000 2925
2581 0.004000 2925
2582 0.004000 2925
2583 0.004000 2925
2584 0.004000 2925
2585 0.004000 2925
2586 0.004000 2925
2587 0.004000 2925
2588 0.004000 2925
2589 0.004000 2925
2590 0.004000 2925
2591 0.004000 2925
2592 0.004000 2925
2593 0.004000 2925
2594 0.004000 2925
2595 0.004000 2925
2596 0.004000 2925
2597 0.004000 2925
2598 0.004000 2925
2599 0.004000 2925
2600 0.004000 2925
2601 0.004000 2925
2602 0.004000 2925
2603 0.004000 2925
2604 0.004000 2925
2605 0.004000 2925
2606 0.004000 2925
2607 0.004000 2925
2608 0.004000 2925
2609 0.004000 2925
2610 0.004000 2925
2611 0.004000 2925
2612 0.004000 2925
2613 0.004000 2925
2614 0.004000 2925
2615 0.004000 2925
2616 0.004000 2925
2617 0.004000 2925
2618 0.004000 2925
2619 0.004000 2925
2620 0.004000 2925
2621 0.004000 2925
2622 0.004000 2925
2623 0.004000 2925
2624 0.004000 2925
2625 0.004000 2925
2626 0.004000 2925
2627 0.004000 2925
2628 0.004000 2925
2629 0.004000 2925
2630 0.004000 2925
2631 0.004000 2925
2632 0.004000 2925
2633 0.004000 2925
2634 0.004000 2925
2635 0.004000 2925
2636 0.004000 2925
2637 0.004000 2925
2638 0.004000 2925
2639 0.004000 2925
2640 0.004000 2925
2641 0.004000 2925
2642 0.004000 2925
2643 0.004000 2925
2644 0.004000 2925
2645 0.004000 2925
2646 0.004000 2925
2647 0.004000 2925
2648 0.004000 2925
2649 0.004000 2925
2650 0.004000 2925
2651 0.004000 2925
2652 0.004000 2925
2653 0.004000 2925
2654 0.004000 2925
2655 0.004000 2925
2656 0.004000 2925
2657 0.004000 2925
2658 0.004000 2925
2659 0.004000 2925
2660 0.004000 2925
2661 0.004000 2925
2662 0.004000 2925
2663 0.004000 2920
2664 0.004000 2920
2665 0.004000 2920
2666 0.004000 2920
2667 0.004000 2920
2668 0.004000 2920
2669 0.004000 2920
2670 0.004000 2920
2671 0.004000 2920
2672 0.004000 2920
2673 0.004000 2920
2674 0.004000 2920
2675 0.004000 2920
2676 0.004000 2920
2677 0.004000 2920
2678 0.004000 2920
2679 0.004000 2920
2680 0.004000 2920
2681 0.004000 2920
2682 0.004000 2920
2683 0.004000 2920
2684 0.004000 2920
2685 0.004000 2920
2686 0.004000 2920
2687 0.004000 2920
2688 0.004000 2920
2689 0.004000 2920
2690 0.004000 2920
2691 0.004000 2920
2692 0.004000 2920
2693 0.004000 2920
2694 0.004000 2920
2695 0.004000 2920
2696 0.004000 2920
2697 0.004000 2920
2698 0.004000 2920
2699 0.004000 2920
2700 0.004000 2920
2701 0.004000 2920
2702 0.004000 2920
2703 0.004000 2920
2704 0.004000 2920
2705 0.004000 2920
2706 0.004000 2920
2707 0.004000 2920
2708 0.004000 2920
2709 0.004000 2920
2710 0.004000 2920
2711 0.004000 2920
2712 0.004000 2920
2713 0.004000 2920
2714 0.004000 2920
2715 0.004000 2920
2716 0.004000 2920
2717 0.004000 2920
2718 0.004000 2920
2719 0.004000 2920
2720 0.004000 2920
2721 0.004000 2920
2722 0.004000 2920
2723 0.004000 2920
2724 0.004000 2920
2725 0.004000 2920
2726 0.004000 2920
2727 0.004000 2920
2728 0.004000 2920
2729 0.004000 2920
2730 0.004000 2920
2731 0.004000 2920
2732 0.004000 2920
2733 0.004000 2920
2734 0.004000 2920
2735 0.004000 2920
2736 0.004000 2920
2737 0.004000 2920
2738 0.004000 2920
2739 0.004000 2920
2740 0.004000 2920
2741 0.004000 2920
2742 0.004000 2920
2743 0.004000 2920
2744 0.004000 2920
2745 0.004000 2920
2746 0.004000 2920
2747 0.004000 2920
2748 0.004000 2920
2749 0.004000 2920
2750 0.004000 2920
2751 0.004000 2920
2752 0.004000 2920
2753 0.004000 2920
2754 0.004000 2920
2755 0.004000 2920
2756 0.004000 2920
2757 0.004000 2920
2758 0.004000 2920
2759 0.004000 2920
2760 0.004000 2920
2761 0.004000 2920
2762 0.004000 2920
2763 0.004000 2920
2764 0.004000 2920
2765 0.004000 2920
2766 0.004000 2920
2767 0.004000 2920
2768 0.004000 2920
2769 0.004000 2920
2770 0.004000 2920
2771 0.004000 2920
2772 0.004000 2920
2773 0.004000 2920
2774 0.004000 2920
2775 0.004000 2920
2776 0.004000 2920
2777 0.004000 2920
2778 0.004000 2920
2779 0.004000 2920
2780 0.004000 2920
2781 0.004000 2920
2782 0.004000 2920
2783 0.004000 2920
2784 0.004000 2920
2785 0.004000 2920
2786 0.004000 2920
2787 0.004000 2920
2788 0.004000 2920
2789 0.004000 2920
2790 0.004000 2920
2791 0.004000 2920
2792 0.004000 2920
2793 0.004000 2920
2794 0.004000 2920
2795 0.004000 2920
2796 0.004000 2920
2797 0.004000 2920
2798 0.004000 2920
2799 0.004000 2920
2800 0.004000 2920
2801 0.004000 2920
2802 0.004000 2920
2803 0.004000 2920
2804 0.004000 2920
2805 0.004000 2920
2806 0.004000 2920
2807 0.004000 2920
2808 0.004000 2920
2809 0.004000 2920
2810 0.004000 2920
2811 0.004000 2920
2812 0.004000 2920
2813 0.004000 2920
2814 0.004000 2920
2815 0.004000 2920
2816 0.004000 2920
2817 0.004000 2920
2818 0.004000 2920
2819 0.004000 2920
2820 0.004000 2920
2821 0.004000 2920
2822 0.004000 2920
2823 0.004000 2920
2824 0.004000 2920
2825 0.004000 2920
2826 0.004000 2920
2827 0.004000 2920
2828 0.004000 2920
2829 0.004000 2920
2830 0.004000 2920
2831 0.004000 2920
2832 0.004000 2920
2833 0.004000 2920
2834 0.004000 2920
2835 0.004000 2920
2836 0.004000 2920
2837 0.004000 2920
2838 0.004000 2920
2839 0.004000 2920
2840 0.004000 2920
2841 0.004000 2920
2842 0.004000 2920
2843 0.004000 2920
2844 0.004000 2920
2845 0.004000 2920
2846 0.004000 2920
2847 0.004000 2920
2848 0.004000 2920
2849 0.004000 2920
2850 0.004000 2920
2851 0.004000 2920
2852 0.004000 2920
2853 0.004000 2920
2854 0.004000 2920
2855 0.004000 2920
2856 0.004000 2920
2857 0.004000 2920
2858 0.004000 2920
2859 0.004000 2920
2860 0.004000 2920
2861 0.004000 2920
2862 0.004000 2920
2863 0.004000 2920
2864 0.004000 2920
2865 0.004000 2920
2866 0.004000 2920
2867 0.004000 2920
2868 0.004000 2920
2869 0.004000 2920
2870 0.004000 2920
2871 0.004000 2920
2872 0.004000 2920
2873 0.004000 2920
2874 0.004000 2920
2875 0.004000 2920
2876 0.004000 2920
2877 0.004000 2920
2878 0.004000 2920
2879 0.004000 2920
2880 0.004000 2920
2881 0.004000 2920
2882 0.004000 2920
2883 0.004000 2920
2884 0.004000 2920
2885 0.004000 2920
2886 0.004000 2920
2887 0.004000 2920
2888 0.004000 2920
2889 0.004000 2920
2890 0.004000 2920
2891 0.004000 2920
2892 0.004000 2920
2893 0.004000 2920
2894 0.004000 2920
2895 0.004000 2920
2896 0.004000 2920
2897 0.004000 2920
2898 0.004000 2920
2899 0.004000 2920
2900 0.004000 2920
2901 0.004000 2920
2902 0.004000 2920
2903 0.004000 2920
2904 0.004000 2920
2905 0.004000 2920
2906 0.004000 2920
2907 0.004000 2920
2908 0.004000 2920
2909 0.004000 2920
2910 0.004000 2920
2911 0.004000 2920
2912 0.004000 2920
2913 0.004000 2920
2914 0.004000 2920
2915 0.004000 2920
2916 0.004000 2920
2917 0.004000 2920
2918 0.004000 2920
2919 0.004000 2920
2920 0.004000 2920
2921 0.004000 2920
2922 0.004000 2920
2923 0.004000 2920
2924 0.004000 2920
2925 0.004000 2920
2926 0.004000 2920
2927 0.004000 2920
2928 0.004000 2920
2929 0.004000 2920
2930 0.004000 2920
2931 0.004000 2920
2932 0.004000 2920
2933 0.004000 2920
2934 0.004000 2920
2935 0.004000 2920
2936 0.004000 2920
2937 0.004000 2920
2938 0.004000 2920
2939 0.004000 2920
2940 0.004000 2920
2941 0.004000 2920
2942 0.004000 2920
2943 0.004000 2920
2944 0.004000 2920
2945 0.004000 2920
2946 0.004000 2920
2947 0.004000 2920
2948 0.004000 2920
2949 0.004000 2920
2950 0.004000 2920
2951 0.004000 2920
2952 0.004000 2920
2953 0.004000 2920
2954 0.004000 2920
2955 0.004000 2920
2956 0.004000 2920
2957 0.004000 2920
2958 0.004000 2920
2959 0.004000 2920
2960 0.004000 2920
2961 0.004000 2920
2962 0.004000 2920
2963 0.004000 2920
2964 0.004000 2920
2965 0.004000 2920
2966 0.004000 2920
2967 0.004000 2920
2968 0.004000 2920
2969 0.004000 2920
2970 0.004000 2920
2971 0.004000 2920
2972 0.004000 2920
2973 0.004000 2920
2974 0.004000 2920
2975 0.004000 2920
2976 0.004000 2920
2977 0.004000 2920
2978 0.004000 2920
2979 0.004000 2920
2980 0.004000 2920
2981 0.004000 2920
2982 0.004000 2920
2983 0.004000 2920
2984 0.004000 2920
2985 0.004000 2920
2986 0.004000 2920
2987 0.004000 2920
2988 0.004000 2920
2989 0.004000 2920
2990 0.004000 2920
2991 0.004000 2920
2992 0.004000 2920
2993 0.004000 2920
2994 0.004000 2920
2995 0.004000 2920
2996 0.004000 2920
2997 0.004000 2920
2998 0.004000 2920
2999 0.004000 2920
3000 0.004000 2920
# Final Best Cost: 2920
