# first_value: 3413
# Instance: eil101.tsp
# Method: random-search
# output: time cost
0 3413
1 0.000000 3413
2 0.000000 3413
3 0.000000 3413
4 0.000000 3413
5 0.000000 3413
6 0.000000 3413
7 0.000000 3404
8 0.000000 3404
9 0.000000 3404
10 0.000000 3404
11 0.000000 3404
12 0.000000 3312
13 0.000000 3312
14 0.000000 3312
15 0.000000 3312
16 0.000000 3312
17 0.000000 3312
18 0.000000 3312
19 0.000000 3312
20 0.000000 3312
21 0.000000 3312
22 0.000000 3312
23 0.000000 3312
24 0.000000 3312
25 0.000000 3312
26 0.000000 3312
27 0.000000 3312
28 0.000000 3312
29 0.000000 3312
30 0.000000 3312
31 0.000000 3312
32 0.000000 3312
33 0.000000 3312
34 0.000000 3312
35 0.000000 3312
36 0.000000 3312
37 0.000000 3312
38 0.000000 3312
39 0.000000 3312
40 0.000000 3312
41 0.000000 3312
42 0.000000 3312
43 0.000000 3312
44 0.000000 3312
45 0.000000 3312
46 0.000000 3312
47 0.000000 3312
48 0.000000 3312
49 0.000000 3268
50 0.000000 3255
51 0.000000 3255
52 0.000000 3255
53 0.000000 3255
54 0.000000 3255
55 0.000000 3255
56 0.000000 3255
57 0.000000 3255
58 0.000000 3255
59 0.000000 3255
60 0.000000 3251
61 0.000000 3177
62 0.000000 3177
63 0.000000 3177
64 0.000000 3177
65 0.000000 3177
66 0.000000 3177
67 0.000000 3177
68 0.000000 3177
69 0.000000 3177
70 0.000000 3177
71 0.000000 3177
72 0.000000 3132
73 0.000000 3132
74 0.000000 3132
75 0.000000 3132
76 0.000000 3132
77 0.000000 3132
78 0.000000 3132
79 0.000000 3132
80 0.000000 3132
81 0.000000 3132
82 0.000000 3132
83 0.000000 3132
84 0.000000 3132
85 0.000000 3132
86 0.000000 3132
87 0.000000 3132
88 0.000000 3132
89 0.000000 3132
90 0.000000 3132
91 0.000000 3132
92 0.000000 3132
93 0.000000 3132
94 0.000000 3132
95 0.000000 3132
96 0.000000 3132
97 0.000000 3132
98 0.000000 3132
99 0.000000 3132
100 0.000000 3132
101 0.000000 3132
102 0.000000 3132
103 0.000000 3132
104 0.000000 3132
105 0.000000 3132
106 0.000000 3132
107 0.000000 3132
108 0.000000 3132
109 0.000000 3132
110 0.000000 3132
111 0.000000 3132
112 0.000000 3132
113 0.000000 3132
114 0.000000 3132
115 0.000000 3132
116 0.000000 3132
117 0.000000 3132
118 0.000000 3132
119 0.000000 3132
120 0.000000 3132
121 0.000000 3132
122 0.000000 3132
123 0.000000 3132
124 0.000000 3132
125 0.000000 3132
126 0.000000 3132
127 0.000000 3132
128 0.000000 3132
129 0.000000 3132
130 0.000000 3132
131 0.000000 3132
132 0.000000 3132
133 0.000000 3132
134 0.000000 3132
135 0.000000 3132
136 0.000000 3132
137 0.000000 3132
138 0.000000 3132
139 0.000000 3132
140 0.000000 3132
141 0.000000 3132
142 0.000000 3132
143 0.000000 3132
144 0.000000 3132
145 0.000000 3132
146 0.000000 3132
147 0.000000 3132
148 0.000000 3132
149 0.000000 3132
150 0.000000 3132
151 0.000000 3132
152 0.000000 3132
153 0.000000 3132
154 0.000000 3132
155 0.000000 3132
156 0.000000 3132
157 0.000000 3132
158 0.000000 3132
159 0.000000 3132
160 0.000000 3132
161 0.000000 3132
162 0.000000 3132
163 0.000000 3132
164 0.000000 3132
165 0.000000 3132
166 0.000000 3132
167 0.000000 3132
168 0.000000 3132
169 0.000000 3132
170 0.000000 3104
171 0.000000 3104
172 0.000000 3104
173 0.000000 3104
174 0.000000 3104
175 0.000000 3104
176 0.000000 3104
177 0.000000 3104
178 0.000000 3104
179 0.000000 3104
180 0.000000 3104
181 0.000000 3104
182 0.000000 3104
183 0.000000 3104
184 0.000000 3104
185 0.000000 3104
186 0.000000 3104
187 0.000000 3104
188 0.000000 3104
189 0.000000 3104
190 0.000000 3104
191 0.000000 3104
192 0.000000 3104
193 0.000000 3104
194 0.000000 3104
195 0.000000 3104
196 0.000000 3104
197 0.000000 3104
198 0.000000 3104
199 0.000000 3104
200 0.000000 3104
201 0.000000 3104
202 0.000000 3104
203 0.000000 3104
204 0.000000 3104
205 0.000000 3104
206 0.000000 3104
207 0.000000 3104
208 0.000000 3104
209 0.000000 3104
210 0.000000 3104
211 0.000000 3104
212 0.000000 3104
213 0.000000 3104
214 0.000000 3104
215 0.000000 3104
216 0.000000 3104
217 0.000000 3104
218 0.000000 3104
219 0.000000 3104
220 0.000000 3104
221 0.000000 3104
222 0.000000 3104
223 0.000000 3104
224 0.000000 3104
225 0.000000 3104
226 0.000000 3104
227 0.000000 3104
228 0.000000 3104
229 0.000000 3104
230 0.000000 3104
231 0.000000 3104
232 0.000000 3104
233 0.000000 3104
234 0.000000 3104
235 0.000000 3104
236 0.000000 3104
237 0.000000 3104
238 0.000000 3104
239 0.000000 3104
240 0.000000 3104
241 0.000000 3104
242 0.000000 3104
243 0.000000 3104
244 0.000000 3104
245 0.000000 3104
246 0.000000 3104
247 0.000000 3104
248 0.000000 3104
249 0.000000 3104
250 0.000000 3104
251 0.000000 3104
252 0.000000 3104
253 0.000000 3104
254 0.000000 3104
255 0.000000 3104
256 0.000000 3104
257 0.000000 3104
258 0.000000 3104
259 0.000000 3104
260 0.000000 3104
261 0.000000 3104
262 0.000000 3104
263 0.000000 3104
264 0.000000 3104
265 0.000000 3104
266 0.000000 3104
267 0.000000 3104
268 0.000000 3104
269 0.000000 3104
270 0.000000 3104
271 0.000000 3104
272 0.000000 3104
273 0.000000 3104
274 0.000000 3104
275 0.000000 3104
276 0.000000 3104
277 0.000000 3104
278 0.000000 3104
279 0.000000 3104
280 0.000000 3104
281 0.000000 3104
282 0.000000 3104
283 0.000000 3104
284 0.000000 3104
285 0.000000 3104
286 0.000000 3104
287 0.000000 3104
288 0.000000 3104
289 0.000000 3104
290 0.000000 3104
291 0.000000 3104
292 0.000000 3104
293 0.000000 3104
294 0.000000 3104
295 0.000000 3104
296 0.000000 3104
297 0.000000 3104
298 0.000000 3104
299 0.000000 3104
300 0.000000 3104
301 0.000000 3104
302 0.000000 3104
303 0.000000 3104
304 0.000000 3104
305 0.000000 3104
306 0.000000 3104
307 0.000000 3104
308 0.000000 3104
309 0.000000 3104
310 0.000000 3104
311 0.000000 3104
312 0.000000 3104
313 0.000000 3104
314 0.000000 3104
315 0.000000 3104
316 0.000000 3104
317 0.000000 3104
318 0.000000 3104
319 0.000000 3104
320 0.000000 3104
321 0.000000 3104
322 0.000000 3104
323 0.000000 3104
324 0.000000 3104
325 0.000000 3104
326 0.000000 3104
327 0.000000 3104
328 0.000000 3104
329 0.000000 3104
330 0.000000 3104
331 0.000000 3104
332 0.000000 3104
333 0.000000 3104
334 0.000000 3104
335 0.000000 3104
336 0.000000 3104
337 0.000000 3104
338 0.000000 3104
339 0.000000 3104
340 0.000000 3104
341 0.000000 3104
342 0.000000 3104
343 0.000000 3104
344 0.000000 3104
345 0.000000 3104
346 0.000000 3104
347 0.000000 3104
348 0.000000 3104
349 0.000000 3104
350 0.000000 3104
351 0.000000 3104
352 0.000000 3104
353 0.000000 3104
354 0.000000 3104
355 0.000000 3104
356 0.000000 3104
357 0.000000 3104
358 0.000000 3104
359 0.000000 3104
360 0.000000 3104
361 0.000000 3104
362 0.000000 3104
363 0.000000 3104
364 0.000000 3104
365 0.000000 3104
366 0.000000 3104
367 0.000000 3104
368 0.000000 3104
369 0.000000 3104
370 0.000000 3104
371 0.000000 3104
372 0.000000 3104
373 0.000000 3104
374 0.000000 3104
375 0.000000 3104
376 0.000000 3104
377 0.000000 3104
378 0.000000 3104
379 0.000000 3104
380 0.000000 3104
381 0.000000 3104
382 0.000000 3104
383 0.000000 3104
384 0.000000 3104
385 0.000000 3104
386 0.000000 3104
387 0.000000 3104
388 0.000000 3104
389 0.000000 3104
390 0.000000 3104
391 0.000000 3104
392 0.000000 3104
393 0.000000 3104
394 0.000000 3104
395 0.000000 3104
396 0.000000 3104
397 0.000000 3104
398 0.000000 3104
399 0.000000 3104
400 0.000000 3104
401 0.000000 3104
402 0.000000 3104
403 0.000000 3104
404 0.000000 3104
405 0.000000 3104
406 0.000000 3104
407 0.000000 3104
408 0.000000 3104
409 0.000000 3104
410 0.000000 3104
411 0.000000 3104
412 0.000000 3104
413 0.000000 3104
414 0.000000 3104
415 0.000000 3104
416 0.000000 3104
417 0.000000 3104
418 0.000000 3104
419 0.000000 3104
420 0.000000 3104
421 0.000000 3104
422 0.000000 3104
423 0.000000 3104
424 0.000000 3104
425 0.000000 3104
426 0.000000 3104
427 0.000000 3104
428 0.000000 3104
429 0.000000 3104
430 0.000000 3104
431 0.000000 3104
432 0.000000 3104
433 0.000000 3104
434 0.000000 3050
435 0.000000 3050
436 0.000000 3050
437 0.000000 3050
438 0.000000 3050
439 0.000000 3050
440 0.000000 3050
441 0.000000 3050
442 0.000000 3050
443 0.000000 3050
444 0.000000 3050
445 0.000000 3050
446 0.000000 3050
447 0.000000 3050
448 0.000000 3050
449 0.000000 3050
450 0.000000 3050
451 0.000000 3050
452 0.000000 3050
453 0.000000 3050
454 0.000000 3050
455 0.000000 3050
456 0.000000 3050
457 0.000000 3050
458 0.000000 3050
459 0.000000 3050
460 0.000000 3050
461 0.000000 3050
462 0.000000 3050
463 0.000000 3050
464 0.000000 3050
465 0.000000 3050
466 0.000000 3050
467 0.000000 3050
468 0.000000 3050
469 0.000000 3050
470 0.000000 3050
471 0.000000 3050
472 0.000000 3050
473 0.000000 3050
474 0.000000 3050
475 0.000000 3050
476 0.000000 3050
477 0.000000 3050
478 0.000000 3050
479 0.000000 3050
480 0.000000 3050
481 0.000000 3050
482 0.000000 3050
483 0.000000 3050
484 0.000000 3050
485 0.000000 3050
486 0.000000 3050
487 0.000000 3050
488 0.000000 3050
489 0.000000 3050
490 0.000000 3050
491 0.000000 3050
492 0.000000 3050
493 0.000000 3050
494 0.000000 3050
495 0.000000 3050
496 0.000000 3050
497 0.000000 3050
498 0.000000 3050
499 0.000000 3050
500 0.000000 3050
501 0.000000 3050
502 0.000000 3050
503 0.000000 3050
504 0.000000 3050
505 0.000000 3050
506 0.000000 3050
507 0.000000 3050
508 0.000000 3050
509 0.000000 3050
510 0.000000 3050
511 0.000000 3050
512 0.000000 3050
513 0.000000 3050
514 0.000000 3050
515 0.000000 3050
516 0.000000 3050
517 0.000000 3050
518 0.000000 3050
519 0.000000 3050
520 0.000000 3050
521 0.000000 3050
522 0.000000 3050
523 0.000000 3050
524 0.000000 3050
525 0.000000 3050
526 0.000000 3050
527 0.000000 3050
528 0.000000 3050
529 0.000000 3050
530 0.000000 3050
531 0.000000 3050
532 0.000000 3050
533 0.000000 3050
534 0.000000 3050
535 0.000000 3050
536 0.000000 3050
537 0.000000 3050
538 0.000000 3050
539 0.000000 3050
540 0.000000 3050
541 0.000000 3050
542 0.000000 3050
543 0.000000 3050
544 0.000000 3050
545 0.000000 3050
546 0.000000 3050
547 0.000000 3050
548 0.000000 3050
549 0.000000 3050
550 0.000000 3050
551 0.000000 3050
552 0.000000 3050
553 0.000000 3050
554 0.000000 3050
555 0.000000 3050
556 0.000000 3050
557 0.000000 3050
558 0.000000 3050
559 0.000000 3050
560 0.000000 3050
561 0.000000 3050
562 0.000000 3050
563 0.000000 3050
564 0.000000 3050
565 0.000000 3050
566 0.000000 3050
567 0.000000 3050
568 0.000000 3050
569 0.000000 3050
570 0.000000 3050
571 0.000000 3050
572 0.000000 3050
573 0.000000 3050
574 0.000000 3050
575 0.000000 3050
576 0.000000 3050
577 0.000000 3050
578 0.000000 3050
579 0.000000 3050
580 0.000000 3050
581 0.000000 3050
582 0.000000 3050
583 0.000000 3050
584 0.000000 3050
585 0.000000 3050
586 0.000000 3050
587 0.000000 3050
588 0.000000 3050
589 0.000000 3050
590 0.000000 3050
591 0.000000 3050
592 0.000000 3050
593 0.000000 3050
594 0.000000 3050
595 0.000000 3050
596 0.000000 3050
597 0.000000 3050
598 0.000000 3050
599 0.000000 3050
600 0.000000 3050
601 0.000000 3050
602 0.000000 3050
603 0.000000 3050
604 0.000000 3050
605 0.001000 3050
606 0.001000 3050
607 0.001000 3050
608 0.001000 3050
609 0.001000 3050
610 0.001000 3050
611 0.001000 3050
612 0.001000 3050
613 0.001000 3050
614 0.001000 3050
615 0.001000 3050
616 0.001000 3050
617 0.001000 3050
618 0.001000 3050
619 0.001000 3050
620 0.001000 3050
621 0.001000 3050
622 0.001000 3050
623 0.001000 3050
624 0.001000 3050
625 0.001000 3050
626 0.001000 3050
627 0.001000 3050
628 0.001000 3050
629 0.001000 3050
630 0.001000 3050
631 0.001000 3050
632 0.001000 3050
633 0.001000 3050
634 0.001000 3050
635 0.001000 3050
636 0.001000 3050
637 0.001000 3050
638 0.001000 3050
639 0.001000 3050
640 0.001000 3050
641 0.001000 3050
642 0.001000 3050
643 0.001000 3050
644 0.001000 3050
645 0.001000 3050
646 0.001000 3050
647 0.001000 3050
648 0.001000 3050
649 0.001000 3050
650 0.001000 3050
651 0.001000 3050
652 0.001000 3050
653 0.001000 3050
654 0.001000 3050
655 0.001000 3050
656 0.001000 3050
657 0.001000 3050
658 0.001000 3050
659 0.001000 3050
660 0.001000 3050
661 0.001000 3050
662 0.001000 3050
663 0.001000 3050
664 0.001000 3050
665 0.001000 3050
666 0.001000 3050
667 0.001000 3050
668 0.001000 3050
669 0.001000 3050
670 0.001000 3050
671 0.001000 3050
672 0.001000 3050
673 0.001000 3050
674 0.001000 3050
675 0.001000 3050
676 0.001000 3050
677 0.001000 3050
678 0.001000 3050
679 0.001000 3050
680 0.001000 3050
681 0.001000 3050
682 0.001000 3050
683 0.001000 3050
684 0.001000 3050
685 0.001000 3050
686 0.001000 3050
687 0.001000 3050
688 0.001000 3050
689 0.001000 3050
690 0.001000 3050
691 0.001000 3050
692 0.001000 3050
693 0.001000 3050
694 0.001000 3050
695 0.001000 3050
696 0.001000 3050
697 0.001000 3050
698 0.001000 3050
699 0.001000 3050
700 0.001000 3050
701 0.001000 3050
702 0.001000 3050
703 0.001000 3050
704 0.001000 3050
705 0.001000 3050
706 0.001000 3050
707 0.001000 3050
708 0.001000 3050
709 0.001000 3050
710 0.001000 3050
711 0.001000 3050
712 0.001000 3050
713 0.001000 3050
714 0.001000 3050
715 0.001000 3050
716 0.001000 3050
717 0.001000 3050
718 0.001000 3050
719 0.001000 3050
720 0.001000 3050
721 0.001000 3050
722 0.001000 3050
723 0.001000 3050
724 0.001000 3050
725 0.001000 3050
726 0.001000 3050
727 0.001000 3050
728 0.001000 3050
729 0.001000 3050
730 0.001000 3050
731 0.001000 3050
732 0.001000 3050
733 0.001000 3050
734 0.001000 3050
735 0.001000 3050
736 0.001000 3050
737 0.001000 3050
738 0.001000 3050
739 0.001000 3050
740 0.001000 3050
741 0.001000 3050
742 0.001000 3050
743 0.001000 3050
744 0.001000 3050
745 0.001000 3050
746 0.001000 3050
747 0.001000 3050
748 0.001000 3050
749 0.001000 3050
750 0.001000 3050
751 0.001000 3050
752 0.001000 3050
753 0.001000 3050
754 0.001000 3050
755 0.001000 3050
756 0.001000 3050
757 0.001000 3050
758 0.001000 3050
759 0.001000 3050
760 0.001000 3050
761 0.001000 3050
762 0.001000 3050
763 0.001000 3050
764 0.001000 3050
765 0.001000 3050
766 0.001000 3050
767 0.001000 3050
768 0.001000 3050
769 0.001000 3050
770 0.001000 3050
771 0.001000 3050
772 0.001000 3050
773 0.001000 3050
774 0.001000 3050
775 0.001000 3050
776 0.001000 3050
777 0.001000 3050
778 0.001000 3050
779 0.001000 3050
780 0.001000 3050
781 0.001000 3050
782 0.001000 3050
783 0.001000 3050
784 0.001000 3050
785 0.001000 3050
786 0.001000 3050
787 0.001000 3050
788 0.001000 3050
789 0.001000 3050
790 0.001000 3050
791 0.001000 3050
792 0.001000 3050
793 0.001000 3050
794 0.001000 3050
795 0.001000 3050
796 0.001000 3050
797 0.001000 3050
798 0.001000 3050
799 0.001000 3050
800 0.001000 3050
801 0.001000 3050
802 0.001000 3050
803 0.001000 3050
804 0.001000 3050
805 0.001000 3050
806 0.001000 3050
807 0.001000 3050
808 0.001000 3050
809 0.001000 3050
810 0.001000 3050
811 0.001000 3050
812 0.001000 3050
813 0.001000 3046
814 0.001000 3046
815 0.001000 3046
816 0.001000 3046
817 0.001000 3046
818 0.001000 3046
819 0.001000 3046
820 0.001000 3046
821 0.001000 3046
822 0.001000 3046
823 0.001000 3046
824 0.001000 3046
825 0.001000 3046
826 0.001000 3046
827 0.001000 3046
828 0.001000 3046
829 0.001000 3046
830 0.001000 3046
831 0.001000 3046
832 0.001000 3046
833 0.001000 3046
834 0.001000 3046
835 0.001000 3046
836 0.001000 3046
837 0.001000 3046
838 0.001000 3046
839 0.001000 3046
840 0.001000 3046
841 0.001000 3046
842 0.001000 3046
843 0.001000 3046
844 0.001000 3046
845 0.001000 3046
846 0.001000 3046
847 0.001000 3046
848 0.001000 3046
849 0.001000 3046
850 0.001000 3046
851 0.001000 3046
852 0.001000 3046
853 0.001000 3046
854 0.001000 3046
855 0.001000 3046
856 0.001000 3046
857 0.001000 3046
858 0.001000 3046
859 0.001000 3046
860 0.001000 3046
861 0.001000 3046
862 0.001000 3046
863 0.001000 3046
864 0.001000 3046
865 0.001000 3046
866 0.001000 3046
867 0.001000 3046
868 0.001000 3046
869 0.001000 3046
870 0.001000 3046
871 0.001000 3046
872 0.001000 3046
873 0.001000 3046
874 0.001000 3046
875 0.001000 3046
876 0.001000 3046
877 0.001000 3046
878 0.001000 3046
879 0.001000 3046
880 0.001000 3046
881 0.001000 3046
882 0.001000 3032
883 0.001000 3032
884 0.001000 3032
885 0.001000 3032
886 0.001000 3032
887 0.001000 3032
888 0.001000 3032
889 0.001000 3032
890 0.001000 3032
891 0.001000 3032
892 0.001000 3032
893 0.001000 3032
894 0.001000 3032
895 0.001000 3032
896 0.001000 3032
897 0.001000 3032
898 0.001000 3032
899 0.001000 3032
900 0.001000 3032
901 0.001000 3032
902 0.001000 3032
903 0.001000 3032
904 0.001000 3032
905 0.001000 3032
906 0.001000 3032
907 0.001000 3032
908 0.001000 3032
909 0.001000 3032
910 0.001000 3032
911 0.001000 3032
912 0.001000 3032
913 0.001000 3032
914 0.001000 3032
915 0.001000 3032
916 0.001000 3032
917 0.001000 3032
918 0.001000 3032
919 0.001000 3032
920 0.001000 3032
921 0.001000 3032
922 0.001000 3032
923 0.001000 3032
924 0.001000 3032
925 0.001000 3032
926 0.001000 3032
927 0.001000 3032
928 0.001000 3032
929 0.001000 3032
930 0.001000 3032
931 0.001000 3032
932 0.001000 3032
933 0.001000 3032
934 0.001000 3032
935 0.001000 3032
936 0.001000 3032
937 0.001000 3032
938 0.001000 3032
939 0.001000 3032
940 0.001000 3032
941 0.001000 3032
942 0.001000 3032
943 0.001000 3032
944 0.001000 3032
945 0.001000 3032
946 0.001000 3032
947 0.001000 3032
948 0.001000 3032
949 0.001000 3032
950 0.001000 3032
951 0.001000 3032
952 0.001000 3032
953 0.001000 3032
954 0.001000 3032
955 0.001000 3032
956 0.001000 3032
957 0.001000 3032
958 0.001000 3032
959 0.001000 3032
960 0.001000 3032
961 0.001000 3032
962 0.001000 3032
963 0.001000 3032
964 0.001000 3032
965 0.001000 3032
966 0.001000 3032
967 0.001000 3032
968 0.001000 3032
969 0.001000 3032
970 0.001000 3032
971 0.001000 3032
972 0.001000 3032
973 0.001000 3032
974 0.001000 3032
975 0.001000 3032
976 0.001000 3032
977 0.001000 3032
978 0.001000 3032
979 0.001000 3032
980 0.001000 3032
981 0.001000 3032
982 0.001000 3032
983 0.001000 3032
984 0.001000 3032
985 0.001000 3032
986 0.001000 3032
987 0.001000 3032
988 0.001000 3032
989 0.001000 3032
990 0.001000 3032
991 0.001000 3032
992 0.001000 3032
993 0.001000 3032
994 0.001000 3032
995 0.001000 3032
996 0.001000 3032
997 0.001000 3032
998 0.001000 3032
999 0.001000 3032
1000 0.001000 3032
1001 0.001000 3032
1002 0.001000 3032
1003 0.001000 3032
1004 0.001000 3032
1005 0.001000 3032
1006 0.001000 3032
1007 0.001000 3032
1008 0.001000 3032
1009 0.001000 3032
1010 0.001000 3032
1011 0.001000 3032
1012 0.001000 3032
1013 0.001000 3032
1014 0.001000 3032
1015 0.001000 3032
1016 0.001000 3032
1017 0.001000 3032
1018 0.001000 3032
1019 0.001000 3032
1020 0.001000 3032
1021 0.001000 3032
1022 0.001000 3032
1023 0.001000 3032
1024 0.001000 3032
1025 0.001000 3032
1026 0.001000 3032
1027 0.001000 3032
1028 0.001000 3032
1029 0.001000 3032
1030 0.001000 3032
1031 0.001000 3032
1032 0.001000 3032
1033 0.001000 3032
1034 0.001000 3032
1035 0.001000 3032
1036 0.001000 3032
1037 0.001000 3032
1038 0.001000 3032
1039 0.001000 3032
1040 0.001000 3032
1041 0.001000 3032
1042 0.001000 3032
1043 0.001000 3032
1044 0.001000 3032
1045 0.001000 3032
1046 0.001000 3032
1047 0.001000 3032
1048 0.001000 3032
1049 0.001000 3032
1050 0.001000 3032
1051 0.001000 3032
1052 0.001000 3032
1053 0.001000 3032
1054 0.001000 3032
1055 0.001000 3032
1056 0.001000 3032
1057 0.001000 3032
1058 0.001000 3032
1059 0.001000 3032
1060 0.001000 3032
1061 0.001000 3032
1062 0.001000 3032
1063 0.001000 3032
1064 0.001000 3032
1065 0.001000 3032
1066 0.001000 3032
1067 0.001000 3032
1068 0.001000 3032
1069 0.001000 3032
1070 0.001000 3032
1071 0.001000 3032
1072 0.001000 3032
1073 0.001000 3032
1074 0.001000 3032
1075 0.001000 3032
1076 0.001000 3032
1077 0.001000 3032
1078 0.001000 3032
1079 0.001000 3032
1080 0.001000 3032
1081 0.001000 3032
1082 0.001000 3032
1083 0.001000 3032
1084 0.001000 3032
1085 0.001000 3032
1086 0.001000 3032
1087 0.001000 3032
1088 0.001000 3032
1089 0.001000 3032
1090 0.001000 3032
1091 0.001000 3032
1092 0.001000 3032
1093 0.001000 3032
1094 0.001000 3032
1095 0.001000 3032
1096 0.001000 3032
1097 0.001000 3032
1098 0.001000 3032
1099 0.001000 3032
1100 0.001000 3032
1101 0.001000 3032
1102 0.001000 3032
1103 0.001000 3032
1104 0.001000 3032
1105 0.001000 3032
1106 0.001000 3032
1107 0.001000 3032
1108 0.001000 3032
1109 0.001000 3032
1110 0.001000 3032
1111 0.001000 3032
1112 0.001000 3032
1113 0.001000 3032
1114 0.001000 3032
1115 0.001000 3032
1116 0.001000 3032
1117 0.001000 3032
1118 0.001000 3032
1119 0.001000 3032
1120 0.001000 3032
1121 0.001000 3032
1122 0.001000 3032
1123 0.001000 3032
1124 0.001000 3032
1125 0.001000 3032
1126 0.001000 3032
1127 0.001000 3032
1128 0.001000 3032
1129 0.001000 3032
1130 0.001000 3032
1131 0.001000 3032
1132 0.001000 3032
1133 0.001000 3032
1134 0.001000 3032
1135 0.001000 3032
1136 0.001000 3032
1137 0.001000 3032
1138 0.001000 3032
1139 0.001000 3032
1140 0.001000 3032
1141 0.001000 3032
1142 0.001000 3032
1143 0.001000 3032
1144 0.001000 3032
1145 0.001000 3032
1146 0.001000 3032
1147 0.001000 3032
1148 0.001000 3032
1149 0.001000 3032
1150 0.001000 3032
1151 0.001000 3032
1152 0.001000 3032
1153 0.001000 3032
1154 0.001000 3032
1155 0.001000 3032
1156 0.001000 3032
1157 0.001000 3032
1158 0.001000 3032
1159 0.001000 3032
1160 0.001000 3032
1161 0.001000 3032
1162 0.001000 3032
1163 0.001000 3032
1164 0.001000 3032
1165 0.001000 3032
1166 0.001000 3032
1167 0.001000 3032
1168 0.001000 3032
1169 0.001000 3032
1170 0.001000 3032
1171 0.001000 3032
1172 0.001000 3032
1173 0.001000 3032
1174 0.001000 3032
1175 0.001000 3032
1176 0.001000 3032
1177 0.001000 3032
1178 0.001000 3032
1179 0.001000 3032
1180 0.001000 3032
1181 0.001000 3032
1182 0.001000 3032
1183 0.001000 3032
1184 0.001000 3032
1185 0.001000 3032
1186 0.001000 3032
1187 0.001000 3032
1188 0.001000 3032
1189 0.001000 3032
1190 0.001000 3032
1191 0.001000 3032
1192 0.001000 3032
1193 0.001000 3032
1194 0.001000 3032
1195 0.001000 3032
1196 0.001000 3032
1197 0.001000 3032
1198 0.001000 3032
1199 0.001000 3032
1200 0.001000 3032
1201 0.001000 3032
1202 0.001000 3032
1203 0.001000 3032
1204 0.001000 3032
1205 0.001000 3032
1206 0.001000 3032
1207 0.001000 3032
1208 0.001000 3032
1209 0.001000 3032
1210 0.001000 3032
1211 0.001000 3032
1212 0.001000 3032
1213 0.001000 3032
1214 0.001000 3032
1215 0.001000 3032
1216 0.001000 3032
1217 0.001000 3032
1218 0.001000 3032
1219 0.001000 3032
1220 0.001000 3032
1221 0.001000 3032
1222 0.001000 3032
1223 0.001000 3032
1224 0.001000 3032
1225 0.001000 3032
1226 0.001000 3032
1227 0.001000 3032
1228 0.001000 3032
1229 0.001000 3032
1230 0.001000 3032
1231 0.001000 3032
1232 0.001000 3032
1233 0.001000 3032
1234 0.001000 3032
1235 0.001000 3032
1236 0.001000 3032
1237 0.001000 3032
1238 0.001000 3032
1239 0.001000 3032
1240 0.001000 3032
1241 0.001000 3032
1242 0.001000 3032
1243 0.001000 3032
1244 0.001000 3032
1245 0.001000 3032
1246 0.001000 3032
1247 0.001000 3032
1248 0.001000 3032
1249 0.001000 3032
1250 0.001000 3032
1251 0.001000 3032
1252 0.001000 3032
1253 0.001000 3032
1254 0.001000 3032
1255 0.001000 3032
1256 0.001000 3032
1257 0.001000 3032
1258 0.001000 3032
1259 0.001000 3032
1260 0.001000 3032
1261 0.001000 3032
1262 0.001000 3032
1263 0.001000 3032
1264 0.001000 3032
1265 0.001000 3032
1266 0.001000 3032
1267 0.001000 3032
1268 0.001000 3032
1269 0.001000 3032
1270 0.001000 3032
1271 0.001000 3032
1272 0.001000 3032
1273 0.001000 3032
1274 0.001000 3032
1275 0.001000 3032
1276 0.001000 3032
1277 0.001000 3032
1278 0.001000 3032
1279 0.001000 3032
1280 0.001000 3032
1281 0.001000 3032
1282 0.001000 3032
1283 0.001000 3032
1284 0.001000 3032
1285 0.001000 3032
1286 0.001000 3032
1287 0.001000 3032
1288 0.001000 3032
1289 0.001000 3032
1290 0.001000 3032
1291 0.001000 3032
1292 0.001000 3032
1293 0.001000 3032
1294 0.001000 3032
1295 0.001000 3032
1296 0.001000 3032
1297 0.001000 3032
1298 0.001000 3032
1299 0.001000 3032
1300 0.001000 3032
1301 0.001000 3032
1302 0.001000 3032
1303 0.001000 3032
1304 0.001000 3032
1305 0.001000 3032
1306 0.001000 3032
1307 0.001000 3032
1308 0.001000 3032
1309 0.001000 3032
1310 0.001000 3032
1311 0.001000 3032
1312 0.001000 3032
1313 0.001000 3032
1314 0.001000 3032
1315 0.001000 3032
1316 0.001000 3032
1317 0.001000 3032
1318 0.001000 3032
1319 0.001000 3032
1320 0.001000 3032
1321 0.001000 3032
1322 0.001000 3032
1323 0.001000 3032
1324 0.001000 3032
1325 0.001000 3032
1326 0.001000 3032
1327 0.001000 3032
1328 0.001000 3032
1329 0.001000 3032
1330 0.001000 3032
1331 0.001000 3032
1332 0.001000 3032
1333 0.001000 3032
1334 0.001000 3032
1335 0.001000 3032
1336 0.001000 3032
1337 0.001000 3032
1338 0.001000 3032
1339 0.001000 3032
1340 0.001000 3032
1341 0.001000 3032
1342 0.001000 3032
1343 0.001000 3032
1344 0.001000 3032
1345 0.001000 3032
1346 0.001000 3032
1347 0.001000 3032
1348 0.001000 3032
1349 0.001000 3032
1350 0.001000 3032
1351 0.001000 3032
1352 0.001000 3032
1353 0.001000 3032
1354 0.001000 3032
1355 0.001000 3032
1356 0.001000 3032
1357 0.001000 3032
1358 0.001000 3032
1359 0.001000 3032
1360 0.001000 3032
1361 0.001000 3032
1362 0.001000 3032
1363 0.001000 3032
1364 0.001000 3032
1365 0.001000 3032
1366 0.001000 3032
1367 0.001000 3032
1368 0.001000 3032
1369 0.001000 3032
1370 0.001000 3032
1371 0.001000 3032
1372 0.001000 3032
1373 0.001000 3032
1374 0.001000 3032
1375 0.001000 3032
1376 0.001000 3032
1377 0.001000 3032
1378 0.001000 3032
1379 0.001000 3032
1380 0.001000 3032
1381 0.001000 3032
1382 0.001000 3032
1383 0.001000 3032
1384 0.001000 3032
1385 0.001000 3032
1386 0.001000 3032
1387 0.001000 3032
1388 0.001000 3032
1389 0.001000 3032
1390 0.001000 3032
1391 0.001000 3032
1392 0.001000 3032
1393 0.001000 3032
1394 0.001000 3032
1395 0.001000 3032
1396 0.001000 3032
1397 0.001000 3032
1398 0.001000 3032
1399 0.001000 3032
1400 0.001000 3032
1401 0.001000 3032
1402 0.001000 3032
1403 0.001000 3032
1404 0.001000 3032
1405 0.001000 3032
1406 0.001000 3032
1407 0.001000 3032
1408 0.001000 3032
1409 0.001000 3032
1410 0.001000 3032
1411 0.001000 3032
1412 0.001000 3032
1413 0.001000 3032
1414 0.001000 3032
1415 0.001000 3032
1416 0.001000 3032
1417 0.001000 3032
1418 0.001000 3032
1419 0.001000 3032
1420 0.001000 3032
1421 0.001000 3032
1422 0.001000 3032
1423 0.001000 3032
1424 0.001000 3032
1425 0.001000 3032
1426 0.001000 3032
1427 0.001000 3032
1428 0.001000 3032
1429 0.001000 3032
1430 0.001000 3032
1431 0.001000 3032
1432 0.001000 3032
1433 0.001000 3032
1434 0.001000 3032
1435 0.001000 3032
1436 0.001000 3032
1437 0.001000 3032
1438 0.001000 3032
1439 0.001000 3032
1440 0.001000 3032
1441 0.001000 3032
1442 0.001000 3032
1443 0.001000 3032
1444 0.001000 3032
1445 0.001000 3032
1446 0.001000 3032
1447 0.001000 3032
1448 0.001000 3032
1449 0.001000 3032
1450 0.001000 3032
1451 0.001000 3032
1452 0.001000 3032
1453 0.001000 3032
1454 0.001000 3032
1455 0.001000 3032
1456 0.001000 3032
1457 0.001000 3032
1458 0.001000 3032
1459 0.001000 3032
1460 0.001000 3032
1461 0.001000 3032
1462 0.001000 3032
1463 0.001000 3032
1464 0.001000 3032
1465 0.001000 3032
1466 0.001000 3032
1467 0.001000 3032
1468 0.001000 3032
1469 0.001000 3032
1470 0.001000 3032
1471 0.001000 3032
1472 0.001000 3032
1473 0.001000 3032
1474 0.001000 3032
1475 0.001000 3032
1476 0.001000 3032
1477 0.001000 3032
1478 0.001000 3032
1479 0.001000 3032
1480 0.001000 3032
1481 0.001000 3032
1482 0.001000 3032
1483 0.001000 3032
1484 0.001000 3032
1485 0.001000 3032
1486 0.001000 3032
1487 0.001000 3032
1488 0.001000 3032
1489 0.001000 3032
1490 0.001000 3032
1491 0.001000 3032
1492 0.001000 3032
1493 0.001000 3032
1494 0.001000 3032
1495 0.001000 3032
1496 0.001000 3032
1497 0.001000 3032
1498 0.001000 3032
1499 0.001000 3032
1500 0.001000 3032
1501 0.001000 3032
1502 0.001000 3032
1503 0.001000 3032
1504 0.001000 3032
1505 0.001000 3032
1506 0.001000 3032
1507 0.001000 3032
1508 0.001000 3032
1509 0.001000 3032
1510 0.001000 3032
1511 0.001000 3032
1512 0.001000 3032
1513 0.001000 3032
1514 0.001000 3032
1515 0.001000 3032
1516 0.001000 3032
1517 0.001000 3032
1518 0.001000 3032
1519 0.001000 3032
1520 0.001000 3032
1521 0.001000 3032
1522 0.001000 3032
1523 0.001000 3032
1524 0.001000 3032
1525 0.001000 3032
1526 0.001000 3032
1527 0.001000 3032
1528 0.001000 3032
1529 0.001000 3032
1530 0.001000 3032
1531 0.001000 3032
1532 0.001000 3032
1533 0.001000 3032
1534 0.001000 3032
1535 0.001000 3032
1536 0.001000 3032
1537 0.001000 3032
1538 0.001000 3032
1539 0.001000 3032
1540 0.001000 3032
1541 0.001000 3032
1542 0.001000 3032
1543 0.001000 3032
1544 0.001000 3032
1545 0.001000 3008
1546 0.001000 3008
1547 0.001000 3008
1548 0.001000 3008
1549 0.001000 3008
1550 0.001000 3008
1551 0.001000 3008
1552 0.001000 3008
1553 0.001000 3008
1554 0.001000 3008
1555 0.001000 3008
1556 0.001000 3008
1557 0.001000 3008
1558 0.001000 3008
1559 0.001000 3008
1560 0.001000 3008
1561 0.001000 3008
1562 0.001000 3008
1563 0.001000 3008
1564 0.001000 3008
1565 0.001000 3008
1566 0.001000 3008
1567 0.001000 3008
1568 0.001000 3008
1569 0.001000 3008
1570 0.001000 3008
1571 0.001000 3008
1572 0.001000 3008
1573 0.001000 3008
1574 0.001000 3008
1575 0.001000 3008
1576 0.001000 3008
1577 0.001000 3008
1578 0.001000 3008
1579 0.001000 3008
1580 0.001000 3008
1581 0.001000 3008
1582 0.001000 3008
1583 0.001000 3008
1584 0.001000 3008
1585 0.001000 3008
1586 0.001000 3008
1587 0.001000 3008
1588 0.001000 3008
1589 0.001000 3008
1590 0.001000 3008
1591 0.001000 3008
1592 0.001000 3008
1593 0.001000 3008
1594 0.001000 3008
1595 0.001000 3008
1596 0.001000 3008
1597 0.001000 3008
1598 0.001000 3008
1599 0.001000 3008
1600 0.001000 3008
1601 0.001000 3008
1602 0.001000 3008
1603 0.001000 3008
1604 0.001000 3008
1605 0.001000 3008
1606 0.001000 3008
1607 0.001000 3008
1608 0.001000 3008
1609 0.001000 3008
1610 0.001000 3008
1611 0.001000 3008
1612 0.001000 3008
1613 0.001000 3008
1614 0.001000 3008
1615 0.001000 3008
1616 0.001000 3008
1617 0.001000 3008
1618 0.001000 3008
1619 0.001000 3008
1620 0.001000 3008
1621 0.001000 3008
1622 0.001000 3008
1623 0.001000 3008
1624 0.001000 3008
1625 0.001000 3008
1626 0.001000 3008
1627 0.001000 3008
1628 0.001000 3008
1629 0.001000 3008
1630 0.001000 3008
1631 0.001000 3008
1632 0.001000 3008
1633 0.001000 3008
1634 0.001000 3008
1635 0.001000 3008
1636 0.001000 3008
1637 0.001000 3008
1638 0.001000 3008
1639 0.001000 3008
1640 0.001000 3008
1641 0.001000 3008
1642 0.001000 3008
1643 0.001000 3008
1644 0.001000 3008
1645 0.001000 3008
1646 0.001000 3008
1647 0.001000 3008
1648 0.001000 3008
1649 0.001000 3008
1650 0.001000 3008
1651 0.001000 3008
1652 0.001000 3008
1653 0.001000 3008
1654 0.001000 3008
1655 0.001000 3008
1656 0.001000 3008
1657 0.001000 3008
1658 0.001000 3008
1659 0.001000 3008
1660 0.001000 3008
1661 0.001000 3008
1662 0.001000 3008
1663 0.001000 3008
1664 0.001000 3008
1665 0.001000 3008
1666 0.001000 3008
1667 0.001000 3008
1668 0.001000 3008
1669 0.001000 3008
1670 0.001000 3008
1671 0.001000 3008
1672 0.001000 3008
1673 0.001000 3008
1674 0.001000 3008
1675 0.001000 3008
1676 0.001000 3008
1677 0.001000 3008
1678 0.001000 3008
1679 0.001000 3008
1680 0.001000 3008
1681 0.001000 3008
1682 0.001000 3008
1683 0.001000 3008
1684 0.001000 3008
1685 0.001000 3008
1686 0.001000 3008
1687 0.001000 3008
1688 0.001000 3008
1689 0.001000 3008
1690 0.001000 3008
1691 0.001000 3008
1692 0.001000 3008
1693 0.001000 3008
1694 0.001000 3008
1695 0.001000 3008
1696 0.001000 3008
1697 0.001000 3008
1698 0.001000 3008
1699 0.001000 3008
1700 0.001000 3008
1701 0.001000 3008
1702 0.001000 3008
1703 0.001000 3008
1704 0.001000 3008
1705 0.001000 3008
1706 0.001000 3008
1707 0.001000 3008
1708 0.001000 3008
1709 0.001000 3008
1710 0.001000 3008
1711 0.001000 3008
1712 0.001000 3008
1713 0.001000 3008
1714 0.001000 3008
1715 0.001000 3008
1716 0.001000 3008
1717 0.001000 3008
1718 0.001000 3008
1719 0.001000 3008
1720 0.001000 3008
1721 0.001000 3008
1722 0.001000 3008
1723 0.001000 3008
1724 0.001000 3008
1725 0.001000 3008
1726 0.001000 3008
1727 0.001000 3008
1728 0.001000 3008
1729 0.001000 3008
1730 0.001000 3008
1731 0.001000 3008
1732 0.001000 3008
1733 0.001000 3008
1734 0.001000 3008
1735 0.001000 3008
1736 0.001000 3008
1737 0.001000 3008
1738 0.001000 3008
1739 0.001000 3008
1740 0.001000 3008
1741 0.001000 3008
1742 0.001000 3008
1743 0.001000 3008
1744 0.001000 3008
1745 0.001000 3008
1746 0.001000 3008
1747 0.001000 3008
1748 0.001000 3008
1749 0.001000 3008
1750 0.001000 3008
1751 0.001000 3008
1752 0.001000 3008
1753 0.001000 3008
1754 0.001000 3008
1755 0.001000 3008
1756 0.001000 3008
1757 0.001000 3008
1758 0.001000 3008
1759 0.001000 3008
1760 0.001000 3008
1761 0.001000 3008
1762 0.001000 3008
1763 0.001000 3008
1764 0.001000 3008
1765 0.001000 3008
1766 0.001000 3008
1767 0.001000 3008
1768 0.001000 3008
1769 0.001000 3008
1770 0.001000 3008
1771 0.001000 3008
1772 0.001000 3008
1773 0.001000 3008
1774 0.001000 3008
1775 0.001000 3008
1776 0.001000 3008
1777 0.001000 3008
1778 0.001000 3008
1779 0.001000 3008
1780 0.001000 3008
1781 0.001000 3008
1782 0.001000 3008
1783 0.001000 3008
1784 0.001000 3008
1785 0.001000 3008
1786 0.001000 3008
1787 0.001000 3008
1788 0.001000 3008
1789 0.001000 3008
1790 0.001000 3008
1791 0.001000 3008
1792 0.001000 3008
1793 0.001000 3008
1794 0.001000 3008
1795 0.001000 3008
1796 0.001000 3008
1797 0.001000 3008
1798 0.001000 3008
1799 0.001000 3008
1800 0.001000 3008
1801 0.001000 3008
1802 0.001000 3008
1803 0.001000 3008
1804 0.001000 3008
1805 0.001000 3008
1806 0.001000 3008
1807 0.001000 3008
1808 0.001000 3008
1809 0.001000 3008
1810 0.001000 3008
1811 0.001000 3008
1812 0.001000 3008
1813 0.001000 3008
1814 0.001000 3008
1815 0.001000 3008
1816 0.001000 3008
1817 0.001000 3008
1818 0.001000 3008
1819 0.001000 3008
1820 0.001000 3008
1821 0.001000 3008
1822 0.001000 3008
1823 0.001000 3008
1824 0.001000 3008
1825 0.001000 3008
1826 0.001000 3008
1827 0.001000 3008
1828 0.001000 3008
1829 0.001000 3008
1830 0.001000 3008
1831 0.001000 3008
1832 0.001000 3008
1833 0.001000 3008
1834 0.001000 3008
1835 0.001000 3008
1836 0.001000 3008
1837 0.001000 3008
1838 0.001000 3008
1839 0.001000 3008
1840 0.001000 3008
1841 0.001000 3008
1842 0.001000 3008
1843 0.001000 3008
1844 0.001000 3008
1845 0.001000 3008
1846 0.001000 3008
1847 0.001000 3008
1848 0.001000 2995
1849 0.001000 2995
1850 0.001000 2995
1851 0.001000 2995
1852 0.001000 2995
1853 0.001000 2995
1854 0.001000 2995
1855 0.001000 2995
1856 0.001000 2995
1857 0.001000 2995
1858 0.001000 2995
1859 0.001000 2995
1860 0.001000 2995
1861 0.001000 2995
1862 0.001000 2995
1863 0.001000 2995
1864 0.001000 2995
1865 0.001000 2995
1866 0.001000 2995
1867 0.001000 2995
1868 0.001000 2995
1869 0.001000 2995
1870 0.001000 2995
1871 0.001000 2995
1872 0.001000 2995
1873 0.001000 2995
1874 0.001000 2995
1875 0.001000 2995
1876 0.001000 2995
1877 0.001000 2995
1878 0.001000 2995
1879 0.001000 2995
1880 0.001000 2995
1881 0.001000 2995
1882 0.001000 2995
1883 0.001000 2995
1884 0.001000 2995
1885 0.001000 2995
1886 0.001000 2995
1887 0.001000 2995
1888 0.001000 2995
1889 0.001000 2995
1890 0.001000 2995
1891 0.001000 2995
1892 0.001000 2995
1893 0.001000 2995
1894 0.001000 2995
1895 0.001000 2995
1896 0.001000 2995
1897 0.001000 2995
1898 0.001000 2995
1899 0.001000 2995
1900 0.001000 2995
1901 0.001000 2995
1902 0.001000 2995
1903 0.001000 2995
1904 0.001000 2995
1905 0.001000 2995
1906 0.001000 2995
1907 0.001000 2995
1908 0.001000 2995
1909 0.001000 2995
1910 0.001000 2995
1911 0.001000 2995
1912 0.001000 2995
1913 0.001000 2995
1914 0.001000 2995
1915 0.001000 2995
1916 0.001000 2995
1917 0.001000 2995
1918 0.001000 2995
1919 0.001000 2995
1920 0.001000 2995
1921 0.001000 2995
1922 0.001000 2995
1923 0.001000 2995
1924 0.001000 2995
1925 0.001000 2995
1926 0.001000 2995
1927 0.001000 2995
1928 0.001000 2995
1929 0.001000 2995
1930 0.001000 2995
1931 0.001000 2995
1932 0.001000 2995
1933 0.001000 2995
1934 0.001000 2995
1935 0.001000 2995
1936 0.001000 2995
1937 0.001000 2995
1938 0.001000 2995
1939 0.001000 2995
1940 0.001000 2995
1941 0.001000 2995
1942 0.001000 2995
1943 0.001000 2995
1944 0.001000 2995
1945 0.001000 2995
1946 0.001000 2995
1947 0.001000 2995
1948 0.001000 2995
1949 0.001000 2995
1950 0.001000 2995
1951 0.001000 2995
1952 0.001000 2995
1953 0.001000 2995
1954 0.001000 2995
1955 0.001000 2995
1956 0.001000 2995
1957 0.001000 2995
1958 0.001000 2995
1959 0.001000 2995
1960 0.001000 2995
1961 0.001000 2995
1962 0.001000 2995
1963 0.001000 2995
1964 0.001000 2995
1965 0.001000 2995
1966 0.001000 2995
1967 0.001000 2995
1968 0.001000 2995
1969 0.001000 2995
1970 0.001000 2995
1971 0.001000 2995
1972 0.001000 2995
1973 0.001000 2995
1974 0.001000 2995
1975 0.001000 2995
1976 0.001000 2995
1977 0.001000 2995
1978 0.001000 2995
1979 0.001000 2995
1980 0.001000 2995
1981 0.001000 2995
1982 0.001000 2995
1983 0.001000 2995
1984 0.001000 2995
1985 0.001000 2995
1986 0.001000 2995
1987 0.001000 2995
1988 0.001000 2995
1989 0.001000 2995
1990 0.001000 2995
1991 0.001000 2995
1992 0.001000 2995
1993 0.001000 2995
1994 0.001000 2995
1995 0.001000 2995
1996 0.001000 2995
1997 0.001000 2995
1998 0.001000 2995
1999 0.001000 2995
2000 0.001000 2995
2001 0.001000 2995
2002 0.001000 2995
2003 0.001000 2995
2004 0.001000 2995
2005 0.001000 2995
2006 0.001000 2995
2007 0.001000 2995
2008 0.001000 2995
2009 0.001000 2995
2010 0.001000 2995
2011 0.001000 2995
2012 0.001000 2995
2013 0.001000 2995
2014 0.001000 2995
2015 0.001000 2995
2016 0.001000 2995
2017 0.001000 2995
2018 0.001000 2995
2019 0.001000 2995
2020 0.001000 2995
2021 0.001000 2995
2022 0.001000 2995
2023 0.001000 2995
2024 0.001000 2995
2025 0.001000 2995
2026 0.001000 2995
2027 0.001000 2995
2028 0.001000 2995
2029 0.001000 2995
2030 0.001000 2995
2031 0.001000 2995
2032 0.001000 2995
2033 0.001000 2995
2034 0.001000 2995
2035 0.001000 2995
2036 0.001000 2995
2037 0.001000 2995
2038 0.001000 2995
2039 0.001000 2995
2040 0.001000 2995
2041 0.001000 2995
2042 0.001000 2995
2043 0.001000 2995
2044 0.001000 2995
2045 0.001000 2995
2046 0.001000 2995
2047 0.001000 2995
2048 0.001000 2995
2049 0.001000 2995
2050 0.001000 2995
2051 0.001000 2995
2052 0.001000 2995
2053 0.001000 2995
2054 0.001000 2995
2055 0.001000 2995
2056 0.001000 2995
2057 0.001000 2995
2058 0.001000 2995
2059 0.001000 2995
2060 0.001000 2995
2061 0.001000 2995
2062 0.001000 2995
2063 0.001000 2995
2064 0.001000 2995
2065 0.001000 2995
2066 0.001000 2995
2067 0.001000 2995
2068 0.001000 2995
2069 0.001000 2995
2070 0.001000 2995
2071 0.001000 2995
2072 0.001000 2995
2073 0.001000 2995
2074 0.001000 2995
2075 0.001000 2995
2076 0.001000 2995
2077 0.001000 2995
2078 0.001000 2995
2079 0.001000 2995
2080 0.001000 2995
2081 0.001000 2995
2082 0.001000 2995
2083 0.001000 2995
2084 0.001000 2995
2085 0.001000 2995
2086 0.001000 2995
2087 0.001000 2995
2088 0.001000 2995
2089 0.001000 2995
2090 0.001000 2995
2091 0.001000 2995
2092 0.001000 2995
2093 0.001000 2995
2094 0.001000 2995
2095 0.001000 2995
2096 0.001000 2995
2097 0.001000 2995
2098 0.001000 2995
2099 0.001000 2995
2100 0.001000 2995
2101 0.001000 2995
2102 0.001000 2995
2103 0.001000 2995
2104 0.001000 2995
2105 0.001000 2995
2106 0.001000 2995
2107 0.001000 2995
2108 0.001000 2995
2109 0.001000 2995
2110 0.001000 2995
2111 0.001000 2995
2112 0.001000 2995
2113 0.001000 2995
2114 0.001000 2995
2115 0.001000 2995
2116 0.001000 2995
2117 0.001000 2995
2118 0.001000 2995
2119 0.001000 2995
2120 0.001000 2995
2121 0.001000 2995
2122 0.001000 2995
2123 0.001000 2995
2124 0.001000 2995
2125 0.001000 2995
2126 0.001000 2995
2127 0.001000 2995
2128 0.001000 2995
2129 0.001000 2995
2130 0.001000 2995
2131 0.001000 2995
2132 0.001000 2995
2133 0.001000 2995
2134 0.001000 2995
2135 0.001000 2995
2136 0.001000 2995
2137 0.001000 2995
2138 0.001000 2995
2139 0.001000 2995
2140 0.001000 2995
2141 0.001000 2995
2142 0.001000 2995
2143 0.001000 2995
2144 0.001000 2995
2145 0.001000 2995
2146 0.001000 2995
2147 0.001000 2995
2148 0.001000 2995
2149 0.001000 2995
2150 0.001000 2995
2151 0.001000 2995
2152 0.001000 2995
2153 0.001000 2995
2154 0.001000 2995
2155 0.001000 2995
2156 0.001000 2995
2157 0.001000 2995
2158 0.001000 2995
2159 0.001000 2995
2160 0.001000 2995
2161 0.001000 2995
2162 0.001000 2995
2163 0.001000 2995
2164 0.001000 2995
2165 0.001000 2995
2166 0.001000 2995
2167 0.001000 2995
2168 0.001000 2995
2169 0.001000 2995
2170 0.001000 2995
2171 0.001000 2995
2172 0.001000 2995
2173 0.001000 2995
2174 0.001000 2995
2175 0.001000 2995
2176 0.001000 2995
2177 0.001000 2995
2178 0.001000 2995
2179 0.001000 2995
2180 0.001000 2995
2181 0.001000 2995
2182 0.001000 2995
2183 0.001000 2995
2184 0.001000 2995
2185 0.001000 2995
2186 0.001000 2995
2187 0.001000 2995
2188 0.001000 2995
2189 0.001000 2995
2190 0.001000 2995
2191 0.001000 2995
2192 0.001000 2995
2193 0.001000 2995
2194 0.001000 2995
2195 0.001000 2995
2196 0.001000 2995
2197 0.001000 2995
2198 0.001000 2995
2199 0.001000 2995
2200 0.001000 2995
2201 0.001000 2995
2202 0.001000 2995
2203 0.001000 2995
2204 0.001000 2995
2205 0.001000 2995
2206 0.001000 2995
2207 0.001000 2995
2208 0.001000 2995
2209 0.001000 2995
2210 0.001000 2995
2211 0.001000 2995
2212 0.001000 2995
2213 0.001000 2995
2214 0.001000 2995
2215 0.001000 2995
2216 0.001000 2995
2217 0.001000 2995
2218 0.001000 2995
2219 0.001000 2995
2220 0.001000 2995
2221 0.001000 2995
2222 0.001000 2995
2223 0.001000 2995
2224 0.001000 2995
2225 0.001000 2995
2226 0.001000 2995
2227 0.001000 2995
2228 0.001000 2995
2229 0.001000 2995
2230 0.001000 2995
2231 0.001000 2995
2232 0.001000 2995
2233 0.001000 2995
2234 0.001000 2995
2235 0.001000 2995
2236 0.001000 2995
2237 0.001000 2995
2238 0.001000 2995
2239 0.001000 2995
2240 0.001000 2995
2241 0.001000 2995
2242 0.001000 2995
2243 0.001000 2995
2244 0.001000 2995
2245 0.001000 2995
2246 0.001000 2995
2247 0.001000 2995
2248 0.001000 2995
2249 0.001000 2995
2250 0.001000 2995
2251 0.001000 2995
2252 0.001000 2995
2253 0.001000 2995
2254 0.001000 2995
2255 0.001000 2995
2256 0.001000 2995
2257 0.001000 2995
2258 0.001000 2995
2259 0.001000 2995
2260 0.001000 2995
2261 0.001000 2995
2262 0.001000 2995
2263 0.001000 2995
2264 0.001000 2995
2265 0.001000 2995
2266 0.001000 2995
2267 0.001000 2995
2268 0.001000 2995
2269 0.001000 2995
2270 0.001000 2995
2271 0.001000 2995
2272 0.001000 2995
2273 0.001000 2995
2274 0.001000 2995
2275 0.001000 2995
2276 0.001000 2995
2277 0.001000 2995
2278 0.001000 2995
2279 0.001000 2995
2280 0.001000 2995
2281 0.001000 2995
2282 0.001000 2995
2283 0.001000 2995
2284 0.001000 2995
2285 0.001000 2995
2286 0.001000 2995
2287 0.001000 2995
2288 0.001000 2995
2289 0.001000 2995
2290 0.001000 2995
2291 0.001000 2995
2292 0.001000 2995
2293 0.001000 2995
2294 0.001000 2995
2295 0.001000 2995
2296 0.001000 2995
2297 0.001000 2995
2298 0.001000 2995
2299 0.001000 2995
2300 0.001000 2995
2301 0.001000 2995
2302 0.001000 2995
2303 0.001000 2995
2304 0.001000 2995
2305 0.001000 2995
2306 0.001000 2995
2307 0.001000 2995
2308 0.001000 2995
2309 0.001000 2995
2310 0.001000 2995
2311 0.001000 2995
2312 0.001000 2995
2313 0.001000 2995
2314 0.001000 2995
2315 0.001000 2995
2316 0.001000 2995
2317 0.001000 2995
2318 0.001000 2995
2319 0.001000 2995
2320 0.001000 2995
2321 0.001000 2995
2322 0.001000 2995
2323 0.001000 2995
2324 0.001000 2995
2325 0.001000 2995
2326 0.001000 2995
2327 0.001000 2995
2328 0.001000 2995
2329 0.001000 2995
2330 0.001000 2995
2331 0.001000 2995
2332 0.001000 2995
2333 0.001000 2995
2334 0.001000 2995
2335 0.001000 2995
2336 0.001000 2995
2337 0.001000 2995
2338 0.001000 2995
2339 0.001000 2995
2340 0.001000 2995
2341 0.001000 2995
2342 0.001000 2995
2343 0.001000 2995
2344 0.001000 2995
2345 0.001000 2995
2346 0.001000 2995
2347 0.001000 2995
2348 0.001000 2995
2349 0.001000 2995
2350 0.001000 2995
2351 0.001000 2995
2352 0.001000 2995
2353 0.001000 2995
2354 0.001000 2995
2355 0.001000 2995
2356 0.001000 2995
2357 0.001000 2995
2358 0.001000 2995
2359 0.001000 2995
2360 0.001000 2995
2361 0.001000 2995
2362 0.002000 2995
2363 0.002000 2995
2364 0.002000 2995
2365 0.002000 2995
2366 0.002000 2995
2367 0.002000 2995
2368 0.002000 2995
2369 0.002000 2995
2370 0.002000 2995
2371 0.002000 2995
2372 0.002000 2995
2373 0.002000 2995
2374 0.002000 2995
2375 0.002000 2995
2376 0.002000 2995
2377 0.002000 2995
2378 0.002000 2995
2379 0.002000 2995
2380 0.002000 2995
2381 0.002000 2995
2382 0.002000 2995
2383 0.002000 2995
2384 0.002000 2995
2385 0.002000 2995
2386 0.002000 2995
2387 0.002000 2995
2388 0.002000 2995
2389 0.002000 2995
2390 0.002000 2995
2391 0.002000 2995
2392 0.002000 2995
2393 0.002000 2995
2394 0.002000 2995
2395 0.002000 2995
2396 0.002000 2995
2397 0.002000 2995
2398 0.002000 2995
2399 0.002000 2995
2400 0.002000 2995
2401 0.002000 2995
2402 0.002000 2995
2403 0.002000 2995
2404 0.002000 2995
2405 0.002000 2995
2406 0.002000 2995
2407 0.002000 2995
2408 0.002000 2995
2409 0.002000 2995
2410 0.002000 2995
2411 0.002000 2995
2412 0.002000 2995
2413 0.002000 2995
2414 0.002000 2995
2415 0.002000 2995
2416 0.002000 2995
2417 0.002000 2995
2418 0.002000 2995
2419 0.002000 2995
2420 0.002000 2995
2421 0.002000 2995
2422 0.002000 2995
2423 0.002000 2995
2424 0.002000 2995
2425 0.002000 2995
2426 0.002000 2995
2427 0.002000 2995
2428 0.002000 2995
2429 0.002000 2995
2430 0.002000 2995
2431 0.002000 2995
2432 0.002000 2995
2433 0.002000 2995
2434 0.002000 2995
2435 0.002000 2995
2436 0.002000 2995
2437 0.002000 2995
2438 0.002000 2995
2439 0.002000 2995
2440 0.002000 2995
2441 0.002000 2995
2442 0.002000 2995
2443 0.002000 2995
2444 0.002000 2995
2445 0.002000 2995
2446 0.002000 2995
2447 0.002000 2995
2448 0.002000 2911
2449 0.002000 2911
2450 0.002000 2911
2451 0.002000 2911
2452 0.002000 2911
2453 0.002000 2911
2454 0.002000 2911
2455 0.002000 2911
2456 0.002000 2911
2457 0.002000 2911
2458 0.002000 2911
2459 0.002000 2911
2460 0.002000 2911
2461 0.002000 2911
2462 0.002000 2911
2463 0.002000 2911
2464 0.002000 2911
2465 0.002000 2911
2466 0.002000 2911
2467 0.002000 2911
2468 0.002000 2911
2469 0.002000 2911
2470 0.002000 2911
2471 0.002000 2911
2472 0.002000 2911
2473 0.002000 2911
2474 0.002000 2911
2475 0.002000 2911
2476 0.002000 2911
2477 0.002000 2911
2478 0.002000 2911
2479 0.002000 2911
2480 0.002000 2911
2481 0.002000 2911
2482 0.002000 2911
2483 0.002000 2911
2484 0.002000 2911
2485 0.002000 2911
2486 0.002000 2911
2487 0.002000 2911
2488 0.002000 2911
2489 0.002000 2911
2490 0.002000 2911
2491 0.002000 2911
2492 0.002000 2911
2493 0.002000 2911
2494 0.002000 2911
2495 0.002000 2911
2496 0.002000 2911
2497 0.002000 2911
2498 0.002000 2911
2499 0.002000 2911
2500 0.002000 2911
2501 0.002000 2911
2502 0.002000 2911
2503 0.002000 2911
2504 0.002000 2911
2505 0.002000 2911
2506 0.002000 2911
2507 0.002000 2911
2508 0.003000 2911
2509 0.003000 2911
2510 0.003000 2911
2511 0.003000 2911
2512 0.003000 2911
2513 0.003000 2911
2514 0.003000 2911
2515 0.003000 2911
2516 0.003000 2911
2517 0.003000 2911
2518 0.003000 2911
2519 0.003000 2911
2520 0.003000 2911
2521 0.003000 2911
2522 0.003000 2911
2523 0.003000 2911
2524 0.003000 2911
2525 0.003000 2911
2526 0.003000 2911
2527 0.003000 2911
2528 0.003000 2911
2529 0.003000 2911
2530 0.003000 2911
2531 0.003000 2911
2532 0.003000 2911
2533 0.003000 2911
2534 0.003000 2911
2535 0.003000 2911
2536 0.003000 2911
2537 0.003000 2911
2538 0.003000 2911
2539 0.003000 2911
2540 0.003000 2911
2541 0.003000 2911
2542 0.003000 2911
2543 0.003000 2911
2544 0.003000 2911
2545 0.003000 2911
2546 0.003000 2911
2547 0.003000 2911
2548 0.003000 2911
2549 0.003000 2911
2550 0.003000 2911
2551 0.003000 2911
2552 0.003000 2911
2553 0.003000 2911
2554 0.003000 2911
2555 0.003000 2911
2556 0.003000 2911
2557 0.003000 2911
2558 0.003000 2911
2559 0.003000 2911
2560 0.003000 2911
2561 0.003000 2911
2562 0.003000 2911
2563 0.003000 2911
2564 0.003000 2911
2565 0.003000 2911
2566 0.003000 2911
2567 0.003000 2911
2568 0.003000 2911
2569 0.003000 2911
2570 0.003000 2911
2571 0.003000 2911
2572 0.003000 2911
2573 0.003000 2911
2574 0.003000 2911
2575 0.003000 2911
2576 0.003000 2911
2577 0.003000 2911
2578 0.003000 2911
2579 0.003000 2911
2580 0.003000 2911
2581 0.003000 2911
2582 0.003000 2911
2583 0.003000 2911
2584 0.003000 2911
2585 0.003000 2911
2586 0.003000 2911
2587 0.003000 2911
2588 0.003000 2911
2589 0.003000 2911
2590 0.003000 2911
2591 0.003000 2911
2592 0.003000 2911
2593 0.003000 2911
2594 0.003000 2911
2595 0.003000 2911
2596 0.003000 2911
2597 0.003000 2911
2598 0.003000 2911
2599 0.003000 2911
2600 0.003000 2911
2601 0.003000 2911
2602 0.003000 2911
2603 0.003000 2911
2604 0.003000 2911
2605 0.003000 2911
2606 0.003000 2911
2607 0.003000 2911
2608 0.003000 2911
2609 0.003000 2911
2610 0.003000 2911
2611 0.003000 2911
2612 0.003000 2911
2613 0.003000 2911
2614 0.003000 2911
2615 0.003000 2911
2616 0.003000 2911
2617 0.003000 2911
2618 0.003000 2911
2619 0.003000 2911
2620 0.003000 2911
2621 0.003000 2911
2622 0.003000 2911
2623 0.003000 2911
2624 0.003000 2911
2625 0.003000 2911
2626 0.003000 2911
2627 0.003000 2911
2628 0.003000 2911
2629 0.003000 2911
2630 0.003000 2911
2631 0.003000 2911
2632 0.003000 2911
2633 0.003000 2911
2634 0.003000 2911
2635 0.003000 2911
2636 0.003000 2911
2637 0.003000 2911
2638 0.003000 2911
2639 0.003000 2911
2640 0.003000 2911
2641 0.003000 2911
2642 0.003000 2911
2643 0.003000 2911
2644 0.003000 2911
2645 0.003000 2911
2646 0.003000 2911
2647 0.003000 2911
2648 0.003000 2911
2649 0.003000 2911
2650 0.003000 2911
2651 0.003000 2911
2652 0.003000 2911
2653 0.003000 2911
2654 0.003000 2911
2655 0.003000 2911
2656 0.003000 2911
2657 0.003000 2911
2658 0.003000 2911
2659 0.003000 2911
2660 0.003000 2911
2661 0.003000 2911
2662 0.003000 2911
2663 0.003000 2911
2664 0.003000 2911
2665 0.003000 2911
2666 0.003000 2911
2667 0.003000 2911
2668 0.003000 2911
2669 0.003000 2911
2670 0.003000 2911
2671 0.003000 2911
2672 0.003000 2911
2673 0.003000 2911
2674 0.003000 2911
2675 0.003000 2911
2676 0.003000 2911
2677 0.003000 2911
2678 0.003000 2911
2679 0.003000 2911
2680 0.003000 2911
2681 0.003000 2911
2682 0.003000 2911
2683 0.003000 2911
2684 0.003000 2911
2685 0.003000 2911
2686 0.003000 2911
2687 0.003000 2911
2688 0.003000 2911
2689 0.003000 2911
2690 0.003000 2911
2691 0.003000 2911
2692 0.003000 2911
2693 0.003000 2911
2694 0.003000 2911
2695 0.003000 2911
2696 0.003000 2911
2697 0.003000 2911
2698 0.003000 2911
2699 0.003000 2911
2700 0.003000 2911
2701 0.003000 2911
2702 0.003000 2911
2703 0.003000 2911
2704 0.003000 2911
2705 0.003000 2911
2706 0.003000 2911
2707 0.003000 2911
2708 0.003000 2911
2709 0.003000 2911
2710 0.003000 2911
2711 0.003000 2911
2712 0.003000 2911
2713 0.003000 2911
2714 0.003000 2911
2715 0.003000 2911
2716 0.003000 2911
2717 0.003000 2911
2718 0.003000 2911
2719 0.003000 2911
2720 0.003000 2911
2721 0.003000 2911
2722 0.003000 2911
2723 0.003000 2911
2724 0.003000 2911
2725 0.003000 2911
2726 0.003000 2911
2727 0.003000 2911
2728 0.003000 2911
2729 0.003000 2911
2730 0.003000 2911
2731 0.003000 2911
2732 0.003000 2911
2733 0.003000 2911
2734 0.003000 2911
2735 0.003000 2911
2736 0.003000 2911
2737 0.003000 2911
2738 0.003000 2911
2739 0.003000 2911
2740 0.003000 2911
2741 0.003000 2911
2742 0.003000 2911
2743 0.003000 2911
2744 0.003000 2911
2745 0.003000 2911
2746 0.003000 2911
2747 0.003000 2911
2748 0.003000 2911
2749 0.003000 2911
2750 0.003000 2911
2751 0.003000 2911
2752 0.003000 2911
2753 0.003000 2911
2754 0.003000 2911
2755 0.003000 2911
2756 0.003000 2911
2757 0.003000 2911
2758 0.003000 2911
2759 0.003000 2911
2760 0.003000 2911
2761 0.003000 2911
2762 0.003000 2911
2763 0.003000 2911
2764 0.003000 2911
2765 0.003000 2911
2766 0.003000 2911
2767 0.003000 2911
2768 0.003000 2911
2769 0.003000 2911
2770 0.003000 2911
2771 0.003000 2911
2772 0.003000 2911
2773 0.003000 2911
2774 0.003000 2911
2775 0.003000 2911
2776 0.003000 2911
2777 0.003000 2911
2778 0.003000 2911
2779 0.003000 2911
2780 0.003000 2911
2781 0.003000 2911
2782 0.003000 2911
2783 0.003000 2911
2784 0.003000 2911
2785 0.003000 2911
2786 0.003000 2911
2787 0.003000 2911
2788 0.003000 2911
2789 0.003000 2911
2790 0.003000 2911
2791 0.003000 2911
2792 0.003000 2911
2793 0.003000 2911
2794 0.003000 2911
2795 0.003000 2911
2796 0.003000 2911
2797 0.003000 2911
2798 0.003000 2911
2799 0.003000 2911
2800 0.003000 2911
2801 0.003000 2911
2802 0.003000 2911
2803 0.003000 2911
2804 0.003000 2911
2805 0.003000 2911
2806 0.003000 2911
2807 0.003000 2911
2808 0.003000 2911
2809 0.003000 2911
2810 0.003000 2911
2811 0.003000 2911
2812 0.003000 2911
2813 0.003000 2911
2814 0.003000 2911
2815 0.003000 2911
2816 0.003000 2911
2817 0.003000 2911
2818 0.003000 2911
2819 0.003000 2911
2820 0.003000 2911
2821 0.003000 2911
2822 0.003000 2911
2823 0.003000 2911
2824 0.003000 2911
2825 0.003000 2911
2826 0.003000 2911
2827 0.003000 2911
2828 0.003000 2911
2829 0.003000 2911
2830 0.003000 2911
2831 0.003000 2911
2832 0.003000 2911
2833 0.003000 2911
2834 0.003000 2911
2835 0.003000 2911
2836 0.003000 2911
2837 0.003000 2911
2838 0.003000 2911
2839 0.003000 2911
2840 0.003000 2911
2841 0.003000 2911
2842 0.003000 2911
2843 0.003000 2911
2844 0.003000 2911
2845 0.003000 2911
2846 0.003000 2911
2847 0.003000 2911
2848 0.003000 2911
2849 0.003000 2911
2850 0.003000 2911
2851 0.003000 2911
2852 0.003000 2911
2853 0.003000 2911
2854 0.003000 2911
2855 0.003000 2911
2856 0.003000 2911
2857 0.003000 2911
2858 0.003000 2911
2859 0.003000 2911
2860 0.003000 2911
2861 0.003000 2911
2862 0.003000 2911
2863 0.003000 2911
2864 0.003000 2911
2865 0.003000 2911
2866 0.003000 2911
2867 0.003000 2911
2868 0.003000 2911
2869 0.003000 2911
2870 0.003000 2911
2871 0.003000 2911
2872 0.003000 2911
2873 0.003000 2911
2874 0.003000 2911
2875 0.003000 2911
2876 0.003000 2911
2877 0.003000 2911
2878 0.003000 2911
2879 0.003000 2911
2880 0.003000 2911
2881 0.003000 2911
2882 0.003000 2911
2883 0.003000 2911
2884 0.003000 2911
2885 0.003000 2911
2886 0.003000 2911
2887 0.003000 2911
2888 0.003000 2911
2889 0.003000 2911
2890 0.003000 2911
2891 0.003000 2911
2892 0.003000 2911
2893 0.003000 2911
2894 0.003000 2911
2895 0.003000 2911
2896 0.003000 2911
2897 0.003000 2911
2898 0.003000 2911
2899 0.003000 2911
2900 0.003000 2911
2901 0.003000 2911
2902 0.003000 2911
2903 0.003000 2911
2904 0.003000 2911
2905 0.003000 2911
2906 0.003000 2911
2907 0.003000 2911
2908 0.003000 2911
2909 0.003000 2911
2910 0.003000 2911
2911 0.003000 2911
2912 0.003000 2911
2913 0.003000 2911
2914 0.003000 2911
2915 0.003000 2911
2916 0.003000 2911
2917 0.003000 2911
2918 0.003000 2911
2919 0.003000 2911
2920 0.003000 2911
2921 0.003000 2911
2922 0.003000 2911
2923 0.003000 2911
2924 0.003000 2911
2925 0.003000 2911
2926 0.003000 2911
2927 0.003000 2911
2928 0.003000 2911
2929 0.003000 2911
2930 0.003000 2911
2931 0.003000 2911
2932 0.003000 2911
2933 0.003000 2911
2934 0.003000 2911
2935 0.003000 2911
2936 0.003000 2911
2937 0.003000 2911
2938 0.003000 2911
2939 0.003000 2911
2940 0.003000 2911
2941 0.003000 2911
2942 0.003000 2911
2943 0.003000 2911
2944 0.003000 2911
2945 0.003000 2911
2946 0.003000 2911
2947 0.003000 2911
2948 0.003000 2911
2949 0.003000 2911
2950 0.003000 2911
2951 0.003000 2911
2952 0.003000 2911
2953 0.003000 2911
2954 0.003000 2911
2955 0.003000 2911
2956 0.003000 2911
2957 0.003000 2911
2958 0.003000 2911
2959 0.003000 2911
2960 0.003000 2911
2961 0.003000 2911
2962 0.003000 2911
2963 0.003000 2911
2964 0.003000 2911
2965 0.003000 2911
2966 0.003000 2911
2967 0.003000 2911
2968 0.003000 2911
2969 0.003000 2911
2970 0.003000 2911
2971 0.003000 2911
2972 0.003000 2911
2973 0.003000 2911
2974 0.003000 2911
2975 0.003000 2911
2976 0.003000 2911
2977 0.003000 2911
2978 0.003000 2911
2979 0.003000 2911
2980 0.003000 2911
2981 0.003000 2911
2982 0.003000 2911
2983 0.003000 2911
2984 0.003000 2911
2985 0.003000 2911
2986 0.003000 2911
2987 0.003000 2911
2988 0.003000 2911
2989 0.003000 2911
2990 0.003000 2911
2991 0.003000 2911
2992 0.003000 2911
2993 0.003000 2911
2994 0.003000 2911
2995 0.003000 2911
2996 0.003000 2911
2997 0.003000 2911
2998 0.003000 2911
2999 0.003000 2911
3000 0.003000 2911
# Final Best Cost: 2911
