# first_value: 3368
# Instance: eil101.tsp
# Method: random-search
# output: time cost
0 3368
1 0.000000 3368
2 0.000000 3368
3 0.000000 3320
4 0.000000 3251
5 0.000000 3251
6 0.000000 3251
7 0.000000 3251
8 0.000000 3251
9 0.000000 3251
10 0.000000 3251
11 0.000000 3251
12 0.000000 3251
13 0.000000 3251
14 0.000000 3251
15 0.000000 3251
16 0.000000 3251
17 0.000000 3251
18 0.000000 3251
19 0.000000 3251
20 0.000000 3251
21 0.000000 3251
22 0.000000 3251
23 0.000000 3251
24 0.000000 3251
25 0.000000 3251
26 0.000000 3251
27 0.000000 3251
28 0.000000 3251
29 0.000000 3251
30 0.000000 3251
31 0.000000 3251
32 0.000000 3251
33 0.000000 3220
34 0.000000 3220
35 0.000000 3220
36 0.000000 3220
37 0.000000 3220
38 0.000000 3220
39 0.000000 3220
40 0.000000 3220
41 0.000000 3220
42 0.000000 3220
43 0.000000 3220
44 0.000000 3220
45 0.000000 3220
46 0.000000 3220
47 0.000000 3164
48 0.000000 3164
49 0.000000 3164
50 0.000000 3164
51 0.000000 3164
52 0.000000 3164
53 0.000000 3164
54 0.000000 3164
55 0.000000 3164
56 0.000000 3164
57 0.000000 3164
58 0.000000 3164
59 0.000000 3164
60 0.000000 3164
61 0.000000 3164
62 0.000000 3164
63 0.000000 3164
64 0.000000 3164
65 0.000000 3164
66 0.000000 3164
67 0.000000 3164
68 0.000000 3164
69 0.000000 3164
70 0.000000 3164
71 0.000000 3164
72 0.000000 3164
73 0.000000 3164
74 0.000000 3164
75 0.000000 3164
76 0.000000 3164
77 0.000000 3164
78 0.000000 3164
79 0.000000 3164
80 0.000000 3164
81 0.000000 3164
82 0.000000 3164
83 0.000000 3164
84 0.000000 3164
85 0.000000 3164
86 0.000000 3164
87 0.000000 3164
88 0.000000 3164
89 0.000000 3164
90 0.000000 3164
91 0.000000 3164
92 0.000000 3164
93 0.000000 3164
94 0.000000 3164
95 0.000000 3164
96 0.000000 3164
97 0.000000 3164
98 0.000000 3164
99 0.000000 3164
100 0.000000 3164
101 0.000000 3164
102 0.000000 3134
103 0.000000 3134
104 0.000000 3134
105 0.000000 3134
106 0.000000 3134
107 0.000000 3134
108 0.000000 3134
109 0.000000 3134
110 0.000000 3134
111 0.000000 3134
112 0.000000 3134
113 0.000000 3134
114 0.000000 3134
115 0.000000 3134
116 0.000000 3134
117 0.000000 3134
118 0.000000 3134
119 0.000000 3134
120 0.000000 3134
121 0.000000 3134
122 0.000000 3134
123 0.000000 3134
124 0.000000 3134
125 0.000000 3134
126 0.000000 3134
127 0.000000 3134
128 0.000000 3134
129 0.000000 3134
130 0.000000 3134
131 0.000000 3134
132 0.000000 3134
133 0.000000 3134
134 0.000000 3134
135 0.000000 3134
136 0.000000 3134
137 0.000000 3134
138 0.000000 3134
139 0.000000 3134
140 0.000000 3134
141 0.000000 3134
142 0.000000 3134
143 0.000000 3134
144 0.000000 3134
145 0.000000 3134
146 0.000000 3134
147 0.000000 3134
148 0.000000 3134
149 0.000000 3134
150 0.000000 3134
151 0.000000 3134
152 0.000000 3134
153 0.000000 3134
154 0.000000 3134
155 0.000000 3134
156 0.000000 3134
157 0.000000 3134
158 0.000000 3134
159 0.000000 3134
160 0.000000 3134
161 0.000000 3134
162 0.000000 3134
163 0.000000 3134
164 0.000000 3134
165 0.000000 3134
166 0.000000 3134
167 0.000000 3134
168 0.000000 3134
169 0.000000 3134
170 0.000000 3134
171 0.000000 3134
172 0.000000 3134
173 0.000000 3134
174 0.000000 3134
175 0.000000 3134
176 0.000000 3134
177 0.000000 3134
178 0.000000 3134
179 0.000000 3134
180 0.000000 3134
181 0.000000 3134
182 0.000000 3134
183 0.000000 3134
184 0.000000 3134
185 0.000000 3134
186 0.000000 3134
187 0.000000 3134
188 0.000000 3134
189 0.000000 3134
190 0.000000 3134
191 0.000000 3134
192 0.000000 3134
193 0.000000 3134
194 0.000000 3134
195 0.000000 3134
196 0.000000 3134
197 0.000000 3134
198 0.000000 3134
199 0.000000 3134
200 0.000000 3134
201 0.000000 3134
202 0.000000 3134
203 0.000000 3134
204 0.000000 3134
205 0.000000 3134
206 0.000000 3134
207 0.000000 3134
208 0.000000 3134
209 0.000000 3134
210 0.000000 3134
211 0.000000 3134
212 0.000000 3134
213 0.000000 3134
214 0.000000 3134
215 0.000000 3134
216 0.000000 3134
217 0.000000 3134
218 0.000000 3134
219 0.000000 3134
220 0.000000 3134
221 0.000000 3134
222 0.000000 3134
223 0.000000 3134
224 0.000000 3134
225 0.000000 3134
226 0.000000 3134
227 0.000000 3134
228 0.000000 3134
229 0.000000 3134
230 0.000000 3134
231 0.000000 3134
232 0.000000 3134
233 0.000000 3134
234 0.000000 3134
235 0.000000 3134
236 0.000000 3134
237 0.000000 3134
238 0.000000 3134
239 0.000000 3134
240 0.000000 3134
241 0.000000 3134
242 0.000000 3134
243 0.000000 3134
244 0.000000 3134
245 0.000000 3134
246 0.000000 3134
247 0.000000 3134
248 0.000000 3134
249 0.000000 3134
250 0.000000 3134
251 0.000000 3134
252 0.000000 3134
253 0.000000 3134
254 0.000000 3134
255 0.000000 3134
256 0.000000 3134
257 0.000000 3134
258 0.000000 3134
259 0.000000 3134
260 0.000000 3134
261 0.000000 3134
262 0.000000 3134
263 0.000000 3134
264 0.000000 3134
265 0.000000 3134
266 0.000000 3134
267 0.000000 3134
268 0.000000 3134
269 0.000000 3134
270 0.000000 3134
271 0.000000 3134
272 0.000000 3134
273 0.000000 3134
274 0.000000 3134
275 0.000000 3134
276 0.000000 3134
277 0.000000 3134
278 0.000000 3134
279 0.000000 3134
280 0.000000 3134
281 0.000000 3134
282 0.000000 3134
283 0.000000 3134
284 0.000000 3134
285 0.000000 3134
286 0.000000 3134
287 0.000000 3134
288 0.000000 3134
289 0.000000 3134
290 0.000000 3134
291 0.000000 3134
292 0.000000 3134
293 0.000000 3134
294 0.000000 3134
295 0.000000 3134
296 0.000000 3134
297 0.000000 3134
298 0.000000 3134
299 0.000000 3134
300 0.000000 3134
301 0.000000 3134
302 0.000000 3134
303 0.000000 3134
304 0.000000 3134
305 0.000000 3134
306 0.000000 3134
307 0.000000 3134
308 0.000000 3134
309 0.000000 3134
310 0.000000 3134
311 0.000000 3134
312 0.000000 3134
313 0.000000 3134
314 0.000000 3134
315 0.000000 3134
316 0.000000 3134
317 0.000000 3134
318 0.000000 3134
319 0.000000 3134
320 0.000000 3134
321 0.000000 3134
322 0.000000 3134
323 0.000000 3134
324 0.000000 3134
325 0.000000 3134
326 0.000000 3134
327 0.000000 3134
328 0.000000 3134
329 0.000000 3134
330 0.000000 3134
331 0.000000 3134
332 0.000000 3115
333 0.000000 3115
334 0.000000 3115
335 0.000000 3115
336 0.000000 3115
337 0.000000 3115
338 0.000000 3115
339 0.000000 3115
340 0.000000 3115
341 0.000000 3115
342 0.000000 3115
343 0.000000 3115
344 0.000000 3115
345 0.000000 3115
346 0.000000 3115
347 0.000000 3115
348 0.000000 3115
349 0.000000 3115
350 0.000000 3115
351 0.000000 3115
352 0.000000 3115
353 0.000000 3115
354 0.000000 3115
355 0.000000 3115
356 0.000000 3115
357 0.000000 3115
358 0.000000 3115
359 0.000000 3115
360 0.000000 3115
361 0.000000 3115
362 0.000000 3115
363 0.000000 3115
364 0.000000 3115
365 0.000000 3115
366 0.000000 3115
367 0.000000 3115
368 0.000000 3115
369 0.000000 3115
370 0.000000 3115
371 0.000000 3115
372 0.000000 3115
373 0.000000 3115
374 0.000000 3115
375 0.000000 3115
376 0.000000 3115
377 0.000000 3115
378 0.000000 3115
379 0.000000 3115
380 0.000000 3115
381 0.000000 3115
382 0.000000 3115
383 0.000000 3115
384 0.000000 3115
385 0.000000 3115
386 0.000000 3115
387 0.000000 3115
388 0.000000 3115
389 0.000000 3115
390 0.000000 3115
391 0.000000 3115
392 0.000000 3115
393 0.000000 3115
394 0.000000 3115
395 0.000000 3115
396 0.001000 3115
397 0.001000 3115
398 0.001000 3115
399 0.001000 3115
400 0.001000 3115
401 0.001000 3115
402 0.001000 3115
403 0.001000 3115
404 0.001000 3115
405 0.001000 3115
406 0.001000 3115
407 0.001000 3115
408 0.001000 3115
409 0.001000 3115
410 0.001000 3115
411 0.001000 3115
412 0.001000 3115
413 0.001000 3115
414 0.001000 3115
415 0.001000 3115
416 0.001000 3115
417 0.001000 3115
418 0.001000 3115
419 0.001000 3115
420 0.001000 3115
421 0.001000 3115
422 0.001000 3115
423 0.001000 3115
424 0.001000 3115
425 0.001000 3112
426 0.001000 3112
427 0.001000 3112
428 0.001000 3112
429 0.001000 3112
430 0.001000 3112
431 0.001000 3112
432 0.001000 3112
433 0.001000 3112
434 0.001000 3112
435 0.001000 3112
436 0.001000 3112
437 0.001000 3112
438 0.001000 3112
439 0.001000 3112
440 0.001000 3112
441 0.001000 3112
442 0.001000 3112
443 0.001000 3112
444 0.001000 3112
445 0.001000 3112
446 0.001000 3112
447 0.001000 3112
448 0.001000 3112
449 0.001000 3112
450 0.001000 3112
451 0.001000 3112
452 0.001000 3112
453 0.001000 3112
454 0.001000 3112
455 0.001000 3112
456 0.001000 3112
457 0.001000 3112
458 0.001000 3112
459 0.001000 3112
460 0.001000 3112
461 0.001000 3112
462 0.001000 3112
463 0.001000 3112
464 0.001000 3112
465 0.001000 3112
466 0.001000 3112
467 0.001000 3112
468 0.001000 3112
469 0.001000 3112
470 0.001000 3112
471 0.001000 3112
472 0.001000 3112
473 0.001000 3112
474 0.001000 3112
475 0.001000 3112
476 0.001000 3112
477 0.001000 3112
478 0.001000 3112
479 0.001000 3112
480 0.001000 3112
481 0.001000 3112
482 0.001000 3112
483 0.001000 3112
484 0.001000 3112
485 0.001000 3112
486 0.001000 3112
487 0.001000 3112
488 0.001000 3112
489 0.001000 3112
490 0.001000 3112
491 0.001000 3112
492 0.001000 3112
493 0.001000 3112
494 0.001000 3112
495 0.001000 3112
496 0.001000 3112
497 0.001000 3112
498 0.001000 3112
499 0.001000 3112
500 0.001000 3112
501 0.001000 3112
502 0.001000 3112
503 0.001000 3112
504 0.001000 3112
505 0.001000 3112
506 0.001000 3112
507 0.001000 3112
508 0.001000 3112
509 0.001000 3112
510 0.001000 3112
511 0.001000 3112
512 0.001000 3112
513 0.001000 3112
514 0.001000 3112
515 0.001000 3112
516 0.001000 3112
517 0.001000 3112
518 0.001000 3112
519 0.001000 3112
520 0.001000 3112
521 0.001000 3112
522 0.001000 3112
523 0.001000 3112
524 0.001000 3112
525 0.001000 3112
526 0.001000 3112
527 0.001000 3112
528 0.001000 3112
529 0.001000 3112
530 0.001000 3112
531 0.001000 3112
532 0.001000 3112
533 0.001000 3112
534 0.001000 3112
535 0.001000 3112
536 0.001000 3112
537 0.001000 3112
538 0.001000 3112
539 0.001000 3112
540 0.001000 3112
541 0.001000 3112
542 0.001000 3112
543 0.001000 3112
544 0.001000 3112
545 0.001000 3112
546 0.001000 3112
547 0.001000 3112
548 0.001000 3112
549 0.001000 3112
550 0.001000 3112
551 0.001000 3112
552 0.001000 3112
553 0.001000 3112
554 0.001000 3112
555 0.001000 3112
556 0.001000 3112
557 0.001000 3112
558 0.001000 3112
559 0.001000 3112
560 0.001000 3112
561 0.001000 3112
562 0.001000 3112
563 0.001000 3112
564 0.001000 3112
565 0.001000 3112
566 0.001000 3112
567 0.001000 3112
568 0.001000 3112
569 0.001000 3112
570 0.001000 3112
571 0.001000 3112
572 0.001000 3112
573 0.001000 3095
574 0.001000 3095
575 0.001000 3095
576 0.001000 3095
577 0.001000 3095
578 0.001000 3095
579 0.001000 3095
580 0.001000 3095
581 0.001000 3095
582 0.001000 3095
583 0.001000 3095
584 0.001000 3095
585 0.001000 3095
586 0.001000 3095
587 0.001000 3095
588 0.001000 3095
589 0.001000 3095
590 0.001000 3095
591 0.001000 3095
592 0.001000 3095
593 0.001000 3095
594 0.001000 3095
595 0.001000 3095
596 0.001000 3095
597 0.001000 3095
598 0.001000 3095
599 0.001000 3095
600 0.001000 3095
601 0.001000 3095
602 0.001000 3095
603 0.001000 3095
604 0.001000 3095
605 0.001000 3095
606 0.001000 3095
607 0.001000 3095
608 0.001000 3095
609 0.001000 3095
610 0.001000 3095
611 0.001000 3095
612 0.001000 3095
613 0.001000 3095
614 0.001000 3095
615 0.001000 3095
616 0.001000 3095
617 0.001000 3095
618 0.001000 3095
619 0.001000 3095
620 0.001000 3095
621 0.001000 3095
622 0.001000 3095
623 0.001000 3095
624 0.001000 3095
625 0.001000 3095
626 0.001000 3095
627 0.001000 3095
628 0.001000 3095
629 0.001000 3095
630 0.001000 3095
631 0.001000 3095
632 0.001000 3095
633 0.001000 3095
634 0.001000 3095
635 0.001000 3095
636 0.001000 3095
637 0.001000 3095
638 0.001000 3095
639 0.001000 3095
640 0.001000 3095
641 0.001000 3095
642 0.001000 3095
643 0.001000 3095
644 0.001000 3095
645 0.001000 3095
646 0.001000 3095
647 0.001000 3095
648 0.001000 3095
649 0.001000 3095
650 0.001000 3095
651 0.001000 3095
652 0.001000 3095
653 0.001000 3095
654 0.001000 3095
655 0.001000 3095
656 0.001000 3095
657 0.001000 3095
658 0.001000 3095
659 0.001000 3095
660 0.001000 3095
661 0.001000 3095
662 0.001000 3095
663 0.001000 3095
664 0.001000 3095
665 0.001000 3095
666 0.001000 3095
667 0.001000 3095
668 0.001000 3095
669 0.001000 3095
670 0.001000 3095
671 0.001000 3095
672 0.001000 3095
673 0.001000 3095
674 0.001000 3095
675 0.001000 3095
676 0.001000 3095
677 0.001000 3095
678 0.001000 3095
679 0.001000 3095
680 0.001000 3095
681 0.001000 3095
682 0.001000 3095
683 0.001000 3095
684 0.001000 3095
685 0.001000 3095
686 0.001000 3095
687 0.001000 3095
688 0.001000 3095
689 0.001000 3095
690 0.001000 3095
691 0.001000 3095
692 0.001000 3095
693 0.001000 3095
694 0.001000 3095
695 0.001000 3095
696 0.001000 3095
697 0.001000 3095
698 0.001000 3095
699 0.001000 3095
700 0.001000 3095
701 0.001000 3095
702 0.001000 3095
703 0.001000 3095
704 0.001000 3095
705 0.001000 3095
706 0.001000 3095
707 0.001000 3095
708 0.001000 3095
709 0.001000 3095
710 0.001000 3095
711 0.001000 3095
712 0.001000 3095
713 0.001000 3095
714 0.001000 3095
715 0.001000 3095
716 0.001000 3095
717 0.001000 3095
718 0.001000 3095
719 0.001000 3095
720 0.001000 3095
721 0.001000 3095
722 0.001000 3095
723 0.001000 3095
724 0.001000 3095
725 0.001000 3095
726 0.001000 3095
727 0.001000 3095
728 0.001000 3095
729 0.001000 3095
730 0.001000 3095
731 0.001000 3095
732 0.001000 3095
733 0.001000 3095
734 0.001000 3095
735 0.001000 3095
736 0.001000 3095
737 0.001000 3095
738 0.001000 3095
739 0.001000 3095
740 0.001000 3095
741 0.001000 3095
742 0.001000 3095
743 0.001000 3095
744 0.001000 3095
745 0.001000 3095
746 0.001000 3095
747 0.001000 3095
748 0.001000 3095
749 0.001000 3095
750 0.001000 3095
751 0.001000 3095
752 0.001000 3095
753 0.001000 3095
754 0.001000 3095
755 0.001000 3095
756 0.001000 3095
757 0.001000 3095
758 0.001000 3095
759 0.001000 3074
760 0.001000 3074
761 0.001000 3074
762 0.001000 3074
763 0.001000 3074
764 0.001000 3074
765 0.001000 3074
766 0.001000 3074
767 0.001000 3074
768 0.001000 3074
769 0.001000 3074
770 0.001000 3074
771 0.001000 3074
772 0.001000 3074
773 0.001000 3074
774 0.001000 3074
775 0.001000 3074
776 0.001000 3074
777 0.001000 3074
778 0.001000 3074
779 0.001000 3074
780 0.001000 3074
781 0.001000 3074
782 0.001000 3074
783 0.001000 3074
784 0.001000 3074
785 0.001000 3074
786 0.001000 3074
787 0.001000 3074
788 0.001000 3074
789 0.001000 3074
790 0.001000 3074
791 0.001000 3074
792 0.001000 3074
793 0.001000 3074
794 0.001000 3074
795 0.001000 3074
796 0.001000 3074
797 0.001000 3074
798 0.001000 3074
799 0.001000 3074
800 0.001000 3074
801 0.001000 3074
802 0.001000 3074
803 0.001000 3074
804 0.001000 3074
805 0.001000 3074
806 0.001000 3074
807 0.001000 3074
808 0.001000 3074
809 0.001000 3074
810 0.001000 3074
811 0.001000 3074
812 0.001000 3074
813 0.001000 3074
814 0.001000 3074
815 0.001000 3074
816 0.001000 3074
817 0.001000 3074
818 0.001000 3074
819 0.001000 3074
820 0.001000 3074
821 0.001000 3074
822 0.001000 3074
823 0.001000 3074
824 0.001000 3074
825 0.001000 3074
826 0.001000 3074
827 0.001000 3074
828 0.001000 3074
829 0.001000 3074
830 0.001000 3074
831 0.001000 3074
832 0.001000 3074
833 0.001000 3074
834 0.001000 3074
835 0.001000 3074
836 0.001000 3074
837 0.001000 3074
838 0.001000 3074
839 0.001000 3074
840 0.001000 3074
841 0.001000 3074
842 0.001000 3074
843 0.001000 3074
844 0.001000 3074
845 0.001000 3074
846 0.001000 3074
847 0.001000 3074
848 0.001000 3074
849 0.001000 3074
850 0.001000 3074
851 0.001000 3074
852 0.001000 3074
853 0.001000 3074
854 0.001000 3074
855 0.001000 3074
856 0.001000 3074
857 0.001000 3074
858 0.001000 3074
859 0.001000 3074
860 0.001000 3074
861 0.001000 3074
862 0.001000 3074
863 0.001000 3074
864 0.001000 3074
865 0.001000 3074
866 0.001000 3074
867 0.001000 3074
868 0.001000 3074
869 0.001000 3074
870 0.001000 3074
871 0.001000 3074
872 0.001000 3074
873 0.001000 3074
874 0.001000 3074
875 0.001000 3074
876 0.001000 3074
877 0.001000 3074
878 0.001000 3074
879 0.001000 3074
880 0.001000 3074
881 0.001000 3074
882 0.001000 3074
883 0.001000 3074
884 0.001000 3074
885 0.001000 3074
886 0.001000 3074
887 0.001000 3074
888 0.001000 3074
889 0.001000 3074
890 0.001000 3074
891 0.001000 3074
892 0.001000 3074
893 0.001000 3074
894 0.001000 3074
895 0.001000 3074
896 0.001000 3074
897 0.001000 3074
898 0.001000 3074
899 0.001000 3074
900 0.001000 3074
901 0.001000 3074
902 0.001000 3074
903 0.001000 3074
904 0.001000 3074
905 0.001000 3074
906 0.001000 3074
907 0.001000 3074
908 0.001000 3074
909 0.001000 3074
910 0.001000 3074
911 0.001000 3074
912 0.001000 3074
913 0.001000 3074
914 0.001000 3074
915 0.001000 3074
916 0.001000 3074
917 0.001000 3074
918 0.001000 3074
919 0.001000 3074
920 0.001000 3074
921 0.001000 3074
922 0.001000 3074
923 0.001000 3074
924 0.001000 3074
925 0.001000 3074
926 0.002000 3074
927 0.002000 3074
928 0.002000 3074
929 0.002000 3074
930 0.002000 3074
931 0.002000 3074
932 0.002000 3074
933 0.002000 3074
934 0.002000 3074
935 0.002000 3074
936 0.002000 3074
937 0.002000 3074
938 0.002000 3074
939 0.002000 3074
940 0.002000 3074
941 0.002000 3074
942 0.002000 3074
943 0.002000 3074
944 0.002000 3074
945 0.002000 3074
946 0.002000 3074
947 0.002000 3074
948 0.002000 3074
949 0.002000 3074
950 0.002000 3074
951 0.002000 3074
952 0.002000 3074
953 0.002000 3074
954 0.002000 3074
955 0.002000 3074
956 0.002000 3074
957 0.002000 3074
958 0.002000 3074
959 0.002000 3074
960 0.002000 3074
961 0.002000 3074
962 0.002000 3074
963 0.002000 3074
964 0.002000 3074
965 0.002000 3074
966 0.002000 3074
967 0.002000 3074
968 0.002000 3074
969 0.002000 3074
970 0.002000 3074
971 0.002000 3074
972 0.002000 3074
973 0.002000 3074
974 0.002000 3074
975 0.002000 3074
976 0.002000 3074
977 0.002000 3074
978 0.002000 3074
979 0.002000 3074
980 0.002000 3074
981 0.002000 3074
982 0.002000 3074
983 0.002000 3074
984 0.002000 3074
985 0.002000 3074
986 0.002000 3074
987 0.002000 3074
988 0.002000 3074
989 0.002000 3074
990 0.002000 3074
991 0.002000 3074
992 0.002000 3074
993 0.002000 3074
994 0.002000 3074
995 0.002000 3074
996 0.002000 3074
997 0.002000 3074
998 0.002000 3074
999 0.002000 3074
1000 0.002000 3074
1001 0.002000 3074
1002 0.002000 3074
1003 0.002000 3074
1004 0.002000 3074
1005 0.002000 3074
1006 0.002000 3074
1007 0.002000 3074
1008 0.002000 3074
1009 0.002000 3074
1010 0.002000 3074
1011 0.002000 3074
1012 0.002000 3074
1013 0.002000 3074
1014 0.002000 3074
1015 0.002000 3074
1016 0.002000 3074
1017 0.002000 3074
1018 0.002000 3074
1019 0.002000 3074
1020 0.002000 3074
1021 0.002000 3074
1022 0.002000 3074
1023 0.002000 3074
1024 0.002000 3074
1025 0.002000 3074
1026 0.002000 3074
1027 0.002000 3074
1028 0.002000 3074
1029 0.002000 3074
1030 0.002000 3074
1031 0.002000 3074
1032 0.002000 3074
1033 0.002000 3074
1034 0.002000 3074
1035 0.002000 3074
1036 0.002000 3074
1037 0.002000 3074
1038 0.002000 3074
1039 0.002000 3074
1040 0.002000 3074
1041 0.002000 3074
1042 0.002000 3074
1043 0.002000 3074
1044 0.002000 3074
1045 0.002000 3074
1046 0.002000 3074
1047 0.002000 3074
1048 0.002000 3074
1049 0.002000 3074
1050 0.002000 3074
1051 0.002000 3074
1052 0.002000 3074
1053 0.002000 3074
1054 0.002000 3074
1055 0.002000 3074
1056 0.002000 3074
1057 0.002000 3074
1058 0.002000 3074
1059 0.002000 3074
1060 0.002000 3074
1061 0.002000 3074
1062 0.002000 3074
1063 0.002000 3074
1064 0.002000 3074
1065 0.002000 3074
1066 0.002000 3074
1067 0.002000 3074
1068 0.002000 3074
1069 0.002000 3074
1070 0.002000 3074
1071 0.002000 3074
1072 0.002000 3074
1073 0.002000 3074
1074 0.002000 3074
1075 0.002000 3074
1076 0.002000 3063
1077 0.002000 3063
1078 0.002000 3063
1079 0.002000 3063
1080 0.002000 3063
1081 0.002000 3063
1082 0.002000 3063
1083 0.002000 3063
1084 0.002000 3063
1085 0.002000 3063
1086 0.002000 3063
1087 0.002000 3063
1088 0.002000 3063
1089 0.002000 3063
1090 0.002000 3063
1091 0.002000 3063
1092 0.002000 3063
1093 0.002000 3063
1094 0.002000 3063
1095 0.002000 3063
1096 0.002000 3063
1097 0.002000 3063
1098 0.002000 3063
1099 0.002000 3063
1100 0.002000 3063
1101 0.002000 3063
1102 0.002000 3063
1103 0.002000 3063
1104 0.002000 3063
1105 0.002000 3063
1106 0.002000 3063
1107 0.002000 3063
1108 0.002000 3063
1109 0.002000 3063
1110 0.002000 3063
1111 0.002000 3063
1112 0.002000 3063
1113 0.002000 3063
1114 0.002000 3063
1115 0.002000 3063
1116 0.002000 3063
1117 0.002000 3063
1118 0.002000 3063
1119 0.002000 3063
1120 0.002000 3063
1121 0.002000 3063
1122 0.002000 3063
1123 0.002000 3063
1124 0.002000 3063
1125 0.002000 3063
1126 0.002000 3063
1127 0.002000 3063
1128 0.002000 3063
1129 0.002000 3063
1130 0.002000 3063
1131 0.002000 3063
1132 0.002000 3063
1133 0.002000 3063
1134 0.002000 3063
1135 0.002000 3063
1136 0.002000 3063
1137 0.002000 3063
1138 0.002000 3063
1139 0.002000 3063
1140 0.002000 3063
1141 0.002000 3063
1142 0.002000 3063
1143 0.002000 3063
1144 0.002000 3063
1145 0.002000 3063
1146 0.002000 3063
1147 0.002000 3063
1148 0.002000 3063
1149 0.002000 3063
1150 0.002000 3063
1151 0.002000 3063
1152 0.002000 3063
1153 0.002000 3063
1154 0.002000 3063
1155 0.002000 3063
1156 0.002000 3063
1157 0.002000 3063
1158 0.002000 3053
1159 0.002000 3053
1160 0.002000 3053
1161 0.002000 3053
1162 0.002000 3053
1163 0.002000 3053
1164 0.002000 3053
1165 0.002000 3053
1166 0.002000 3053
1167 0.002000 3053
1168 0.002000 3053
1169 0.002000 3053
1170 0.002000 3053
1171 0.002000 3053
1172 0.002000 3053
1173 0.002000 3053
1174 0.002000 3053
1175 0.002000 3053
1176 0.002000 3053
1177 0.002000 3053
1178 0.002000 3053
1179 0.002000 3053
1180 0.002000 3053
1181 0.002000 3053
1182 0.002000 3053
1183 0.002000 3053
1184 0.002000 3053
1185 0.002000 3053
1186 0.002000 3053
1187 0.002000 3053
1188 0.002000 3053
1189 0.002000 3053
1190 0.002000 3053
1191 0.002000 3053
1192 0.002000 3053
1193 0.002000 3053
1194 0.002000 3053
1195 0.002000 3053
1196 0.002000 3053
1197 0.002000 3053
1198 0.002000 3053
1199 0.002000 3053
1200 0.002000 3053
1201 0.002000 3053
1202 0.002000 3053
1203 0.002000 3053
1204 0.002000 3053
1205 0.002000 3053
1206 0.002000 3053
1207 0.002000 3053
1208 0.002000 3053
1209 0.002000 3053
1210 0.002000 3053
1211 0.002000 3053
1212 0.002000 3053
1213 0.002000 3053
1214 0.002000 3053
1215 0.002000 3053
1216 0.002000 3053
1217 0.002000 3053
1218 0.002000 3053
1219 0.002000 3053
1220 0.002000 3053
1221 0.002000 3053
1222 0.002000 3053
1223 0.002000 3053
1224 0.002000 3053
1225 0.002000 3053
1226 0.002000 3053
1227 0.002000 3053
1228 0.002000 3053
1229 0.002000 3053
1230 0.002000 3053
1231 0.002000 3053
1232 0.002000 3053
1233 0.002000 3053
1234 0.002000 3053
1235 0.002000 3053
1236 0.002000 3053
1237 0.002000 3053
1238 0.002000 3053
1239 0.002000 3053
1240 0.002000 3053
1241 0.002000 3053
1242 0.002000 3053
1243 0.002000 3053
1244 0.002000 3053
1245 0.002000 3053
1246 0.002000 3053
1247 0.002000 3053
1248 0.002000 3053
1249 0.002000 3053
1250 0.002000 3053
1251 0.002000 3053
1252 0.002000 3053
1253 0.002000 3053
1254 0.002000 3053
1255 0.002000 3053
1256 0.002000 3053
1257 0.002000 3053
1258 0.002000 3053
1259 0.002000 3053
1260 0.002000 3053
1261 0.002000 3053
1262 0.002000 3053
1263 0.002000 3053
1264 0.002000 3053
1265 0.002000 3053
1266 0.002000 3053
1267 0.002000 3053
1268 0.002000 3053
1269 0.002000 3053
1270 0.002000 3053
1271 0.002000 3053
1272 0.002000 3053
1273 0.002000 3053
1274 0.002000 3053
1275 0.002000 3053
1276 0.002000 3053
1277 0.002000 3053
1278 0.002000 3053
1279 0.002000 3053
1280 0.002000 3053
1281 0.002000 3053
1282 0.002000 3053
1283 0.002000 3053
1284 0.002000 3053
1285 0.002000 3053
1286 0.002000 3053
1287 0.002000 3053
1288 0.002000 3053
1289 0.002000 3053
1290 0.002000 3053
1291 0.002000 3053
1292 0.002000 3053
1293 0.002000 3053
1294 0.002000 3053
1295 0.002000 3053
1296 0.002000 3053
1297 0.002000 3053
1298 0.002000 3053
1299 0.002000 3053
1300 0.002000 3053
1301 0.002000 3053
1302 0.002000 3053
1303 0.002000 3053
1304 0.002000 3053
1305 0.002000 3053
1306 0.002000 3053
1307 0.002000 3053
1308 0.002000 3053
1309 0.002000 3053
1310 0.002000 3053
1311 0.002000 3053
1312 0.002000 3053
1313 0.002000 3053
1314 0.002000 3053
1315 0.002000 3053
1316 0.002000 3053
1317 0.002000 3053
1318 0.002000 3053
1319 0.002000 3053
1320 0.002000 3053
1321 0.002000 3053
1322 0.002000 3053
1323 0.002000 3053
1324 0.002000 3053
1325 0.002000 3053
1326 0.002000 3053
1327 0.002000 3053
1328 0.002000 3053
1329 0.002000 3053
1330 0.002000 3053
1331 0.002000 3053
1332 0.002000 3053
1333 0.002000 3053
1334 0.002000 3053
1335 0.002000 3053
1336 0.002000 3053
1337 0.002000 3053
1338 0.002000 3053
1339 0.002000 3053
1340 0.002000 3053
1341 0.002000 3053
1342 0.002000 3053
1343 0.002000 3053
1344 0.002000 3053
1345 0.002000 3053
1346 0.002000 3053
1347 0.002000 3053
1348 0.002000 3053
1349 0.002000 3053
1350 0.002000 3053
1351 0.002000 3053
1352 0.002000 3053
1353 0.002000 3053
1354 0.002000 3053
1355 0.002000 3053
1356 0.002000 3053
1357 0.002000 3053
1358 0.002000 3053
1359 0.002000 3053
1360 0.002000 3053
1361 0.002000 3053
1362 0.002000 3053
1363 0.002000 3053
1364 0.002000 3053
1365 0.002000 3053
1366 0.002000 3053
1367 0.002000 3053
1368 0.002000 3053
1369 0.002000 3053
1370 0.002000 3053
1371 0.002000 3053
1372 0.002000 3053
1373 0.002000 3053
1374 0.002000 3053
1375 0.002000 3053
1376 0.002000 3053
1377 0.002000 3053
1378 0.002000 3053
1379 0.002000 3053
1380 0.002000 3053
1381 0.002000 3053
1382 0.002000 3053
1383 0.002000 3053
1384 0.002000 3053
1385 0.002000 3053
1386 0.002000 3053
1387 0.002000 3053
1388 0.002000 3053
1389 0.002000 3053
1390 0.002000 3053
1391 0.002000 3053
1392 0.002000 3053
1393 0.002000 3053
1394 0.002000 3053
1395 0.002000 3053
1396 0.002000 3053
1397 0.002000 3053
1398 0.002000 3053
1399 0.002000 3053
1400 0.002000 3053
1401 0.002000 3053
1402 0.002000 3053
1403 0.002000 3053
1404 0.002000 3053
1405 0.002000 3053
1406 0.002000 3053
1407 0.002000 3053
1408 0.002000 3053
1409 0.002000 3053
1410 0.002000 3053
1411 0.002000 3053
1412 0.002000 3053
1413 0.002000 3053
1414 0.002000 3053
1415 0.002000 3053
1416 0.002000 3053
1417 0.002000 3053
1418 0.002000 3053
1419 0.002000 3053
1420 0.002000 3053
1421 0.002000 3053
1422 0.002000 3053
1423 0.002000 3053
1424 0.002000 3053
1425 0.002000 3053
1426 0.002000 3053
1427 0.002000 3053
1428 0.002000 3053
1429 0.002000 3053
1430 0.002000 3053
1431 0.002000 3053
1432 0.002000 3053
1433 0.002000 3053
1434 0.002000 3053
1435 0.002000 3053
1436 0.002000 3053
1437 0.002000 3053
1438 0.002000 3053
1439 0.002000 3053
1440 0.002000 3053
1441 0.002000 3053
1442 0.002000 3053
1443 0.002000 3053
1444 0.002000 3053
1445 0.002000 3053
1446 0.002000 3053
1447 0.002000 3053
1448 0.002000 3053
1449 0.002000 3053
1450 0.002000 3053
1451 0.002000 3053
1452 0.002000 3053
1453 0.002000 3053
1454 0.002000 3053
1455 0.002000 3053
1456 0.002000 3053
1457 0.002000 3053
1458 0.002000 3053
1459 0.002000 3053
1460 0.002000 3053
1461 0.002000 3053
1462 0.002000 3053
1463 0.002000 3053
1464 0.002000 3053
1465 0.002000 3053
1466 0.002000 3053
1467 0.002000 3053
1468 0.002000 3053
1469 0.002000 3053
1470 0.002000 3053
1471 0.002000 3053
1472 0.002000 3053
1473 0.002000 3053
1474 0.002000 3053
1475 0.002000 3053
1476 0.002000 3053
1477 0.002000 3053
1478 0.002000 3053
1479 0.002000 3053
1480 0.002000 3053
1481 0.002000 3053
1482 0.002000 3053
1483 0.002000 3053
1484 0.002000 3053
1485 0.002000 3053
1486 0.002000 3053
1487 0.002000 3053
1488 0.002000 3053
1489 0.002000 3053
1490 0.002000 3053
1491 0.002000 3023
1492 0.002000 3023
1493 0.002000 3023
1494 0.002000 3023
1495 0.002000 3023
1496 0.002000 3023
1497 0.002000 3023
1498 0.002000 3023
1499 0.002000 3023
1500 0.002000 3023
1501 0.002000 3023
1502 0.002000 3023
1503 0.002000 3023
1504 0.002000 3023
1505 0.002000 3023
1506 0.002000 3023
1507 0.002000 3023
1508 0.002000 3023
1509 0.002000 3023
1510 0.002000 3023
1511 0.002000 3023
1512 0.002000 3023
1513 0.002000 3023
1514 0.002000 3023
1515 0.002000 3023
1516 0.002000 3023
1517 0.002000 3023
1518 0.002000 3004
1519 0.002000 3004
1520 0.002000 3004
1521 0.002000 3004
1522 0.002000 3004
1523 0.002000 3004
1524 0.002000 3004
1525 0.002000 3004
1526 0.002000 3004
1527 0.002000 3004
1528 0.002000 3004
1529 0.002000 3004
1530 0.002000 3004
1531 0.002000 3004
1532 0.002000 3004
1533 0.002000 3004
1534 0.002000 3004
1535 0.002000 3004
1536 0.002000 3004
1537 0.002000 3004
1538 0.002000 3004
1539 0.002000 3004
1540 0.002000 3004
1541 0.002000 3004
1542 0.002000 3004
1543 0.002000 3004
1544 0.002000 3004
1545 0.002000 3004
1546 0.002000 3004
1547 0.002000 3004
1548 0.002000 3004
1549 0.002000 3004
1550 0.002000 3004
1551 0.002000 3004
1552 0.002000 3004
1553 0.002000 3004
1554 0.002000 3004
1555 0.002000 3004
1556 0.002000 3004
1557 0.002000 3004
1558 0.002000 3004
1559 0.002000 3004
1560 0.002000 3004
1561 0.002000 3004
1562 0.002000 3004
1563 0.002000 3004
1564 0.002000 3004
1565 0.002000 3004
1566 0.002000 3004
1567 0.002000 3004
1568 0.002000 3004
1569 0.002000 3004
1570 0.002000 3004
1571 0.002000 3004
1572 0.002000 3004
1573 0.002000 3004
1574 0.002000 3004
1575 0.002000 3004
1576 0.002000 3004
1577 0.002000 3004
1578 0.002000 3004
1579 0.002000 3004
1580 0.002000 3004
1581 0.002000 3004
1582 0.002000 3004
1583 0.002000 3004
1584 0.002000 3004
1585 0.002000 3004
1586 0.002000 3004
1587 0.002000 3004
1588 0.002000 3004
1589 0.002000 3004
1590 0.002000 3004
1591 0.002000 3004
1592 0.002000 3004
1593 0.002000 3004
1594 0.002000 3004
1595 0.002000 3004
1596 0.002000 3004
1597 0.002000 3004
1598 0.002000 3004
1599 0.002000 3004
1600 0.002000 3004
1601 0.002000 3004
1602 0.002000 3004
1603 0.002000 3004
1604 0.002000 3004
1605 0.002000 3004
1606 0.002000 3004
1607 0.002000 3004
1608 0.002000 3004
1609 0.002000 3004
1610 0.002000 3004
1611 0.002000 3004
1612 0.002000 3004
1613 0.002000 3004
1614 0.002000 3004
1615 0.002000 3004
1616 0.002000 3004
1617 0.002000 3004
1618 0.002000 3004
1619 0.002000 3004
1620 0.002000 3004
1621 0.002000 3004
1622 0.002000 3004
1623 0.002000 3004
1624 0.002000 3004
1625 0.002000 3004
1626 0.002000 3004
1627 0.002000 3004
1628 0.002000 3004
1629 0.002000 3004
1630 0.002000 3004
1631 0.002000 3004
1632 0.002000 3004
1633 0.002000 3004
1634 0.002000 3004
1635 0.002000 3004
1636 0.002000 3004
1637 0.002000 3004
1638 0.002000 3004
1639 0.002000 3004
1640 0.002000 3004
1641 0.002000 3004
1642 0.002000 3004
1643 0.002000 3004
1644 0.002000 3004
1645 0.002000 3004
1646 0.002000 3004
1647 0.003000 3004
1648 0.003000 3004
1649 0.003000 3004
1650 0.003000 3004
1651 0.003000 3004
1652 0.003000 3004
1653 0.003000 3004
1654 0.003000 3004
1655 0.003000 3004
1656 0.003000 3004
1657 0.003000 3004
1658 0.003000 3004
1659 0.003000 3004
1660 0.003000 3004
1661 0.003000 3004
1662 0.003000 3004
1663 0.003000 3004
1664 0.003000 3004
1665 0.003000 3004
1666 0.003000 3004
1667 0.003000 3004
1668 0.003000 3004
1669 0.003000 3004
1670 0.003000 3004
1671 0.003000 3004
1672 0.003000 3004
1673 0.003000 3004
1674 0.003000 3004
1675 0.003000 3004
1676 0.003000 3004
1677 0.003000 3004
1678 0.003000 3004
1679 0.003000 3004
1680 0.003000 3004
1681 0.003000 3004
1682 0.003000 3004
1683 0.003000 3004
1684 0.003000 3004
1685 0.003000 3004
1686 0.003000 3004
1687 0.003000 3004
1688 0.003000 3004
1689 0.003000 3004
1690 0.003000 3004
1691 0.003000 3004
1692 0.003000 3004
1693 0.003000 3004
1694 0.003000 3004
1695 0.003000 3004
1696 0.003000 3004
1697 0.003000 3004
1698 0.003000 3004
1699 0.003000 3004
1700 0.003000 3004
1701 0.003000 3004
1702 0.003000 3004
1703 0.003000 3004
1704 0.003000 3004
1705 0.003000 3004
1706 0.003000 3004
1707 0.003000 3004
1708 0.003000 3004
1709 0.003000 3004
1710 0.003000 3004
1711 0.003000 3004
1712 0.003000 3004
1713 0.003000 3004
1714 0.003000 3004
1715 0.003000 3004
1716 0.003000 3004
1717 0.003000 3004
1718 0.003000 3004
1719 0.003000 3004
1720 0.003000 3004
1721 0.003000 3004
1722 0.003000 3004
1723 0.003000 3004
1724 0.003000 3004
1725 0.003000 3004
1726 0.003000 3004
1727 0.003000 3004
1728 0.003000 3004
1729 0.003000 3004
1730 0.003000 3004
1731 0.003000 3004
1732 0.003000 3004
1733 0.003000 3004
1734 0.003000 3004
1735 0.003000 3004
1736 0.003000 3004
1737 0.003000 3004
1738 0.003000 3004
1739 0.003000 3004
1740 0.003000 3004
1741 0.003000 3004
1742 0.003000 3004
1743 0.003000 3004
1744 0.003000 3004
1745 0.003000 3004
1746 0.003000 3004
1747 0.003000 3004
1748 0.003000 3004
1749 0.003000 3004
1750 0.003000 3004
1751 0.003000 3004
1752 0.003000 3004
1753 0.003000 3004
1754 0.003000 3004
1755 0.003000 3004
1756 0.003000 3004
1757 0.003000 3004
1758 0.003000 3004
1759 0.003000 3004
1760 0.003000 3004
1761 0.003000 3004
1762 0.003000 3004
1763 0.003000 3004
1764 0.003000 3004
1765 0.003000 3004
1766 0.003000 3004
1767 0.003000 3004
1768 0.003000 3004
1769 0.003000 3004
1770 0.003000 3004
1771 0.003000 3004
1772 0.003000 3004
1773 0.003000 3004
1774 0.003000 3004
1775 0.003000 3004
1776 0.003000 3004
1777 0.003000 3004
1778 0.003000 3004
1779 0.003000 3004
1780 0.003000 3004
1781 0.003000 3004
1782 0.003000 3004
1783 0.003000 3004
1784 0.003000 3004
1785 0.003000 3004
1786 0.003000 3004
1787 0.003000 3004
1788 0.003000 3004
1789 0.003000 3004
1790 0.003000 3004
1791 0.003000 3004
1792 0.003000 3004
1793 0.003000 3004
1794 0.003000 3004
1795 0.003000 3004
1796 0.003000 3004
1797 0.003000 3004
1798 0.003000 3004
1799 0.003000 3004
1800 0.003000 3004
1801 0.003000 3004
1802 0.003000 3004
1803 0.003000 3004
1804 0.003000 3004
1805 0.003000 3004
1806 0.003000 3004
1807 0.003000 3004
1808 0.003000 3004
1809 0.003000 3004
1810 0.003000 3004
1811 0.003000 3004
1812 0.003000 3004
1813 0.003000 3004
1814 0.003000 3004
1815 0.003000 3004
1816 0.003000 3004
1817 0.003000 3004
1818 0.003000 3004
1819 0.003000 3004
1820 0.003000 3004
1821 0.003000 3004
1822 0.003000 3004
1823 0.003000 3004
1824 0.003000 3004
1825 0.003000 3004
1826 0.003000 3004
1827 0.003000 3004
1828 0.003000 3004
1829 0.003000 3004
1830 0.003000 3004
1831 0.003000 3004
1832 0.003000 3004
1833 0.003000 3004
1834 0.003000 3004
1835 0.003000 3004
1836 0.003000 3004
1837 0.003000 3004
1838 0.003000 3004
1839 0.003000 3004
1840 0.003000 3004
1841 0.003000 3004
1842 0.003000 3004
1843 0.003000 3004
1844 0.003000 3004
1845 0.003000 3004
1846 0.003000 3004
1847 0.003000 3004
1848 0.003000 3004
1849 0.003000 3004
1850 0.003000 3004
1851 0.003000 3004
1852 0.003000 3004
1853 0.003000 3004
1854 0.003000 3004
1855 0.003000 3004
1856 0.003000 3004
1857 0.003000 3004
1858 0.003000 3004
1859 0.003000 3004
1860 0.003000 3004
1861 0.003000 3004
1862 0.003000 3004
1863 0.003000 3004
1864 0.003000 3004
1865 0.003000 3004
1866 0.003000 3004
1867 0.003000 3004
1868 0.003000 3004
1869 0.003000 3004
1870 0.003000 3004
1871 0.003000 3004
1872 0.003000 3004
1873 0.003000 3004
1874 0.003000 3004
1875 0.003000 3004
1876 0.003000 3004
1877 0.003000 3004
1878 0.003000 3004
1879 0.003000 3004
1880 0.003000 3004
1881 0.003000 3004
1882 0.003000 3004
1883 0.003000 3004
1884 0.003000 3004
1885 0.003000 3004
1886 0.003000 3004
1887 0.003000 3004
1888 0.003000 3004
1889 0.003000 3004
1890 0.003000 3004
1891 0.003000 3004
1892 0.003000 3004
1893 0.003000 3004
1894 0.003000 3004
1895 0.003000 3004
1896 0.003000 3004
1897 0.003000 3004
1898 0.003000 3004
1899 0.003000 3004
1900 0.003000 3004
1901 0.003000 3004
1902 0.003000 3004
1903 0.003000 3004
1904 0.003000 3004
1905 0.003000 3004
1906 0.003000 3004
1907 0.003000 3004
1908 0.003000 3004
1909 0.003000 3004
1910 0.003000 3004
1911 0.003000 3004
1912 0.003000 3004
1913 0.003000 3004
1914 0.003000 3004
1915 0.003000 3004
1916 0.003000 3004
1917 0.003000 3004
1918 0.003000 3004
1919 0.003000 3004
1920 0.003000 3004
1921 0.003000 3004
1922 0.003000 3004
1923 0.003000 3004
1924 0.003000 3004
1925 0.003000 3004
1926 0.003000 3004
1927 0.003000 3004
1928 0.003000 3004
1929 0.003000 3004
1930 0.003000 3004
1931 0.003000 3004
1932 0.003000 3004
1933 0.003000 3004
1934 0.003000 3004
1935 0.003000 3004
1936 0.003000 3004
1937 0.003000 3004
1938 0.003000 3004
1939 0.003000 3004
1940 0.003000 3004
1941 0.003000 3004
1942 0.003000 3004
1943 0.003000 3004
1944 0.003000 3004
1945 0.003000 3004
1946 0.003000 3004
1947 0.003000 3004
1948 0.003000 3004
1949 0.003000 3004
1950 0.003000 3004
1951 0.003000 3004
1952 0.003000 3004
1953 0.003000 3004
1954 0.003000 3004
1955 0.003000 3004
1956 0.003000 3004
1957 0.003000 3004
1958 0.003000 3004
1959 0.003000 3004
1960 0.003000 3004
1961 0.003000 3004
1962 0.003000 3004
1963 0.003000 3004
1964 0.003000 3004
1965 0.003000 3004
1966 0.003000 3004
1967 0.003000 3004
1968 0.003000 3004
1969 0.003000 3004
1970 0.003000 3004
1971 0.003000 3004
1972 0.003000 3004
1973 0.003000 3004
1974 0.003000 3004
1975 0.003000 3004
1976 0.003000 3004
1977 0.003000 3004
1978 0.003000 3004
1979 0.003000 3004
1980 0.003000 3004
1981 0.003000 3004
1982 0.003000 3004
1983 0.003000 3004
1984 0.003000 3004
1985 0.003000 3004
1986 0.003000 3004
1987 0.003000 3004
1988 0.003000 3004
1989 0.003000 3004
1990 0.003000 3004
1991 0.003000 3004
1992 0.003000 3004
1993 0.003000 3004
1994 0.003000 3004
1995 0.003000 3004
1996 0.003000 3004
1997 0.003000 3004
1998 0.003000 3004
1999 0.003000 3004
2000 0.003000 3004
2001 0.003000 3004
2002 0.003000 3004
2003 0.003000 3004
2004 0.003000 3004
2005 0.003000 3004
2006 0.003000 3004
2007 0.003000 3004
2008 0.003000 3004
2009 0.003000 3004
2010 0.003000 3004
2011 0.003000 3004
2012 0.003000 3004
2013 0.003000 3004
2014 0.003000 3004
2015 0.003000 3004
2016 0.003000 3004
2017 0.003000 3004
2018 0.003000 3004
2019 0.003000 3004
2020 0.003000 3004
2021 0.003000 3004
2022 0.003000 3004
2023 0.003000 3004
2024 0.003000 3004
2025 0.003000 3004
2026 0.003000 3004
2027 0.003000 3004
2028 0.003000 3004
2029 0.003000 3004
2030 0.003000 3004
2031 0.003000 3004
2032 0.003000 3004
2033 0.003000 3004
2034 0.003000 3004
2035 0.003000 3004
2036 0.003000 3004
2037 0.003000 3004
2038 0.003000 3004
2039 0.003000 3004
2040 0.003000 3004
2041 0.003000 3004
2042 0.003000 3004
2043 0.003000 3004
2044 0.003000 3004
2045 0.003000 3004
2046 0.003000 3004
2047 0.003000 3004
2048 0.003000 3004
2049 0.003000 3004
2050 0.003000 3004
2051 0.003000 3004
2052 0.003000 3004
2053 0.003000 3004
2054 0.003000 3004
2055 0.003000 3004
2056 0.003000 3004
2057 0.003000 3004
2058 0.003000 3004
2059 0.003000 3004
2060 0.003000 3004
2061 0.003000 3004
2062 0.003000 3004
2063 0.003000 3004
2064 0.003000 3004
2065 0.003000 3004
2066 0.003000 3004
2067 0.003000 3004
2068 0.003000 3004
2069 0.003000 3004
2070 0.003000 3004
2071 0.003000 3004
2072 0.003000 3004
2073 0.003000 3004
2074 0.003000 3004
2075 0.003000 3004
2076 0.003000 3004
2077 0.003000 3004
2078 0.003000 3004
2079 0.003000 3004
2080 0.003000 3004
2081 0.003000 3004
2082 0.003000 3004
2083 0.003000 3004
2084 0.003000 3004
2085 0.003000 3004
2086 0.003000 3004
2087 0.003000 3004
2088 0.003000 3004
2089 0.003000 3004
2090 0.003000 3004
2091 0.003000 3004
2092 0.003000 3004
2093 0.003000 3004
2094 0.003000 3004
2095 0.003000 3004
2096 0.003000 3004
2097 0.003000 3004
2098 0.003000 3004
2099 0.003000 3004
2100 0.003000 3004
2101 0.003000 3004
2102 0.003000 3004
2103 0.003000 3004
2104 0.003000 3004
2105 0.003000 3004
2106 0.003000 3004
2107 0.003000 3004
2108 0.003000 3004
2109 0.003000 3004
2110 0.003000 3004
2111 0.003000 3004
2112 0.003000 3004
2113 0.003000 3004
2114 0.003000 3004
2115 0.003000 3004
2116 0.003000 3004
2117 0.003000 3004
2118 0.003000 3004
2119 0.003000 3004
2120 0.003000 3004
2121 0.003000 3004
2122 0.003000 3004
2123 0.003000 3004
2124 0.003000 3004
2125 0.003000 3004
2126 0.003000 3004
2127 0.003000 3004
2128 0.003000 3004
2129 0.003000 3004
2130 0.003000 3004
2131 0.003000 3004
2132 0.003000 3004
2133 0.003000 3004
2134 0.003000 3004
2135 0.003000 3004
2136 0.003000 3004
2137 0.003000 3004
2138 0.003000 3004
2139 0.003000 3004
2140 0.003000 3004
2141 0.003000 3004
2142 0.003000 3004
2143 0.003000 3004
2144 0.003000 3004
2145 0.003000 3004
2146 0.003000 3004
2147 0.003000 3004
2148 0.003000 3004
2149 0.003000 3004
2150 0.003000 3004
2151 0.003000 3004
2152 0.003000 3004
2153 0.003000 3004
2154 0.003000 3004
2155 0.003000 3004
2156 0.003000 3004
2157 0.003000 3004
2158 0.003000 3004
2159 0.003000 3004
2160 0.003000 3004
2161 0.003000 3004
2162 0.003000 3004
2163 0.003000 3004
2164 0.003000 3004
2165 0.003000 3004
2166 0.003000 3004
2167 0.003000 3004
2168 0.003000 3004
2169 0.003000 3004
2170 0.003000 3004
2171 0.003000 3004
2172 0.003000 3004
2173 0.003000 3004
2174 0.003000 3004
2175 0.003000 3004
2176 0.003000 3004
2177 0.003000 3004
2178 0.003000 3004
2179 0.003000 3004
2180 0.003000 3004
2181 0.003000 3004
2182 0.003000 3004
2183 0.003000 3004
2184 0.003000 3004
2185 0.003000 3004
2186 0.003000 3004
2187 0.003000 3004
2188 0.003000 3004
2189 0.003000 3004
2190 0.003000 3004
2191 0.003000 3004
2192 0.003000 3004
2193 0.003000 3004
2194 0.003000 3004
2195 0.003000 3004
2196 0.003000 3004
2197 0.003000 3004
2198 0.003000 3004
2199 0.003000 3004
2200 0.003000 3004
2201 0.003000 3004
2202 0.003000 3004
2203 0.003000 3004
2204 0.003000 3004
2205 0.003000 3004
2206 0.003000 3004
2207 0.003000 3004
2208 0.003000 3004
2209 0.003000 3004
2210 0.003000 3004
2211 0.003000 3004
2212 0.003000 3004
2213 0.003000 3004
2214 0.003000 3004
2215 0.003000 3004
2216 0.003000 3004
2217 0.003000 3004
2218 0.003000 3004
2219 0.003000 3004
2220 0.003000 3004
2221 0.003000 3004
2222 0.003000 3004
2223 0.003000 3004
2224 0.003000 3004
2225 0.003000 3004
2226 0.003000 3004
2227 0.003000 3004
2228 0.003000 3004
2229 0.003000 3004
2230 0.003000 3004
2231 0.003000 3004
2232 0.003000 3004
2233 0.003000 3004
2234 0.003000 3004
2235 0.003000 3004
2236 0.003000 3004
2237 0.003000 3004
2238 0.003000 3004
2239 0.003000 3004
2240 0.003000 3004
2241 0.003000 3004
2242 0.003000 3004
2243 0.003000 3004
2244 0.003000 3004
2245 0.003000 3004
2246 0.003000 3004
2247 0.003000 3004
2248 0.003000 3004
2249 0.003000 3004
2250 0.003000 3004
2251 0.003000 3004
2252 0.003000 3004
2253 0.003000 3004
2254 0.003000 3004
2255 0.003000 3004
2256 0.003000 3004
2257 0.003000 3004
2258 0.003000 3004
2259 0.003000 3004
2260 0.003000 3004
2261 0.003000 3004
2262 0.003000 3004
2263 0.003000 3004
2264 0.003000 3004
2265 0.003000 3004
2266 0.003000 3004
2267 0.003000 3004
2268 0.003000 3004
2269 0.003000 3004
2270 0.003000 3004
2271 0.003000 3004
2272 0.003000 3004
2273 0.003000 3004
2274 0.003000 3004
2275 0.003000 3004
2276 0.003000 3004
2277 0.003000 3004
2278 0.003000 3004
2279 0.003000 3004
2280 0.003000 3004
2281 0.003000 3004
2282 0.003000 3004
2283 0.003000 3004
2284 0.003000 3004
2285 0.003000 3004
2286 0.004000 3004
2287 0.004000 3004
2288 0.004000 3004
2289 0.004000 3004
2290 0.004000 3004
2291 0.004000 3004
2292 0.004000 3004
2293 0.004000 3004
2294 0.004000 3004
2295 0.004000 3004
2296 0.004000 3004
2297 0.004000 3004
2298 0.004000 3004
2299 0.004000 3004
2300 0.004000 3004
2301 0.004000 3004
2302 0.004000 3004
2303 0.004000 3004
2304 0.004000 3004
2305 0.004000 3004
2306 0.004000 3004
2307 0.004000 3004
2308 0.004000 3004
2309 0.004000 3004
2310 0.004000 3004
2311 0.004000 3004
2312 0.004000 3004
2313 0.004000 3004
2314 0.004000 3004
2315 0.004000 3004
2316 0.004000 3004
2317 0.004000 3004
2318 0.004000 3004
2319 0.004000 3004
2320 0.004000 3004
2321 0.004000 3004
2322 0.004000 3004
2323 0.004000 3004
2324 0.004000 3004
2325 0.004000 3004
2326 0.004000 3004
2327 0.004000 3004
2328 0.004000 3004
2329 0.004000 3004
2330 0.004000 3004
2331 0.004000 3004
2332 0.004000 3004
2333 0.004000 3004
2334 0.004000 3004
2335 0.004000 3004
2336 0.004000 3004
2337 0.004000 3004
2338 0.004000 3004
2339 0.004000 3004
2340 0.004000 3004
2341 0.004000 3004
2342 0.004000 3004
2343 0.004000 3004
2344 0.004000 3004
2345 0.004000 3004
2346 0.004000 3004
2347 0.004000 3004
2348 0.004000 3004
2349 0.004000 3004
2350 0.004000 3004
2351 0.004000 3004
2352 0.004000 3004
2353 0.004000 3004
2354 0.004000 3004
2355 0.004000 3004
2356 0.004000 3004
2357 0.004000 3004
2358 0.004000 3004
2359 0.004000 3004
2360 0.004000 3004
2361 0.004000 3004
2362 0.004000 3004
2363 0.004000 3004
2364 0.004000 3004
2365 0.004000 3004
2366 0.004000 3004
2367 0.004000 3004
2368 0.004000 3004
2369 0.004000 3004
2370 0.004000 3004
2371 0.004000 3004
2372 0.004000 3004
2373 0.004000 3004
2374 0.004000 3004
2375 0.004000 3004
2376 0.004000 3004
2377 0.004000 3004
2378 0.004000 3004
2379 0.004000 3004
2380 0.004000 3004
2381 0.004000 3004
2382 0.004000 3004
2383 0.004000 3004
2384 0.004000 3004
2385 0.004000 3004
2386 0.004000 3004
2387 0.004000 3004
2388 0.004000 3004
2389 0.004000 3004
2390 0.004000 3004
2391 0.004000 3004
2392 0.004000 3004
2393 0.004000 3004
2394 0.004000 3004
2395 0.004000 3004
2396 0.004000 3004
2397 0.004000 3004
2398 0.004000 3004
2399 0.004000 3004
2400 0.004000 3004
2401 0.004000 3004
2402 0.004000 3004
2403 0.004000 3004
2404 0.004000 3004
2405 0.004000 3004
2406 0.004000 3004
2407 0.004000 3004
2408 0.004000 3004
2409 0.004000 3004
2410 0.004000 3004
2411 0.004000 3004
2412 0.004000 3004
2413 0.004000 3004
2414 0.004000 3004
2415 0.004000 3004
2416 0.004000 3004
2417 0.004000 3004
2418 0.004000 3004
2419 0.004000 3004
2420 0.004000 3004
2421 0.004000 3004
2422 0.004000 3004
2423 0.004000 3004
2424 0.004000 3004
2425 0.004000 3004
2426 0.004000 3004
2427 0.004000 3004
2428 0.004000 3004
2429 0.004000 3004
2430 0.004000 3004
2431 0.004000 3004
2432 0.004000 3004
2433 0.004000 3004
2434 0.004000 3004
2435 0.004000 3004
2436 0.004000 3004
2437 0.004000 3004
2438 0.004000 3004
2439 0.004000 3004
2440 0.004000 3004
2441 0.004000 3004
2442 0.004000 3004
2443 0.004000 3004
2444 0.004000 3004
2445 0.004000 3004
2446 0.004000 3004
2447 0.004000 3004
2448 0.004000 3004
2449 0.004000 3004
2450 0.004000 3004
2451 0.004000 3004
2452 0.004000 3004
2453 0.004000 3004
2454 0.004000 3004
2455 0.004000 3004
2456 0.004000 3004
2457 0.004000 3004
2458 0.004000 3004
2459 0.004000 3004
2460 0.004000 3004
2461 0.004000 3004
2462 0.004000 3004
2463 0.004000 3004
2464 0.004000 3004
2465 0.004000 3004
2466 0.004000 3004
2467 0.004000 3004
2468 0.004000 3004
2469 0.004000 3004
2470 0.004000 3004
2471 0.004000 3004
2472 0.004000 3004
2473 0.004000 3004
2474 0.004000 3004
2475 0.004000 3004
2476 0.004000 3004
2477 0.004000 3004
2478 0.004000 3004
2479 0.004000 3004
2480 0.004000 3004
2481 0.004000 3004
2482 0.004000 3004
2483 0.004000 3004
2484 0.004000 3004
2485 0.004000 3004
2486 0.004000 3004
2487 0.004000 3004
2488 0.004000 3004
2489 0.004000 3004
2490 0.004000 3004
2491 0.004000 3004
2492 0.004000 3004
2493 0.004000 3004
2494 0.004000 3004
2495 0.004000 3004
2496 0.004000 3004
2497 0.004000 3004
2498 0.004000 3004
2499 0.004000 3004
2500 0.004000 3004
2501 0.004000 3004
2502 0.004000 3004
2503 0.004000 3004
2504 0.004000 3004
2505 0.004000 3004
2506 0.004000 3004
2507 0.004000 3004
2508 0.004000 3004
2509 0.004000 3004
2510 0.004000 3004
2511 0.004000 3004
2512 0.004000 3004
2513 0.004000 3004
2514 0.004000 3004
2515 0.004000 3004
2516 0.004000 3004
2517 0.004000 3004
2518 0.004000 3004
2519 0.004000 3004
2520 0.004000 3004
2521 0.004000 3004
2522 0.004000 3004
2523 0.004000 3004
2524 0.004000 3004
2525 0.004000 3004
2526 0.004000 3004
2527 0.004000 3004
2528 0.004000 3004
2529 0.004000 3004
2530 0.004000 3004
2531 0.004000 3004
2532 0.004000 3004
2533 0.004000 3004
2534 0.004000 3004
2535 0.004000 3004
2536 0.004000 3004
2537 0.004000 3004
2538 0.004000 3004
2539 0.004000 3004
2540 0.004000 3004
2541 0.004000 3004
2542 0.004000 3004
2543 0.004000 3004
2544 0.004000 3004
2545 0.004000 3004
2546 0.004000 3004
2547 0.004000 3004
2548 0.004000 3004
2549 0.004000 3004
2550 0.004000 3004
2551 0.004000 3004
2552 0.004000 3004
2553 0.004000 3004
2554 0.004000 3004
2555 0.004000 3004
2556 0.004000 3004
2557 0.004000 3004
2558 0.004000 3004
2559 0.004000 3004
2560 0.004000 3004
2561 0.004000 3004
2562 0.004000 3004
2563 0.004000 3004
2564 0.004000 3004
2565 0.004000 3004
2566 0.004000 3004
2567 0.004000 3004
2568 0.004000 3004
2569 0.004000 3004
2570 0.004000 3004
2571 0.004000 3004
2572 0.004000 3004
2573 0.004000 3004
2574 0.004000 3004
2575 0.004000 3004
2576 0.004000 3004
2577 0.004000 3004
2578 0.004000 3004
2579 0.004000 3004
2580 0.004000 3004
2581 0.004000 3004
2582 0.004000 3004
2583 0.004000 3004
2584 0.004000 3004
2585 0.004000 3004
2586 0.004000 3004
2587 0.004000 3004
2588 0.004000 3004
2589 0.004000 3004
2590 0.004000 3004
2591 0.004000 3004
2592 0.004000 3004
2593 0.004000 3004
2594 0.004000 3004
2595 0.004000 3004
2596 0.004000 3004
2597 0.004000 3004
2598 0.004000 3004
2599 0.004000 3004
2600 0.004000 3004
2601 0.004000 3004
2602 0.004000 3004
2603 0.004000 3004
2604 0.004000 3004
2605 0.004000 3004
2606 0.004000 3004
2607 0.004000 3004
2608 0.004000 3004
2609 0.004000 3004
2610 0.004000 3004
2611 0.004000 3004
2612 0.004000 3004
2613 0.004000 3004
2614 0.004000 3004
2615 0.004000 3004
2616 0.004000 3004
2617 0.004000 3004
2618 0.004000 3004
2619 0.004000 3004
2620 0.004000 3004
2621 0.004000 3004
2622 0.004000 3004
2623 0.004000 3004
2624 0.004000 3004
2625 0.004000 3004
2626 0.004000 3004
2627 0.004000 3004
2628 0.004000 3004
2629 0.004000 3004
2630 0.004000 3004
2631 0.004000 3004
2632 0.004000 3004
2633 0.004000 3004
2634 0.004000 3004
2635 0.004000 3004
2636 0.004000 3004
2637 0.004000 3004
2638 0.004000 3004
2639 0.004000 3004
2640 0.004000 3004
2641 0.004000 3004
2642 0.004000 3004
2643 0.004000 3004
2644 0.004000 3004
2645 0.004000 3004
2646 0.004000 3004
2647 0.004000 3004
2648 0.004000 3004
2649 0.004000 3004
2650 0.004000 3004
2651 0.004000 3004
2652 0.004000 3004
2653 0.004000 3004
2654 0.004000 3004
2655 0.004000 3004
2656 0.004000 3004
2657 0.004000 3004
2658 0.004000 3004
2659 0.004000 3004
2660 0.004000 3004
2661 0.004000 3004
2662 0.004000 3004
2663 0.004000 3004
2664 0.004000 3004
2665 0.004000 3004
2666 0.004000 3004
2667 0.004000 3004
2668 0.004000 3004
2669 0.004000 3004
2670 0.004000 3004
2671 0.004000 3004
2672 0.004000 3004
2673 0.004000 3004
2674 0.004000 3004
2675 0.004000 3004
2676 0.004000 3004
2677 0.004000 3004
2678 0.004000 3004
2679 0.004000 3004
2680 0.004000 3004
2681 0.004000 3004
2682 0.004000 3004
2683 0.004000 3004
2684 0.004000 3004
2685 0.004000 3004
2686 0.004000 3004
2687 0.004000 3004
2688 0.004000 3004
2689 0.004000 3004
2690 0.004000 3004
2691 0.004000 3004
2692 0.004000 3004
2693 0.004000 3004
2694 0.004000 3004
2695 0.004000 3004
2696 0.004000 3004
2697 0.004000 3004
2698 0.004000 3004
2699 0.004000 3004
2700 0.004000 3004
2701 0.004000 3004
2702 0.004000 3004
2703 0.004000 3004
2704 0.004000 3004
2705 0.004000 3004
2706 0.004000 3004
2707 0.004000 3004
2708 0.004000 3004
2709 0.004000 3004
2710 0.004000 3004
2711 0.004000 3004
2712 0.004000 3004
2713 0.004000 3004
2714 0.004000 3004
2715 0.004000 3004
2716 0.004000 3004
2717 0.004000 3004
2718 0.004000 3004
2719 0.004000 3004
2720 0.004000 3004
2721 0.004000 3004
2722 0.004000 3004
2723 0.004000 3004
2724 0.004000 3004
2725 0.004000 3004
2726 0.004000 3004
2727 0.004000 3004
2728 0.004000 3004
2729 0.004000 3004
2730 0.004000 3004
2731 0.004000 3004
2732 0.004000 3004
2733 0.004000 3004
2734 0.004000 3004
2735 0.004000 3004
2736 0.004000 3004
2737 0.004000 3004
2738 0.004000 3004
2739 0.004000 3004
2740 0.004000 3004
2741 0.004000 3004
2742 0.004000 3004
2743 0.004000 3004
2744 0.004000 3004
2745 0.004000 3004
2746 0.004000 3004
2747 0.004000 3004
2748 0.004000 3004
2749 0.004000 3004
2750 0.004000 2907
2751 0.004000 2907
2752 0.004000 2907
2753 0.004000 2907
2754 0.004000 2907
2755 0.004000 2907
2756 0.004000 2907
2757 0.004000 2907
2758 0.004000 2907
2759 0.004000 2907
2760 0.004000 2907
2761 0.004000 2907
2762 0.004000 2907
2763 0.004000 2907
2764 0.004000 2907
2765 0.004000 2907
2766 0.004000 2907
2767 0.004000 2907
2768 0.004000 2907
2769 0.004000 2907
2770 0.004000 2907
2771 0.004000 2907
2772 0.004000 2907
2773 0.004000 2907
2774 0.004000 2907
2775 0.004000 2907
2776 0.004000 2907
2777 0.004000 2907
2778 0.004000 2907
2779 0.004000 2907
2780 0.004000 2907
2781 0.004000 2907
2782 0.004000 2907
2783 0.004000 2907
2784 0.004000 2907
2785 0.004000 2907
2786 0.004000 2907
2787 0.004000 2907
2788 0.004000 2907
2789 0.004000 2907
2790 0.004000 2907
2791 0.004000 2907
2792 0.004000 2907
2793 0.004000 2907
2794 0.004000 2907
2795 0.004000 2907
2796 0.004000 2907
2797 0.004000 2907
2798 0.004000 2907
2799 0.004000 2907
2800 0.004000 2907
2801 0.004000 2907
2802 0.004000 2907
2803 0.004000 2907
2804 0.004000 2907
2805 0.004000 2907
2806 0.004000 2907
2807 0.004000 2907
2808 0.004000 2907
2809 0.004000 2907
2810 0.004000 2907
2811 0.004000 2907
2812 0.004000 2907
2813 0.004000 2907
2814 0.004000 2907
2815 0.004000 2907
2816 0.004000 2907
2817 0.004000 2907
2818 0.004000 2907
2819 0.004000 2907
2820 0.004000 2907
2821 0.004000 2907
2822 0.004000 2907
2823 0.004000 2907
2824 0.004000 2907
2825 0.004000 2907
2826 0.004000 2907
2827 0.004000 2907
2828 0.004000 2907
2829 0.004000 2907
2830 0.004000 2907
2831 0.004000 2907
2832 0.004000 2907
2833 0.004000 2907
2834 0.004000 2907
2835 0.004000 2907
2836 0.004000 2907
2837 0.004000 2907
2838 0.004000 2907
2839 0.004000 2907
2840 0.004000 2907
2841 0.004000 2907
2842 0.004000 2907
2843 0.004000 2907
2844 0.004000 2907
2845 0.004000 2907
2846 0.004000 2907
2847 0.004000 2907
2848 0.004000 2907
2849 0.004000 2907
2850 0.004000 2907
2851 0.004000 2907
2852 0.004000 2907
2853 0.004000 2907
2854 0.004000 2907
2855 0.004000 2907
2856 0.004000 2907
2857 0.004000 2907
2858 0.004000 2907
2859 0.004000 2907
2860 0.004000 2907
2861 0.004000 2907
2862 0.004000 2907
2863 0.004000 2907
2864 0.004000 2907
2865 0.004000 2907
2866 0.004000 2907
2867 0.004000 2907
2868 0.004000 2907
2869 0.004000 2907
2870 0.004000 2907
2871 0.004000 2907
2872 0.004000 2907
2873 0.004000 2907
2874 0.004000 2907
2875 0.004000 2907
2876 0.004000 2907
2877 0.004000 2907
2878 0.004000 2907
2879 0.004000 2907
2880 0.004000 2907
2881 0.004000 2907
2882 0.004000 2907
2883 0.004000 2907
2884 0.004000 2907
2885 0.004000 2907
2886 0.004000 2907
2887 0.004000 2907
2888 0.004000 2907
2889 0.004000 2907
2890 0.004000 2907
2891 0.004000 2907
2892 0.004000 2907
2893 0.004000 2907
2894 0.004000 2907
2895 0.004000 2907
2896 0.004000 2907
2897 0.004000 2907
2898 0.004000 2907
2899 0.004000 2907
2900 0.004000 2907
2901 0.004000 2907
2902 0.004000 2907
2903 0.004000 2907
2904 0.004000 2907
2905 0.004000 2907
2906 0.004000 2907
2907 0.004000 2907
2908 0.004000 2907
2909 0.004000 2907
2910 0.004000 2907
2911 0.004000 2907
2912 0.004000 2907
2913 0.004000 2907
2914 0.004000 2907
2915 0.004000 2907
2916 0.004000 2907
2917 0.004000 2907
2918 0.004000 2907
2919 0.004000 2907
2920 0.004000 2907
2921 0.004000 2907
2922 0.004000 2907
2923 0.004000 2907
2924 0.004000 2907
2925 0.004000 2907
2926 0.004000 2907
2927 0.004000 2907
2928 0.004000 2907
2929 0.004000 2907
2930 0.004000 2907
2931 0.004000 2907
2932 0.004000 2907
2933 0.004000 2907
2934 0.004000 2907
2935 0.004000 2907
2936 0.004000 2907
2937 0.004000 2907
2938 0.004000 2907
2939 0.004000 2907
2940 0.004000 2907
2941 0.004000 2907
2942 0.004000 2907
2943 0.004000 2907
2944 0.004000 2907
2945 0.004000 2907
2946 0.004000 2907
2947 0.004000 2907
2948 0.004000 2907
2949 0.004000 2907
2950 0.004000 2907
2951 0.004000 2907
2952 0.004000 2907
2953 0.004000 2907
2954 0.004000 2907
2955 0.004000 2907
2956 0.004000 2907
2957 0.004000 2907
2958 0.004000 2907
2959 0.004000 2907
2960 0.004000 2907
2961 0.004000 2907
2962 0.004000 2907
2963 0.004000 2907
2964 0.004000 2907
2965 0.004000 2907
2966 0.004000 2907
2967 0.004000 2907
2968 0.004000 2907
2969 0.004000 2907
2970 0.004000 2907
2971 0.004000 2907
2972 0.004000 2907
2973 0.004000 2907
2974 0.004000 2907
2975 0.004000 2907
2976 0.004000 2907
2977 0.004000 2907
2978 0.004000 2907
2979 0.004000 2907
2980 0.004000 2907
2981 0.004000 2907
2982 0.004000 2907
2983 0.004000 2907
2984 0.004000 2907
2985 0.004000 2907
2986 0.004000 2907
2987 0.004000 2907
2988 0.004000 2907
2989 0.004000 2907
2990 0.004000 2907
2991 0.004000 2907
2992 0.004000 2907
2993 0.004000 2907
2994 0.004000 2907
2995 0.004000 2907
2996 0.004000 2907
2997 0.004000 2907
2998 0.004000 2907
2999 0.004000 2907
3000 0.004000 2907
# Final Best Cost: 2907
