# first_value: 3572
# Instance: eil101.tsp
# Method: random-search
# output: time cost
0 3572
1 0.000000 3311
2 0.000000 3291
3 0.000000 3212
4 0.000000 3136
5 0.000000 3136
6 0.000000 3136
7 0.000000 3136
8 0.000000 3136
9 0.000000 3136
10 0.000000 3136
11 0.000000 3136
12 0.000000 3136
13 0.000000 3136
14 0.000000 3136
15 0.000000 3136
16 0.000000 3136
17 0.000000 3136
18 0.000000 3136
19 0.000000 3136
20 0.000000 3136
21 0.000000 3136
22 0.000000 3136
23 0.000000 3136
24 0.000000 3136
25 0.000000 3136
26 0.000000 3136
27 0.000000 3136
28 0.000000 3136
29 0.000000 3136
30 0.000000 3136
31 0.000000 3136
32 0.000000 3136
33 0.000000 3136
34 0.000000 3136
35 0.000000 3136
36 0.000000 3136
37 0.000000 3136
38 0.000000 3136
39 0.000000 3136
40 0.000000 3136
41 0.000000 3136
42 0.000000 3136
43 0.000000 3136
44 0.000000 3136
45 0.000000 3136
46 0.000000 3136
47 0.000000 3136
48 0.000000 3136
49 0.000000 3136
50 0.000000 3136
51 0.000000 3136
52 0.000000 3136
53 0.000000 3136
54 0.000000 3136
55 0.000000 3136
56 0.000000 3136
57 0.000000 3136
58 0.000000 3136
59 0.000000 3136
60 0.000000 3136
61 0.000000 3136
62 0.000000 3136
63 0.000000 3136
64 0.000000 3136
65 0.000000 3136
66 0.000000 3136
67 0.000000 3136
68 0.000000 3136
69 0.000000 3136
70 0.000000 3136
71 0.000000 3136
72 0.000000 3136
73 0.000000 3136
74 0.000000 3136
75 0.000000 3136
76 0.000000 3136
77 0.000000 3136
78 0.000000 3136
79 0.000000 3136
80 0.000000 3136
81 0.000000 3136
82 0.000000 3136
83 0.000000 3136
84 0.000000 3136
85 0.000000 3136
86 0.000000 3136
87 0.000000 3136
88 0.000000 3136
89 0.000000 3136
90 0.000000 3136
91 0.000000 3136
92 0.000000 3136
93 0.000000 3136
94 0.000000 3136
95 0.000000 3136
96 0.000000 3136
97 0.000000 3136
98 0.000000 3136
99 0.000000 3136
100 0.000000 3136
101 0.000000 3136
102 0.000000 3136
103 0.000000 3136
104 0.000000 3136
105 0.000000 3136
106 0.000000 3136
107 0.000000 3136
108 0.000000 3136
109 0.000000 3136
110 0.000000 3136
111 0.000000 3136
112 0.000000 3136
113 0.000000 3136
114 0.000000 3136
115 0.000000 3136
116 0.000000 3136
117 0.000000 3136
118 0.000000 3136
119 0.000000 3136
120 0.000000 3136
121 0.000000 3061
122 0.000000 3061
123 0.000000 3061
124 0.000000 3061
125 0.000000 3061
126 0.000000 3061
127 0.000000 3061
128 0.000000 3061
129 0.000000 3061
130 0.000000 3061
131 0.000000 3061
132 0.000000 3061
133 0.000000 3061
134 0.000000 3061
135 0.000000 3061
136 0.000000 3061
137 0.000000 3061
138 0.000000 3061
139 0.000000 3061
140 0.000000 3061
141 0.000000 3061
142 0.000000 3061
143 0.000000 3061
144 0.000000 3061
145 0.000000 3061
146 0.000000 3061
147 0.000000 3061
148 0.000000 3061
149 0.000000 3061
150 0.000000 3061
151 0.000000 3061
152 0.000000 3061
153 0.000000 3061
154 0.000000 3061
155 0.000000 3061
156 0.000000 3061
157 0.000000 3061
158 0.000000 3061
159 0.000000 3061
160 0.000000 3061
161 0.000000 3061
162 0.000000 3061
163 0.000000 3061
164 0.000000 3061
165 0.000000 3061
166 0.000000 3061
167 0.000000 3061
168 0.000000 3061
169 0.000000 3061
170 0.000000 3061
171 0.000000 3061
172 0.000000 3061
173 0.000000 3061
174 0.000000 3061
175 0.000000 3061
176 0.000000 3061
177 0.000000 3061
178 0.000000 3061
179 0.000000 3061
180 0.000000 3061
181 0.000000 3061
182 0.000000 3061
183 0.000000 3061
184 0.000000 3061
185 0.000000 3061
186 0.000000 3061
187 0.000000 3061
188 0.000000 3061
189 0.000000 3061
190 0.000000 3061
191 0.000000 3061
192 0.001000 3061
193 0.001000 3061
194 0.001000 3061
195 0.001000 3061
196 0.001000 3061
197 0.001000 3061
198 0.001000 3061
199 0.001000 3061
200 0.001000 3061
201 0.001000 3061
202 0.001000 3061
203 0.001000 3061
204 0.001000 3061
205 0.001000 3061
206 0.001000 3061
207 0.001000 3061
208 0.001000 3061
209 0.001000 3061
210 0.001000 3061
211 0.001000 3061
212 0.001000 3061
213 0.001000 3061
214 0.001000 3061
215 0.001000 3061
216 0.001000 3061
217 0.001000 3061
218 0.001000 3061
219 0.001000 3061
220 0.001000 3061
221 0.001000 3061
222 0.001000 3061
223 0.001000 3061
224 0.001000 3061
225 0.001000 3061
226 0.001000 3061
227 0.001000 3061
228 0.001000 3061
229 0.001000 3061
230 0.001000 3061
231 0.001000 3061
232 0.001000 3061
233 0.001000 3061
234 0.001000 3061
235 0.001000 3061
236 0.001000 3061
237 0.001000 3061
238 0.001000 3061
239 0.001000 3061
240 0.001000 3061
241 0.001000 3061
242 0.001000 3061
243 0.001000 3061
244 0.001000 3061
245 0.001000 3061
246 0.001000 3061
247 0.001000 3061
248 0.001000 3061
249 0.001000 3061
250 0.001000 3061
251 0.001000 3061
252 0.001000 3061
253 0.001000 3061
254 0.001000 3061
255 0.001000 3061
256 0.001000 3061
257 0.001000 3061
258 0.001000 3061
259 0.001000 3061
260 0.001000 3061
261 0.001000 3061
262 0.001000 3061
263 0.001000 3061
264 0.001000 3061
265 0.001000 3061
266 0.001000 3061
267 0.001000 3061
268 0.001000 3061
269 0.001000 3061
270 0.001000 3061
271 0.001000 3061
272 0.001000 3061
273 0.001000 3061
274 0.001000 3061
275 0.001000 3061
276 0.001000 3061
277 0.001000 3061
278 0.001000 3061
279 0.001000 3061
280 0.001000 3061
281 0.001000 3061
282 0.001000 3061
283 0.001000 3061
284 0.001000 3061
285 0.001000 3061
286 0.001000 3061
287 0.001000 3061
288 0.001000 3061
289 0.001000 3061
290 0.001000 3061
291 0.001000 3061
292 0.001000 3061
293 0.001000 3061
294 0.001000 3061
295 0.001000 3061
296 0.001000 3061
297 0.001000 3061
298 0.001000 3061
299 0.001000 3061
300 0.001000 3061
301 0.001000 3061
302 0.001000 3061
303 0.001000 3061
304 0.001000 3061
305 0.001000 3061
306 0.001000 3061
307 0.001000 3061
308 0.001000 3061
309 0.001000 3061
310 0.001000 3061
311 0.001000 3061
312 0.001000 3061
313 0.001000 3061
314 0.001000 3061
315 0.001000 3061
316 0.001000 3061
317 0.001000 3061
318 0.001000 3061
319 0.001000 3061
320 0.001000 3061
321 0.001000 3061
322 0.001000 3061
323 0.001000 3061
324 0.001000 3061
325 0.001000 3061
326 0.001000 3061
327 0.001000 3061
328 0.001000 3061
329 0.001000 3061
330 0.001000 3061
331 0.001000 3061
332 0.001000 3061
333 0.001000 3061
334 0.001000 3061
335 0.001000 3061
336 0.001000 3061
337 0.001000 3061
338 0.001000 3061
339 0.001000 3061
340 0.001000 3061
341 0.001000 3061
342 0.001000 3061
343 0.001000 3061
344 0.001000 3061
345 0.001000 3061
346 0.001000 3061
347 0.001000 3061
348 0.001000 3061
349 0.001000 3061
350 0.001000 3061
351 0.001000 3061
352 0.001000 3061
353 0.001000 3061
354 0.001000 3061
355 0.001000 3061
356 0.001000 3061
357 0.001000 3061
358 0.001000 3061
359 0.001000 3061
360 0.001000 3061
361 0.001000 3061
362 0.001000 3061
363 0.001000 3061
364 0.001000 3061
365 0.001000 3061
366 0.001000 3061
367 0.001000 3061
368 0.001000 3061
369 0.001000 3061
370 0.001000 3061
371 0.001000 3061
372 0.001000 3061
373 0.001000 3061
374 0.001000 3061
375 0.001000 3061
376 0.001000 3061
377 0.001000 3061
378 0.001000 3061
379 0.001000 3061
380 0.001000 3061
381 0.001000 3061
382 0.001000 3061
383 0.001000 3061
384 0.001000 3061
385 0.001000 3061
386 0.001000 3061
387 0.001000 3061
388 0.001000 3061
389 0.001000 3061
390 0.001000 3061
391 0.001000 3061
392 0.001000 3061
393 0.001000 3061
394 0.001000 3061
395 0.001000 3061
396 0.001000 3061
397 0.001000 3061
398 0.001000 3061
399 0.001000 3061
400 0.001000 3061
401 0.001000 3061
402 0.001000 3061
403 0.001000 3061
404 0.001000 3061
405 0.001000 3061
406 0.001000 3061
407 0.001000 3061
408 0.001000 3061
409 0.001000 3061
410 0.001000 3061
411 0.001000 3061
412 0.001000 3061
413 0.001000 3061
414 0.001000 3061
415 0.001000 3061
416 0.001000 3061
417 0.001000 3061
418 0.001000 3061
419 0.001000 3061
420 0.001000 3061
421 0.001000 3061
422 0.001000 3061
423 0.001000 3061
424 0.001000 3061
425 0.001000 3061
426 0.001000 3061
427 0.001000 3061
428 0.001000 3061
429 0.001000 3061
430 0.001000 3061
431 0.001000 3061
432 0.001000 3061
433 0.001000 3061
434 0.001000 3061
435 0.001000 3061
436 0.001000 3061
437 0.001000 3061
438 0.001000 3061
439 0.001000 3061
440 0.001000 3061
441 0.001000 3061
442 0.001000 3061
443 0.001000 3061
444 0.001000 3061
445 0.001000 3061
446 0.001000 3061
447 0.001000 3061
448 0.001000 3061
449 0.001000 3061
450 0.001000 3061
451 0.001000 3061
452 0.001000 3061
453 0.001000 3061
454 0.001000 3061
455 0.001000 3061
456 0.001000 3061
457 0.001000 3061
458 0.001000 3061
459 0.001000 3061
460 0.001000 3061
461 0.001000 3061
462 0.001000 3061
463 0.001000 3061
464 0.001000 3061
465 0.001000 3061
466 0.001000 3061
467 0.001000 3061
468 0.001000 3061
469 0.001000 3061
470 0.001000 3061
471 0.001000 3061
472 0.001000 3061
473 0.001000 3061
474 0.001000 3061
475 0.001000 3061
476 0.001000 3061
477 0.001000 3061
478 0.001000 3061
479 0.001000 3061
480 0.001000 3061
481 0.001000 3061
482 0.001000 3061
483 0.001000 3061
484 0.001000 3061
485 0.001000 3061
486 0.001000 3061
487 0.001000 3061
488 0.001000 3061
489 0.001000 3061
490 0.001000 3061
491 0.001000 3061
492 0.001000 3061
493 0.001000 3061
494 0.001000 3061
495 0.001000 3061
496 0.001000 3061
497 0.001000 3061
498 0.001000 3061
499 0.001000 3061
500 0.001000 3061
501 0.001000 3061
502 0.001000 3061
503 0.001000 3061
504 0.001000 3061
505 0.001000 3061
506 0.001000 3061
507 0.001000 3061
508 0.001000 3061
509 0.001000 3061
510 0.001000 3061
511 0.001000 3061
512 0.001000 3061
513 0.001000 3061
514 0.001000 3061
515 0.001000 3061
516 0.001000 3061
517 0.001000 3061
518 0.001000 2963
519 0.001000 2963
520 0.001000 2963
521 0.001000 2963
522 0.001000 2963
523 0.001000 2963
524 0.001000 2963
525 0.001000 2963
526 0.001000 2963
527 0.001000 2963
528 0.001000 2963
529 0.001000 2963
530 0.001000 2963
531 0.001000 2963
532 0.001000 2963
533 0.001000 2963
534 0.001000 2963
535 0.001000 2963
536 0.001000 2963
537 0.001000 2963
538 0.001000 2963
539 0.001000 2963
540 0.001000 2963
541 0.001000 2963
542 0.001000 2963
543 0.001000 2963
544 0.001000 2963
545 0.001000 2963
546 0.001000 2963
547 0.001000 2963
548 0.001000 2963
549 0.001000 2963
550 0.001000 2963
551 0.001000 2963
552 0.001000 2963
553 0.001000 2963
554 0.001000 2963
555 0.001000 2963
556 0.001000 2963
557 0.001000 2963
558 0.001000 2963
559 0.001000 2963
560 0.001000 2963
561 0.001000 2963
562 0.001000 2963
563 0.001000 2963
564 0.001000 2963
565 0.001000 2963
566 0.001000 2963
567 0.001000 2963
568 0.001000 2963
569 0.001000 2963
570 0.001000 2963
571 0.001000 2963
572 0.001000 2963
573 0.001000 2963
574 0.001000 2963
575 0.001000 2963
576 0.001000 2963
577 0.001000 2963
578 0.001000 2963
579 0.001000 2963
580 0.001000 2963
581 0.001000 2963
582 0.001000 2963
583 0.001000 2963
584 0.001000 2963
585 0.001000 2963
586 0.001000 2963
587 0.001000 2963
588 0.001000 2963
589 0.001000 2963
590 0.001000 2963
591 0.001000 2963
592 0.001000 2963
593 0.001000 2963
594 0.001000 2963
595 0.001000 2963
596 0.001000 2963
597 0.001000 2963
598 0.001000 2963
599 0.001000 2963
600 0.001000 2963
601 0.001000 2963
602 0.001000 2963
603 0.001000 2963
604 0.001000 2963
605 0.001000 2963
606 0.001000 2963
607 0.001000 2963
608 0.001000 2963
609 0.001000 2963
610 0.001000 2963
611 0.001000 2963
612 0.001000 2963
613 0.001000 2963
614 0.001000 2963
615 0.001000 2963
616 0.001000 2963
617 0.001000 2963
618 0.001000 2963
619 0.001000 2963
620 0.001000 2963
621 0.001000 2963
622 0.001000 2963
623 0.001000 2963
624 0.001000 2963
625 0.001000 2963
626 0.001000 2963
627 0.001000 2963
628 0.001000 2963
629 0.001000 2963
630 0.001000 2963
631 0.001000 2963
632 0.001000 2963
633 0.001000 2963
634 0.001000 2963
635 0.001000 2963
636 0.001000 2963
637 0.001000 2963
638 0.001000 2963
639 0.001000 2963
640 0.001000 2963
641 0.001000 2963
642 0.001000 2963
643 0.001000 2963
644 0.001000 2963
645 0.001000 2963
646 0.001000 2963
647 0.001000 2963
648 0.001000 2963
649 0.001000 2963
650 0.001000 2963
651 0.001000 2963
652 0.001000 2963
653 0.001000 2963
654 0.001000 2963
655 0.001000 2963
656 0.001000 2963
657 0.001000 2963
658 0.001000 2963
659 0.001000 2963
660 0.001000 2963
661 0.001000 2963
662 0.001000 2963
663 0.001000 2963
664 0.001000 2963
665 0.001000 2963
666 0.001000 2963
667 0.001000 2963
668 0.001000 2963
669 0.001000 2963
670 0.001000 2963
671 0.001000 2963
672 0.001000 2963
673 0.001000 2963
674 0.001000 2963
675 0.001000 2963
676 0.001000 2963
677 0.001000 2963
678 0.001000 2963
679 0.001000 2963
680 0.001000 2963
681 0.001000 2963
682 0.001000 2963
683 0.001000 2963
684 0.001000 2963
685 0.001000 2963
686 0.001000 2963
687 0.001000 2963
688 0.001000 2963
689 0.001000 2963
690 0.001000 2963
691 0.001000 2963
692 0.001000 2963
693 0.001000 2963
694 0.001000 2963
695 0.001000 2963
696 0.001000 2963
697 0.001000 2963
698 0.001000 2963
699 0.001000 2963
700 0.001000 2963
701 0.001000 2963
702 0.001000 2963
703 0.001000 2963
704 0.001000 2963
705 0.001000 2963
706 0.001000 2963
707 0.001000 2963
708 0.001000 2963
709 0.001000 2963
710 0.001000 2963
711 0.001000 2963
712 0.001000 2963
713 0.001000 2963
714 0.001000 2963
715 0.001000 2963
716 0.001000 2963
717 0.001000 2963
718 0.001000 2963
719 0.001000 2963
720 0.001000 2963
721 0.001000 2963
722 0.001000 2963
723 0.001000 2963
724 0.001000 2963
725 0.001000 2963
726 0.001000 2963
727 0.001000 2963
728 0.001000 2963
729 0.001000 2963
730 0.001000 2963
731 0.001000 2963
732 0.001000 2963
733 0.001000 2963
734 0.001000 2963
735 0.001000 2963
736 0.001000 2963
737 0.001000 2963
738 0.001000 2963
739 0.001000 2963
740 0.001000 2963
741 0.001000 2963
742 0.001000 2963
743 0.001000 2963
744 0.001000 2963
745 0.001000 2963
746 0.001000 2963
747 0.001000 2963
748 0.001000 2963
749 0.001000 2963
750 0.001000 2963
751 0.001000 2963
752 0.001000 2963
753 0.001000 2963
754 0.001000 2963
755 0.001000 2963
756 0.001000 2963
757 0.001000 2963
758 0.001000 2963
759 0.001000 2963
760 0.001000 2963
761 0.001000 2963
762 0.001000 2963
763 0.001000 2963
764 0.001000 2963
765 0.001000 2963
766 0.001000 2963
767 0.001000 2963
768 0.001000 2963
769 0.001000 2963
770 0.001000 2963
771 0.001000 2963
772 0.001000 2963
773 0.001000 2963
774 0.001000 2963
775 0.001000 2963
776 0.001000 2963
777 0.001000 2963
778 0.001000 2963
779 0.001000 2963
780 0.001000 2963
781 0.001000 2963
782 0.001000 2963
783 0.001000 2963
784 0.001000 2963
785 0.001000 2963
786 0.001000 2963
787 0.001000 2963
788 0.001000 2963
789 0.001000 2963
790 0.001000 2963
791 0.001000 2963
792 0.001000 2963
793 0.001000 2963
794 0.001000 2963
795 0.001000 2963
796 0.001000 2963
797 0.001000 2963
798 0.001000 2963
799 0.001000 2963
800 0.001000 2963
801 0.001000 2963
802 0.001000 2963
803 0.001000 2963
804 0.001000 2963
805 0.001000 2963
806 0.001000 2963
807 0.001000 2963
808 0.001000 2963
809 0.001000 2963
810 0.001000 2963
811 0.001000 2963
812 0.001000 2963
813 0.001000 2963
814 0.001000 2963
815 0.001000 2963
816 0.001000 2963
817 0.001000 2963
818 0.001000 2963
819 0.001000 2963
820 0.001000 2963
821 0.001000 2963
822 0.001000 2963
823 0.001000 2963
824 0.001000 2963
825 0.001000 2963
826 0.001000 2963
827 0.001000 2963
828 0.001000 2963
829 0.001000 2963
830 0.001000 2963
831 0.001000 2963
832 0.001000 2963
833 0.001000 2963
834 0.001000 2963
835 0.001000 2963
836 0.001000 2963
837 0.001000 2963
838 0.001000 2963
839 0.001000 2963
840 0.001000 2963
841 0.001000 2963
842 0.001000 2963
843 0.001000 2963
844 0.001000 2963
845 0.001000 2963
846 0.001000 2963
847 0.001000 2963
848 0.001000 2963
849 0.001000 2963
850 0.001000 2963
851 0.001000 2963
852 0.001000 2963
853 0.001000 2963
854 0.001000 2963
855 0.001000 2963
856 0.001000 2963
857 0.001000 2963
858 0.001000 2963
859 0.001000 2963
860 0.001000 2963
861 0.001000 2963
862 0.001000 2963
863 0.001000 2963
864 0.001000 2963
865 0.001000 2963
866 0.001000 2963
867 0.001000 2963
868 0.001000 2963
869 0.001000 2963
870 0.001000 2963
871 0.001000 2963
872 0.001000 2963
873 0.001000 2963
874 0.001000 2963
875 0.001000 2963
876 0.001000 2963
877 0.001000 2963
878 0.001000 2963
879 0.001000 2963
880 0.001000 2963
881 0.001000 2963
882 0.001000 2963
883 0.001000 2963
884 0.001000 2963
885 0.001000 2963
886 0.001000 2963
887 0.001000 2963
888 0.001000 2963
889 0.001000 2963
890 0.001000 2963
891 0.001000 2963
892 0.001000 2963
893 0.001000 2963
894 0.001000 2963
895 0.001000 2963
896 0.001000 2963
897 0.001000 2963
898 0.001000 2963
899 0.001000 2963
900 0.001000 2963
901 0.001000 2963
902 0.001000 2963
903 0.001000 2963
904 0.001000 2963
905 0.001000 2963
906 0.001000 2963
907 0.001000 2963
908 0.001000 2963
909 0.001000 2963
910 0.001000 2963
911 0.001000 2963
912 0.001000 2963
913 0.001000 2963
914 0.001000 2963
915 0.001000 2963
916 0.001000 2963
917 0.001000 2963
918 0.001000 2963
919 0.001000 2963
920 0.001000 2963
921 0.001000 2963
922 0.001000 2963
923 0.001000 2963
924 0.001000 2963
925 0.001000 2963
926 0.001000 2963
927 0.001000 2963
928 0.001000 2963
929 0.001000 2963
930 0.001000 2963
931 0.001000 2963
932 0.001000 2963
933 0.001000 2963
934 0.001000 2963
935 0.001000 2963
936 0.001000 2963
937 0.001000 2963
938 0.001000 2963
939 0.001000 2963
940 0.001000 2963
941 0.001000 2963
942 0.001000 2963
943 0.001000 2963
944 0.001000 2963
945 0.001000 2963
946 0.001000 2963
947 0.001000 2963
948 0.001000 2963
949 0.001000 2963
950 0.001000 2963
951 0.001000 2963
952 0.001000 2963
953 0.001000 2963
954 0.001000 2963
955 0.001000 2963
956 0.001000 2963
957 0.001000 2963
958 0.001000 2963
959 0.001000 2963
960 0.001000 2963
961 0.001000 2963
962 0.001000 2963
963 0.001000 2963
964 0.001000 2963
965 0.001000 2963
966 0.001000 2963
967 0.001000 2963
968 0.001000 2963
969 0.001000 2963
970 0.001000 2963
971 0.001000 2963
972 0.001000 2963
973 0.001000 2963
974 0.001000 2963
975 0.001000 2963
976 0.001000 2963
977 0.001000 2963
978 0.001000 2963
979 0.001000 2963
980 0.001000 2963
981 0.001000 2963
982 0.001000 2963
983 0.001000 2963
984 0.001000 2963
985 0.001000 2963
986 0.001000 2963
987 0.001000 2963
988 0.001000 2963
989 0.001000 2963
990 0.001000 2963
991 0.001000 2963
992 0.001000 2963
993 0.001000 2963
994 0.001000 2963
995 0.001000 2963
996 0.001000 2963
997 0.001000 2963
998 0.001000 2963
999 0.001000 2963
1000 0.001000 2963
1001 0.001000 2963
1002 0.001000 2963
1003 0.001000 2963
1004 0.001000 2963
1005 0.001000 2963
1006 0.001000 2963
1007 0.001000 2963
1008 0.001000 2963
1009 0.001000 2963
1010 0.001000 2963
1011 0.001000 2963
1012 0.001000 2963
1013 0.001000 2963
1014 0.001000 2963
1015 0.001000 2963
1016 0.001000 2963
1017 0.001000 2963
1018 0.001000 2963
1019 0.001000 2963
1020 0.001000 2963
1021 0.001000 2963
1022 0.001000 2963
1023 0.001000 2963
1024 0.001000 2963
1025 0.001000 2963
1026 0.001000 2963
1027 0.001000 2963
1028 0.001000 2963
1029 0.001000 2963
1030 0.001000 2963
1031 0.001000 2963
1032 0.001000 2963
1033 0.001000 2963
1034 0.001000 2963
1035 0.001000 2963
1036 0.001000 2963
1037 0.001000 2963
1038 0.001000 2963
1039 0.001000 2963
1040 0.001000 2963
1041 0.001000 2963
1042 0.001000 2963
1043 0.001000 2963
1044 0.001000 2963
1045 0.001000 2963
1046 0.001000 2963
1047 0.001000 2963
1048 0.001000 2963
1049 0.001000 2963
1050 0.001000 2963
1051 0.001000 2963
1052 0.001000 2963
1053 0.001000 2963
1054 0.001000 2963
1055 0.001000 2963
1056 0.001000 2963
1057 0.001000 2963
1058 0.001000 2963
1059 0.001000 2963
1060 0.001000 2963
1061 0.001000 2963
1062 0.001000 2963
1063 0.001000 2963
1064 0.001000 2963
1065 0.001000 2963
1066 0.001000 2963
1067 0.001000 2963
1068 0.001000 2963
1069 0.001000 2963
1070 0.001000 2963
1071 0.001000 2963
1072 0.001000 2963
1073 0.001000 2963
1074 0.001000 2963
1075 0.001000 2963
1076 0.001000 2963
1077 0.001000 2963
1078 0.001000 2963
1079 0.001000 2963
1080 0.001000 2963
1081 0.001000 2963
1082 0.001000 2963
1083 0.001000 2963
1084 0.001000 2963
1085 0.001000 2963
1086 0.001000 2963
1087 0.001000 2963
1088 0.001000 2963
1089 0.001000 2963
1090 0.001000 2963
1091 0.001000 2963
1092 0.001000 2963
1093 0.001000 2963
1094 0.001000 2963
1095 0.001000 2963
1096 0.001000 2963
1097 0.001000 2963
1098 0.001000 2963
1099 0.001000 2963
1100 0.001000 2963
1101 0.001000 2963
1102 0.001000 2963
1103 0.001000 2963
1104 0.001000 2963
1105 0.001000 2963
1106 0.001000 2963
1107 0.001000 2963
1108 0.001000 2963
1109 0.001000 2963
1110 0.001000 2963
1111 0.001000 2963
1112 0.001000 2963
1113 0.001000 2963
1114 0.001000 2963
1115 0.001000 2963
1116 0.001000 2963
1117 0.001000 2963
1118 0.001000 2963
1119 0.001000 2963
1120 0.001000 2963
1121 0.001000 2963
1122 0.001000 2963
1123 0.001000 2963
1124 0.001000 2963
1125 0.001000 2963
1126 0.001000 2963
1127 0.001000 2963
1128 0.001000 2963
1129 0.001000 2963
1130 0.001000 2963
1131 0.001000 2963
1132 0.001000 2963
1133 0.001000 2963
1134 0.001000 2963
1135 0.001000 2963
1136 0.001000 2963
1137 0.001000 2963
1138 0.001000 2963
1139 0.001000 2963
1140 0.001000 2963
1141 0.001000 2963
1142 0.001000 2963
1143 0.001000 2963
1144 0.001000 2963
1145 0.001000 2963
1146 0.001000 2963
1147 0.001000 2963
1148 0.001000 2963
1149 0.001000 2963
1150 0.001000 2963
1151 0.001000 2963
1152 0.001000 2963
1153 0.001000 2963
1154 0.001000 2963
1155 0.001000 2963
1156 0.001000 2963
1157 0.001000 2963
1158 0.001000 2963
1159 0.001000 2963
1160 0.001000 2963
1161 0.001000 2963
1162 0.001000 2963
1163 0.001000 2963
1164 0.001000 2963
1165 0.001000 2963
1166 0.001000 2963
1167 0.001000 2963
1168 0.001000 2963
1169 0.001000 2963
1170 0.001000 2963
1171 0.001000 2963
1172 0.001000 2963
1173 0.001000 2963
1174 0.001000 2963
1175 0.001000 2963
1176 0.001000 2963
1177 0.001000 2963
1178 0.001000 2963
1179 0.001000 2963
1180 0.001000 2963
1181 0.001000 2963
1182 0.001000 2963
1183 0.001000 2963
1184 0.001000 2963
1185 0.001000 2963
1186 0.001000 2963
1187 0.001000 2963
1188 0.001000 2963
1189 0.001000 2963
1190 0.001000 2963
1191 0.001000 2963
1192 0.001000 2963
1193 0.001000 2963
1194 0.001000 2963
1195 0.001000 2963
1196 0.001000 2963
1197 0.001000 2963
1198 0.001000 2963
1199 0.001000 2963
1200 0.001000 2963
1201 0.001000 2963
1202 0.001000 2963
1203 0.001000 2963
1204 0.001000 2963
1205 0.001000 2963
1206 0.001000 2963
1207 0.001000 2963
1208 0.001000 2963
1209 0.001000 2963
1210 0.001000 2963
1211 0.001000 2963
1212 0.001000 2963
1213 0.001000 2963
1214 0.001000 2963
1215 0.001000 2963
1216 0.001000 2963
1217 0.001000 2963
1218 0.001000 2963
1219 0.001000 2963
1220 0.001000 2963
1221 0.001000 2963
1222 0.001000 2963
1223 0.001000 2963
1224 0.001000 2963
1225 0.001000 2963
1226 0.001000 2963
1227 0.001000 2963
1228 0.001000 2963
1229 0.001000 2963
1230 0.001000 2963
1231 0.001000 2963
1232 0.001000 2963
1233 0.001000 2963
1234 0.001000 2963
1235 0.001000 2963
1236 0.001000 2963
1237 0.001000 2963
1238 0.001000 2963
1239 0.001000 2963
1240 0.001000 2963
1241 0.001000 2963
1242 0.001000 2963
1243 0.001000 2963
1244 0.001000 2963
1245 0.001000 2963
1246 0.001000 2963
1247 0.001000 2963
1248 0.001000 2963
1249 0.001000 2963
1250 0.001000 2963
1251 0.001000 2963
1252 0.001000 2963
1253 0.001000 2963
1254 0.001000 2963
1255 0.001000 2963
1256 0.001000 2963
1257 0.001000 2963
1258 0.001000 2963
1259 0.001000 2963
1260 0.001000 2963
1261 0.001000 2963
1262 0.001000 2963
1263 0.001000 2963
1264 0.001000 2963
1265 0.001000 2963
1266 0.001000 2963
1267 0.001000 2963
1268 0.001000 2963
1269 0.001000 2963
1270 0.001000 2963
1271 0.001000 2963
1272 0.001000 2963
1273 0.001000 2963
1274 0.001000 2963
1275 0.001000 2963
1276 0.001000 2963
1277 0.001000 2963
1278 0.001000 2963
1279 0.001000 2963
1280 0.001000 2963
1281 0.001000 2963
1282 0.001000 2963
1283 0.001000 2963
1284 0.001000 2963
1285 0.001000 2963
1286 0.001000 2963
1287 0.001000 2963
1288 0.001000 2963
1289 0.001000 2963
1290 0.001000 2963
1291 0.001000 2963
1292 0.001000 2963
1293 0.001000 2963
1294 0.001000 2963
1295 0.001000 2963
1296 0.001000 2963
1297 0.001000 2963
1298 0.001000 2963
1299 0.001000 2963
1300 0.001000 2963
1301 0.001000 2963
1302 0.001000 2963
1303 0.001000 2963
1304 0.001000 2963
1305 0.001000 2963
1306 0.001000 2963
1307 0.001000 2963
1308 0.001000 2963
1309 0.001000 2963
1310 0.001000 2963
1311 0.001000 2963
1312 0.001000 2963
1313 0.001000 2963
1314 0.001000 2963
1315 0.001000 2963
1316 0.001000 2963
1317 0.001000 2963
1318 0.001000 2963
1319 0.001000 2963
1320 0.001000 2963
1321 0.001000 2963
1322 0.001000 2963
1323 0.001000 2963
1324 0.001000 2963
1325 0.001000 2963
1326 0.001000 2963
1327 0.001000 2963
1328 0.001000 2963
1329 0.001000 2963
1330 0.001000 2963
1331 0.001000 2963
1332 0.001000 2963
1333 0.001000 2963
1334 0.001000 2963
1335 0.001000 2963
1336 0.001000 2963
1337 0.001000 2963
1338 0.001000 2963
1339 0.001000 2963
1340 0.001000 2963
1341 0.001000 2963
1342 0.001000 2963
1343 0.001000 2963
1344 0.001000 2963
1345 0.001000 2963
1346 0.001000 2963
1347 0.001000 2963
1348 0.001000 2963
1349 0.001000 2963
1350 0.001000 2963
1351 0.001000 2963
1352 0.001000 2963
1353 0.001000 2963
1354 0.001000 2963
1355 0.001000 2963
1356 0.001000 2963
1357 0.001000 2963
1358 0.001000 2963
1359 0.001000 2963
1360 0.001000 2963
1361 0.001000 2963
1362 0.001000 2963
1363 0.001000 2963
1364 0.001000 2963
1365 0.001000 2963
1366 0.001000 2963
1367 0.001000 2963
1368 0.001000 2963
1369 0.001000 2963
1370 0.001000 2963
1371 0.001000 2963
1372 0.001000 2963
1373 0.001000 2963
1374 0.001000 2963
1375 0.001000 2963
1376 0.001000 2963
1377 0.001000 2963
1378 0.001000 2963
1379 0.001000 2963
1380 0.001000 2963
1381 0.001000 2963
1382 0.001000 2963
1383 0.001000 2963
1384 0.001000 2963
1385 0.001000 2963
1386 0.001000 2963
1387 0.001000 2963
1388 0.001000 2963
1389 0.001000 2963
1390 0.001000 2963
1391 0.001000 2963
1392 0.001000 2963
1393 0.001000 2963
1394 0.001000 2963
1395 0.001000 2963
1396 0.001000 2963
1397 0.001000 2963
1398 0.001000 2963
1399 0.001000 2963
1400 0.001000 2963
1401 0.001000 2963
1402 0.001000 2963
1403 0.001000 2963
1404 0.001000 2963
1405 0.001000 2963
1406 0.001000 2963
1407 0.001000 2963
1408 0.001000 2963
1409 0.001000 2963
1410 0.001000 2963
1411 0.001000 2963
1412 0.001000 2963
1413 0.001000 2963
1414 0.001000 2963
1415 0.001000 2963
1416 0.001000 2963
1417 0.001000 2963
1418 0.001000 2963
1419 0.001000 2963
1420 0.001000 2963
1421 0.001000 2963
1422 0.001000 2963
1423 0.001000 2963
1424 0.001000 2963
1425 0.001000 2963
1426 0.001000 2963
1427 0.001000 2963
1428 0.001000 2963
1429 0.001000 2963
1430 0.001000 2963
1431 0.001000 2963
1432 0.001000 2963
1433 0.001000 2963
1434 0.001000 2963
1435 0.001000 2963
1436 0.001000 2963
1437 0.001000 2963
1438 0.001000 2963
1439 0.001000 2963
1440 0.001000 2963
1441 0.001000 2963
1442 0.001000 2963
1443 0.001000 2963
1444 0.001000 2963
1445 0.001000 2963
1446 0.001000 2963
1447 0.001000 2963
1448 0.001000 2963
1449 0.001000 2963
1450 0.001000 2963
1451 0.001000 2963
1452 0.001000 2963
1453 0.001000 2963
1454 0.001000 2963
1455 0.001000 2963
1456 0.001000 2963
1457 0.001000 2963
1458 0.001000 2963
1459 0.001000 2963
1460 0.001000 2963
1461 0.001000 2963
1462 0.001000 2963
1463 0.001000 2963
1464 0.001000 2963
1465 0.001000 2963
1466 0.001000 2963
1467 0.001000 2963
1468 0.001000 2963
1469 0.001000 2963
1470 0.001000 2963
1471 0.001000 2963
1472 0.001000 2963
1473 0.001000 2963
1474 0.001000 2963
1475 0.001000 2963
1476 0.001000 2963
1477 0.001000 2963
1478 0.001000 2963
1479 0.001000 2963
1480 0.001000 2963
1481 0.001000 2963
1482 0.001000 2963
1483 0.001000 2963
1484 0.001000 2963
1485 0.001000 2963
1486 0.001000 2963
1487 0.001000 2963
1488 0.001000 2963
1489 0.001000 2963
1490 0.001000 2963
1491 0.001000 2963
1492 0.001000 2963
1493 0.001000 2963
1494 0.001000 2963
1495 0.001000 2963
1496 0.001000 2963
1497 0.001000 2963
1498 0.001000 2963
1499 0.001000 2963
1500 0.001000 2963
1501 0.001000 2963
1502 0.001000 2963
1503 0.001000 2963
1504 0.001000 2963
1505 0.001000 2963
1506 0.001000 2963
1507 0.001000 2963
1508 0.001000 2963
1509 0.001000 2963
1510 0.001000 2963
1511 0.001000 2963
1512 0.001000 2963
1513 0.001000 2963
1514 0.001000 2963
1515 0.001000 2963
1516 0.001000 2963
1517 0.001000 2963
1518 0.001000 2963
1519 0.001000 2963
1520 0.001000 2963
1521 0.001000 2963
1522 0.001000 2963
1523 0.001000 2963
1524 0.001000 2963
1525 0.001000 2963
1526 0.001000 2963
1527 0.001000 2963
1528 0.001000 2963
1529 0.001000 2963
1530 0.001000 2963
1531 0.001000 2963
1532 0.001000 2963
1533 0.001000 2963
1534 0.001000 2963
1535 0.001000 2963
1536 0.001000 2963
1537 0.001000 2963
1538 0.001000 2963
1539 0.001000 2963
1540 0.001000 2963
1541 0.001000 2963
1542 0.001000 2963
1543 0.001000 2963
1544 0.001000 2963
1545 0.001000 2963
1546 0.001000 2963
1547 0.001000 2963
1548 0.001000 2963
1549 0.001000 2963
1550 0.001000 2963
1551 0.001000 2963
1552 0.001000 2963
1553 0.001000 2963
1554 0.001000 2963
1555 0.001000 2963
1556 0.001000 2963
1557 0.001000 2963
1558 0.001000 2963
1559 0.001000 2963
1560 0.001000 2963
1561 0.001000 2963
1562 0.001000 2963
1563 0.001000 2963
1564 0.001000 2963
1565 0.001000 2963
1566 0.001000 2963
1567 0.001000 2963
1568 0.001000 2963
1569 0.001000 2963
1570 0.001000 2963
1571 0.001000 2963
1572 0.001000 2963
1573 0.001000 2963
1574 0.001000 2963
1575 0.001000 2963
1576 0.001000 2963
1577 0.001000 2963
1578 0.001000 2963
1579 0.001000 2963
1580 0.001000 2963
1581 0.001000 2963
1582 0.001000 2963
1583 0.001000 2963
1584 0.001000 2963
1585 0.001000 2963
1586 0.001000 2963
1587 0.001000 2963
1588 0.001000 2963
1589 0.001000 2963
1590 0.001000 2963
1591 0.001000 2963
1592 0.001000 2963
1593 0.001000 2963
1594 0.001000 2963
1595 0.001000 2963
1596 0.001000 2963
1597 0.001000 2963
1598 0.001000 2963
1599 0.001000 2963
1600 0.001000 2963
1601 0.001000 2963
1602 0.001000 2963
1603 0.001000 2963
1604 0.001000 2963
1605 0.001000 2963
1606 0.001000 2963
1607 0.001000 2963
1608 0.001000 2963
1609 0.001000 2963
1610 0.001000 2963
1611 0.001000 2963
1612 0.001000 2963
1613 0.001000 2963
1614 0.001000 2963
1615 0.001000 2963
1616 0.001000 2963
1617 0.001000 2963
1618 0.001000 2963
1619 0.001000 2963
1620 0.001000 2963
1621 0.001000 2963
1622 0.001000 2963
1623 0.001000 2963
1624 0.002000 2963
1625 0.002000 2963
1626 0.002000 2963
1627 0.002000 2963
1628 0.002000 2963
1629 0.002000 2963
1630 0.002000 2963
1631 0.002000 2963
1632 0.002000 2963
1633 0.002000 2963
1634 0.002000 2963
1635 0.002000 2963
1636 0.002000 2963
1637 0.002000 2963
1638 0.002000 2963
1639 0.002000 2963
1640 0.002000 2963
1641 0.002000 2963
1642 0.002000 2963
1643 0.002000 2963
1644 0.002000 2963
1645 0.002000 2963
1646 0.002000 2963
1647 0.002000 2963
1648 0.002000 2963
1649 0.002000 2963
1650 0.002000 2963
1651 0.002000 2963
1652 0.002000 2963
1653 0.002000 2963
1654 0.002000 2963
1655 0.002000 2963
1656 0.002000 2963
1657 0.002000 2963
1658 0.002000 2963
1659 0.002000 2963
1660 0.002000 2963
1661 0.002000 2963
1662 0.002000 2963
1663 0.002000 2963
1664 0.002000 2963
1665 0.002000 2963
1666 0.002000 2963
1667 0.002000 2963
1668 0.002000 2963
1669 0.002000 2963
1670 0.002000 2963
1671 0.002000 2963
1672 0.002000 2963
1673 0.002000 2963
1674 0.002000 2963
1675 0.002000 2963
1676 0.002000 2963
1677 0.002000 2963
1678 0.002000 2963
1679 0.002000 2963
1680 0.002000 2963
1681 0.002000 2963
1682 0.002000 2963
1683 0.002000 2963
1684 0.002000 2963
1685 0.002000 2963
1686 0.002000 2963
1687 0.002000 2963
1688 0.002000 2963
1689 0.002000 2963
1690 0.002000 2963
1691 0.002000 2963
1692 0.002000 2963
1693 0.002000 2963
1694 0.002000 2963
1695 0.002000 2963
1696 0.002000 2963
1697 0.002000 2963
1698 0.002000 2963
1699 0.002000 2963
1700 0.002000 2963
1701 0.002000 2963
1702 0.002000 2963
1703 0.002000 2963
1704 0.002000 2963
1705 0.002000 2963
1706 0.002000 2963
1707 0.002000 2963
1708 0.002000 2963
1709 0.002000 2963
1710 0.002000 2963
1711 0.002000 2963
1712 0.002000 2963
1713 0.002000 2963
1714 0.002000 2963
1715 0.002000 2963
1716 0.002000 2963
1717 0.002000 2963
1718 0.002000 2963
1719 0.002000 2963
1720 0.002000 2963
1721 0.002000 2963
1722 0.002000 2963
1723 0.002000 2963
1724 0.002000 2963
1725 0.002000 2963
1726 0.002000 2963
1727 0.002000 2963
1728 0.002000 2963
1729 0.002000 2963
1730 0.002000 2963
1731 0.002000 2963
1732 0.002000 2963
1733 0.002000 2963
1734 0.002000 2963
1735 0.002000 2963
1736 0.002000 2963
1737 0.002000 2963
1738 0.002000 2963
1739 0.002000 2963
1740 0.002000 2963
1741 0.002000 2963
1742 0.002000 2963
1743 0.002000 2963
1744 0.002000 2963
1745 0.002000 2963
1746 0.002000 2963
1747 0.002000 2963
1748 0.002000 2963
1749 0.002000 2963
1750 0.002000 2963
1751 0.002000 2963
1752 0.002000 2963
1753 0.002000 2963
1754 0.002000 2963
1755 0.002000 2963
1756 0.002000 2963
1757 0.002000 2963
1758 0.002000 2963
1759 0.002000 2963
1760 0.002000 2963
1761 0.002000 2963
1762 0.002000 2963
1763 0.002000 2963
1764 0.002000 2963
1765 0.002000 2963
1766 0.002000 2963
1767 0.002000 2963
1768 0.002000 2963
1769 0.002000 2963
1770 0.002000 2963
1771 0.002000 2963
1772 0.002000 2963
1773 0.002000 2963
1774 0.002000 2963
1775 0.002000 2963
1776 0.002000 2963
1777 0.002000 2963
1778 0.002000 2963
1779 0.002000 2963
1780 0.002000 2963
1781 0.002000 2963
1782 0.002000 2963
1783 0.002000 2963
1784 0.002000 2963
1785 0.002000 2963
1786 0.002000 2963
1787 0.002000 2963
1788 0.002000 2963
1789 0.002000 2963
1790 0.002000 2963
1791 0.002000 2963
1792 0.002000 2963
1793 0.002000 2963
1794 0.002000 2963
1795 0.002000 2963
1796 0.002000 2963
1797 0.002000 2963
1798 0.002000 2963
1799 0.002000 2963
1800 0.002000 2963
1801 0.002000 2963
1802 0.002000 2963
1803 0.002000 2963
1804 0.002000 2963
1805 0.002000 2963
1806 0.002000 2963
1807 0.002000 2963
1808 0.002000 2963
1809 0.002000 2963
1810 0.002000 2963
1811 0.002000 2963
1812 0.002000 2963
1813 0.002000 2963
1814 0.002000 2963
1815 0.002000 2963
1816 0.002000 2963
1817 0.002000 2963
1818 0.002000 2963
1819 0.002000 2963
1820 0.002000 2963
1821 0.002000 2963
1822 0.002000 2963
1823 0.002000 2963
1824 0.002000 2963
1825 0.002000 2963
1826 0.002000 2963
1827 0.002000 2963
1828 0.002000 2963
1829 0.002000 2963
1830 0.002000 2963
1831 0.002000 2963
1832 0.002000 2963
1833 0.002000 2963
1834 0.002000 2963
1835 0.002000 2963
1836 0.002000 2963
1837 0.002000 2963
1838 0.002000 2963
1839 0.002000 2963
1840 0.002000 2963
1841 0.002000 2963
1842 0.002000 2963
1843 0.002000 2963
1844 0.002000 2963
1845 0.002000 2963
1846 0.002000 2963
1847 0.002000 2963
1848 0.002000 2963
1849 0.002000 2963
1850 0.002000 2963
1851 0.002000 2963
1852 0.002000 2963
1853 0.002000 2963
1854 0.002000 2963
1855 0.002000 2963
1856 0.002000 2963
1857 0.002000 2963
1858 0.002000 2963
1859 0.002000 2963
1860 0.002000 2963
1861 0.002000 2963
1862 0.002000 2963
1863 0.002000 2963
1864 0.002000 2963
1865 0.002000 2963
1866 0.002000 2963
1867 0.002000 2963
1868 0.002000 2963
1869 0.002000 2963
1870 0.002000 2963
1871 0.002000 2963
1872 0.002000 2963
1873 0.002000 2963
1874 0.002000 2963
1875 0.002000 2963
1876 0.002000 2963
1877 0.002000 2963
1878 0.002000 2963
1879 0.002000 2963
1880 0.002000 2963
1881 0.002000 2963
1882 0.002000 2963
1883 0.002000 2963
1884 0.002000 2963
1885 0.002000 2963
1886 0.002000 2963
1887 0.002000 2963
1888 0.002000 2963
1889 0.002000 2963
1890 0.002000 2963
1891 0.002000 2963
1892 0.002000 2963
1893 0.002000 2963
1894 0.002000 2963
1895 0.002000 2963
1896 0.002000 2963
1897 0.002000 2963
1898 0.002000 2963
1899 0.002000 2963
1900 0.002000 2963
1901 0.002000 2963
1902 0.002000 2963
1903 0.002000 2963
1904 0.002000 2963
1905 0.002000 2963
1906 0.002000 2963
1907 0.002000 2963
1908 0.002000 2963
1909 0.002000 2963
1910 0.002000 2963
1911 0.002000 2963
1912 0.002000 2963
1913 0.002000 2963
1914 0.002000 2963
1915 0.002000 2963
1916 0.002000 2963
1917 0.002000 2963
1918 0.002000 2963
1919 0.002000 2963
1920 0.002000 2963
1921 0.002000 2963
1922 0.002000 2963
1923 0.002000 2963
1924 0.002000 2963
1925 0.002000 2963
1926 0.002000 2963
1927 0.002000 2963
1928 0.002000 2963
1929 0.002000 2963
1930 0.002000 2963
1931 0.002000 2963
1932 0.002000 2963
1933 0.002000 2963
1934 0.002000 2963
1935 0.002000 2963
1936 0.002000 2963
1937 0.002000 2963
1938 0.002000 2963
1939 0.002000 2963
1940 0.002000 2963
1941 0.002000 2963
1942 0.002000 2963
1943 0.002000 2963
1944 0.002000 2963
1945 0.002000 2963
1946 0.002000 2963
1947 0.002000 2963
1948 0.002000 2963
1949 0.002000 2963
1950 0.002000 2963
1951 0.002000 2963
1952 0.002000 2963
1953 0.002000 2963
1954 0.002000 2963
1955 0.002000 2963
1956 0.002000 2963
1957 0.002000 2963
1958 0.002000 2963
1959 0.002000 2963
1960 0.002000 2963
1961 0.002000 2963
1962 0.002000 2963
1963 0.002000 2963
1964 0.002000 2963
1965 0.002000 2963
1966 0.002000 2963
1967 0.002000 2963
1968 0.002000 2963
1969 0.002000 2963
1970 0.002000 2963
1971 0.002000 2963
1972 0.002000 2963
1973 0.002000 2963
1974 0.002000 2963
1975 0.002000 2963
1976 0.002000 2963
1977 0.002000 2963
1978 0.002000 2963
1979 0.002000 2963
1980 0.002000 2963
1981 0.002000 2945
1982 0.002000 2945
1983 0.002000 2945
1984 0.002000 2945
1985 0.002000 2945
1986 0.002000 2945
1987 0.002000 2945
1988 0.002000 2945
1989 0.002000 2945
1990 0.002000 2945
1991 0.002000 2945
1992 0.002000 2945
1993 0.002000 2945
1994 0.002000 2945
1995 0.002000 2945
1996 0.002000 2945
1997 0.002000 2945
1998 0.002000 2945
1999 0.002000 2945
2000 0.002000 2945
2001 0.002000 2945
2002 0.002000 2945
2003 0.002000 2945
2004 0.002000 2945
2005 0.002000 2945
2006 0.002000 2945
2007 0.002000 2945
2008 0.002000 2945
2009 0.002000 2945
2010 0.002000 2945
2011 0.002000 2945
2012 0.002000 2945
2013 0.002000 2945
2014 0.002000 2945
2015 0.002000 2945
2016 0.002000 2945
2017 0.002000 2945
2018 0.002000 2945
2019 0.002000 2945
2020 0.002000 2945
2021 0.002000 2945
2022 0.002000 2945
2023 0.002000 2945
2024 0.002000 2945
2025 0.002000 2945
2026 0.002000 2945
2027 0.002000 2945
2028 0.002000 2945
2029 0.002000 2945
2030 0.002000 2945
2031 0.002000 2945
2032 0.002000 2945
2033 0.002000 2945
2034 0.002000 2945
2035 0.002000 2945
2036 0.002000 2945
2037 0.002000 2945
2038 0.002000 2945
2039 0.002000 2945
2040 0.002000 2945
2041 0.002000 2945
2042 0.002000 2945
2043 0.002000 2945
2044 0.002000 2945
2045 0.002000 2945
2046 0.002000 2945
2047 0.002000 2945
2048 0.002000 2945
2049 0.002000 2945
2050 0.002000 2945
2051 0.002000 2945
2052 0.002000 2945
2053 0.002000 2945
2054 0.002000 2945
2055 0.002000 2945
2056 0.002000 2945
2057 0.002000 2945
2058 0.002000 2945
2059 0.002000 2945
2060 0.002000 2945
2061 0.002000 2945
2062 0.002000 2945
2063 0.002000 2945
2064 0.002000 2945
2065 0.002000 2945
2066 0.002000 2945
2067 0.002000 2945
2068 0.002000 2945
2069 0.002000 2945
2070 0.002000 2945
2071 0.002000 2945
2072 0.002000 2945
2073 0.002000 2945
2074 0.002000 2945
2075 0.002000 2945
2076 0.002000 2945
2077 0.002000 2945
2078 0.002000 2945
2079 0.002000 2945
2080 0.002000 2945
2081 0.002000 2945
2082 0.002000 2945
2083 0.002000 2945
2084 0.002000 2945
2085 0.002000 2945
2086 0.002000 2945
2087 0.002000 2945
2088 0.002000 2945
2089 0.002000 2945
2090 0.002000 2945
2091 0.002000 2945
2092 0.002000 2945
2093 0.002000 2945
2094 0.002000 2945
2095 0.002000 2945
2096 0.002000 2945
2097 0.002000 2945
2098 0.002000 2945
2099 0.002000 2945
2100 0.002000 2945
2101 0.002000 2945
2102 0.002000 2945
2103 0.002000 2945
2104 0.002000 2945
2105 0.002000 2945
2106 0.002000 2945
2107 0.002000 2945
2108 0.002000 2945
2109 0.002000 2945
2110 0.002000 2945
2111 0.002000 2945
2112 0.002000 2945
2113 0.002000 2945
2114 0.002000 2945
2115 0.002000 2945
2116 0.002000 2945
2117 0.002000 2945
2118 0.002000 2945
2119 0.002000 2945
2120 0.002000 2945
2121 0.002000 2945
2122 0.002000 2945
2123 0.002000 2945
2124 0.002000 2945
2125 0.002000 2945
2126 0.002000 2945
2127 0.002000 2945
2128 0.002000 2945
2129 0.002000 2945
2130 0.002000 2945
2131 0.002000 2945
2132 0.002000 2945
2133 0.002000 2945
2134 0.002000 2945
2135 0.002000 2945
2136 0.002000 2945
2137 0.002000 2945
2138 0.002000 2945
2139 0.002000 2945
2140 0.002000 2945
2141 0.002000 2945
2142 0.002000 2945
2143 0.002000 2945
2144 0.002000 2945
2145 0.002000 2945
2146 0.002000 2945
2147 0.002000 2945
2148 0.002000 2945
2149 0.002000 2945
2150 0.002000 2945
2151 0.002000 2945
2152 0.002000 2945
2153 0.002000 2945
2154 0.002000 2945
2155 0.002000 2945
2156 0.002000 2945
2157 0.002000 2945
2158 0.002000 2945
2159 0.002000 2945
2160 0.002000 2945
2161 0.002000 2945
2162 0.002000 2945
2163 0.002000 2945
2164 0.002000 2945
2165 0.002000 2945
2166 0.002000 2945
2167 0.002000 2945
2168 0.002000 2945
2169 0.002000 2945
2170 0.002000 2945
2171 0.002000 2945
2172 0.002000 2945
2173 0.002000 2945
2174 0.002000 2945
2175 0.002000 2945
2176 0.002000 2945
2177 0.002000 2945
2178 0.002000 2945
2179 0.002000 2945
2180 0.002000 2945
2181 0.002000 2945
2182 0.002000 2945
2183 0.002000 2945
2184 0.002000 2945
2185 0.002000 2945
2186 0.002000 2945
2187 0.002000 2945
2188 0.002000 2945
2189 0.002000 2945
2190 0.002000 2945
2191 0.002000 2945
2192 0.002000 2945
2193 0.002000 2945
2194 0.002000 2945
2195 0.002000 2945
2196 0.002000 2945
2197 0.002000 2945
2198 0.002000 2945
2199 0.002000 2945
2200 0.002000 2945
2201 0.002000 2945
2202 0.002000 2945
2203 0.002000 2945
2204 0.002000 2945
2205 0.002000 2945
2206 0.002000 2945
2207 0.002000 2945
2208 0.002000 2945
2209 0.002000 2945
2210 0.002000 2945
2211 0.002000 2945
2212 0.002000 2945
2213 0.002000 2945
2214 0.002000 2945
2215 0.002000 2945
2216 0.002000 2945
2217 0.002000 2945
2218 0.002000 2945
2219 0.002000 2945
2220 0.002000 2945
2221 0.002000 2945
2222 0.002000 2945
2223 0.003000 2945
2224 0.003000 2945
2225 0.003000 2945
2226 0.003000 2945
2227 0.003000 2945
2228 0.003000 2945
2229 0.003000 2945
2230 0.003000 2945
2231 0.003000 2945
2232 0.003000 2945
2233 0.003000 2945
2234 0.003000 2945
2235 0.003000 2945
2236 0.003000 2945
2237 0.003000 2945
2238 0.003000 2945
2239 0.003000 2945
2240 0.003000 2945
2241 0.003000 2945
2242 0.003000 2945
2243 0.003000 2945
2244 0.003000 2945
2245 0.003000 2945
2246 0.003000 2945
2247 0.003000 2945
2248 0.003000 2945
2249 0.003000 2945
2250 0.003000 2945
2251 0.003000 2945
2252 0.003000 2945
2253 0.003000 2945
2254 0.003000 2945
2255 0.003000 2945
2256 0.003000 2945
2257 0.003000 2945
2258 0.003000 2945
2259 0.003000 2945
2260 0.003000 2945
2261 0.003000 2945
2262 0.003000 2945
2263 0.003000 2945
2264 0.003000 2945
2265 0.003000 2945
2266 0.003000 2945
2267 0.003000 2945
2268 0.003000 2945
2269 0.003000 2945
2270 0.003000 2945
2271 0.003000 2945
2272 0.003000 2945
2273 0.003000 2945
2274 0.003000 2945
2275 0.003000 2945
2276 0.003000 2945
2277 0.003000 2945
2278 0.003000 2945
2279 0.003000 2945
2280 0.003000 2945
2281 0.003000 2945
2282 0.003000 2945
2283 0.003000 2945
2284 0.003000 2945
2285 0.003000 2945
2286 0.003000 2945
2287 0.003000 2945
2288 0.003000 2945
2289 0.003000 2945
2290 0.003000 2945
2291 0.003000 2945
2292 0.003000 2945
2293 0.003000 2945
2294 0.003000 2945
2295 0.003000 2945
2296 0.003000 2945
2297 0.003000 2945
2298 0.003000 2945
2299 0.003000 2945
2300 0.003000 2945
2301 0.003000 2945
2302 0.003000 2945
2303 0.003000 2945
2304 0.003000 2945
2305 0.003000 2945
2306 0.003000 2945
2307 0.003000 2945
2308 0.003000 2945
2309 0.003000 2945
2310 0.003000 2945
2311 0.003000 2945
2312 0.003000 2945
2313 0.003000 2945
2314 0.003000 2945
2315 0.003000 2945
2316 0.003000 2945
2317 0.003000 2945
2318 0.003000 2945
2319 0.003000 2945
2320 0.003000 2945
2321 0.003000 2945
2322 0.003000 2945
2323 0.003000 2945
2324 0.003000 2945
2325 0.003000 2945
2326 0.003000 2945
2327 0.003000 2945
2328 0.003000 2945
2329 0.003000 2945
2330 0.003000 2945
2331 0.003000 2945
2332 0.003000 2945
2333 0.003000 2945
2334 0.003000 2945
2335 0.003000 2945
2336 0.003000 2945
2337 0.003000 2945
2338 0.003000 2945
2339 0.003000 2945
2340 0.003000 2945
2341 0.003000 2945
2342 0.003000 2945
2343 0.003000 2945
2344 0.003000 2945
2345 0.003000 2945
2346 0.003000 2945
2347 0.003000 2945
2348 0.003000 2945
2349 0.003000 2945
2350 0.003000 2945
2351 0.003000 2945
2352 0.003000 2945
2353 0.003000 2945
2354 0.003000 2945
2355 0.003000 2945
2356 0.003000 2945
2357 0.003000 2945
2358 0.003000 2945
2359 0.003000 2945
2360 0.003000 2945
2361 0.003000 2945
2362 0.003000 2945
2363 0.003000 2945
2364 0.003000 2945
2365 0.003000 2945
2366 0.003000 2945
2367 0.003000 2945
2368 0.003000 2945
2369 0.003000 2945
2370 0.003000 2945
2371 0.003000 2945
2372 0.003000 2945
2373 0.003000 2945
2374 0.003000 2945
2375 0.003000 2945
2376 0.003000 2945
2377 0.003000 2945
2378 0.003000 2945
2379 0.003000 2945
2380 0.003000 2945
2381 0.003000 2945
2382 0.003000 2945
2383 0.003000 2945
2384 0.003000 2945
2385 0.003000 2945
2386 0.003000 2945
2387 0.003000 2945
2388 0.003000 2945
2389 0.003000 2945
2390 0.003000 2945
2391 0.003000 2945
2392 0.003000 2945
2393 0.003000 2945
2394 0.003000 2945
2395 0.003000 2945
2396 0.003000 2945
2397 0.003000 2945
2398 0.003000 2945
2399 0.003000 2945
2400 0.003000 2945
2401 0.003000 2945
2402 0.003000 2945
2403 0.003000 2945
2404 0.003000 2945
2405 0.003000 2945
2406 0.003000 2945
2407 0.003000 2945
2408 0.003000 2945
2409 0.003000 2945
2410 0.003000 2945
2411 0.003000 2945
2412 0.003000 2945
2413 0.003000 2945
2414 0.003000 2945
2415 0.003000 2945
2416 0.003000 2945
2417 0.003000 2945
2418 0.003000 2945
2419 0.003000 2945
2420 0.003000 2945
2421 0.003000 2945
2422 0.003000 2945
2423 0.003000 2945
2424 0.003000 2945
2425 0.003000 2945
2426 0.003000 2945
2427 0.003000 2945
2428 0.003000 2945
2429 0.003000 2945
2430 0.003000 2945
2431 0.003000 2945
2432 0.003000 2945
2433 0.003000 2945
2434 0.003000 2945
2435 0.003000 2945
2436 0.003000 2945
2437 0.003000 2945
2438 0.003000 2945
2439 0.003000 2945
2440 0.003000 2945
2441 0.003000 2945
2442 0.003000 2945
2443 0.003000 2945
2444 0.003000 2945
2445 0.003000 2945
2446 0.003000 2945
2447 0.003000 2945
2448 0.003000 2945
2449 0.003000 2945
2450 0.003000 2945
2451 0.003000 2945
2452 0.003000 2945
2453 0.003000 2945
2454 0.003000 2945
2455 0.003000 2945
2456 0.003000 2945
2457 0.003000 2945
2458 0.003000 2945
2459 0.003000 2945
2460 0.003000 2945
2461 0.003000 2945
2462 0.003000 2945
2463 0.003000 2945
2464 0.003000 2945
2465 0.003000 2945
2466 0.003000 2945
2467 0.003000 2945
2468 0.003000 2945
2469 0.003000 2945
2470 0.003000 2945
2471 0.003000 2945
2472 0.003000 2945
2473 0.003000 2945
2474 0.003000 2945
2475 0.003000 2945
2476 0.003000 2945
2477 0.003000 2945
2478 0.003000 2945
2479 0.003000 2945
2480 0.003000 2945
2481 0.003000 2945
2482 0.003000 2945
2483 0.003000 2945
2484 0.003000 2945
2485 0.003000 2945
2486 0.003000 2945
2487 0.003000 2945
2488 0.003000 2945
2489 0.003000 2945
2490 0.003000 2945
2491 0.003000 2945
2492 0.003000 2945
2493 0.003000 2945
2494 0.003000 2945
2495 0.003000 2945
2496 0.003000 2945
2497 0.003000 2945
2498 0.003000 2945
2499 0.003000 2945
2500 0.003000 2945
2501 0.003000 2945
2502 0.003000 2945
2503 0.003000 2945
2504 0.003000 2945
2505 0.003000 2945
2506 0.003000 2945
2507 0.003000 2945
2508 0.003000 2945
2509 0.003000 2945
2510 0.003000 2945
2511 0.003000 2945
2512 0.003000 2945
2513 0.003000 2945
2514 0.003000 2945
2515 0.003000 2945
2516 0.003000 2945
2517 0.003000 2945
2518 0.003000 2945
2519 0.003000 2945
2520 0.003000 2945
2521 0.003000 2945
2522 0.003000 2945
2523 0.003000 2945
2524 0.003000 2945
2525 0.003000 2945
2526 0.003000 2945
2527 0.003000 2945
2528 0.003000 2945
2529 0.003000 2945
2530 0.003000 2945
2531 0.003000 2945
2532 0.003000 2945
2533 0.003000 2945
2534 0.003000 2945
2535 0.003000 2945
2536 0.003000 2945
2537 0.003000 2945
2538 0.003000 2945
2539 0.003000 2945
2540 0.003000 2945
2541 0.003000 2945
2542 0.003000 2945
2543 0.003000 2945
2544 0.003000 2945
2545 0.003000 2945
2546 0.003000 2945
2547 0.003000 2945
2548 0.003000 2945
2549 0.003000 2945
2550 0.003000 2945
2551 0.003000 2945
2552 0.003000 2945
2553 0.003000 2945
2554 0.003000 2945
2555 0.003000 2945
2556 0.003000 2945
2557 0.003000 2945
2558 0.003000 2945
2559 0.003000 2945
2560 0.003000 2945
2561 0.003000 2945
2562 0.003000 2945
2563 0.003000 2945
2564 0.003000 2945
2565 0.003000 2945
2566 0.003000 2945
2567 0.003000 2945
2568 0.003000 2945
2569 0.003000 2945
2570 0.003000 2945
2571 0.003000 2945
2572 0.003000 2945
2573 0.003000 2945
2574 0.003000 2945
2575 0.003000 2945
2576 0.003000 2945
2577 0.003000 2945
2578 0.003000 2945
2579 0.003000 2945
2580 0.003000 2945
2581 0.003000 2945
2582 0.003000 2945
2583 0.003000 2945
2584 0.003000 2945
2585 0.003000 2945
2586 0.003000 2945
2587 0.003000 2945
2588 0.003000 2945
2589 0.003000 2945
2590 0.003000 2945
2591 0.003000 2945
2592 0.003000 2945
2593 0.003000 2945
2594 0.003000 2945
2595 0.003000 2945
2596 0.003000 2945
2597 0.003000 2945
2598 0.003000 2945
2599 0.003000 2945
2600 0.003000 2945
2601 0.003000 2945
2602 0.003000 2945
2603 0.003000 2945
2604 0.003000 2945
2605 0.003000 2945
2606 0.003000 2945
2607 0.003000 2945
2608 0.003000 2945
2609 0.003000 2945
2610 0.003000 2945
2611 0.003000 2945
2612 0.003000 2945
2613 0.003000 2945
2614 0.003000 2945
2615 0.003000 2945
2616 0.003000 2945
2617 0.003000 2945
2618 0.003000 2945
2619 0.003000 2945
2620 0.003000 2945
2621 0.003000 2945
2622 0.003000 2945
2623 0.003000 2945
2624 0.003000 2945
2625 0.003000 2945
2626 0.003000 2945
2627 0.003000 2945
2628 0.003000 2945
2629 0.003000 2945
2630 0.003000 2945
2631 0.003000 2945
2632 0.003000 2945
2633 0.003000 2945
2634 0.003000 2945
2635 0.003000 2945
2636 0.003000 2945
2637 0.003000 2945
2638 0.003000 2945
2639 0.003000 2945
2640 0.003000 2945
2641 0.003000 2945
2642 0.003000 2945
2643 0.003000 2945
2644 0.003000 2945
2645 0.003000 2945
2646 0.003000 2945
2647 0.003000 2945
2648 0.003000 2945
2649 0.003000 2945
2650 0.003000 2945
2651 0.003000 2945
2652 0.003000 2945
2653 0.003000 2945
2654 0.003000 2945
2655 0.003000 2945
2656 0.003000 2945
2657 0.003000 2945
2658 0.003000 2945
2659 0.003000 2945
2660 0.003000 2945
2661 0.003000 2945
2662 0.003000 2945
2663 0.003000 2945
2664 0.003000 2945
2665 0.003000 2945
2666 0.003000 2945
2667 0.003000 2945
2668 0.003000 2945
2669 0.003000 2945
2670 0.003000 2945
2671 0.003000 2945
2672 0.003000 2945
2673 0.003000 2945
2674 0.003000 2945
2675 0.003000 2945
2676 0.003000 2945
2677 0.003000 2945
2678 0.003000 2945
2679 0.003000 2945
2680 0.003000 2945
2681 0.003000 2945
2682 0.003000 2945
2683 0.003000 2945
2684 0.003000 2945
2685 0.003000 2945
2686 0.003000 2945
2687 0.003000 2945
2688 0.003000 2945
2689 0.003000 2945
2690 0.003000 2945
2691 0.003000 2945
2692 0.003000 2945
2693 0.003000 2945
2694 0.003000 2945
2695 0.003000 2945
2696 0.003000 2945
2697 0.003000 2945
2698 0.003000 2945
2699 0.003000 2945
2700 0.003000 2945
2701 0.003000 2945
2702 0.003000 2945
2703 0.003000 2945
2704 0.003000 2945
2705 0.003000 2945
2706 0.003000 2945
2707 0.003000 2945
2708 0.003000 2945
2709 0.003000 2945
2710 0.003000 2945
2711 0.003000 2945
2712 0.003000 2945
2713 0.003000 2945
2714 0.003000 2945
2715 0.003000 2945
2716 0.003000 2945
2717 0.003000 2945
2718 0.003000 2945
2719 0.003000 2945
2720 0.003000 2945
2721 0.003000 2945
2722 0.003000 2945
2723 0.003000 2945
2724 0.003000 2945
2725 0.003000 2945
2726 0.003000 2945
2727 0.003000 2945
2728 0.003000 2945
2729 0.003000 2945
2730 0.003000 2945
2731 0.003000 2945
2732 0.003000 2945
2733 0.003000 2945
2734 0.003000 2945
2735 0.003000 2945
2736 0.003000 2945
2737 0.003000 2945
2738 0.003000 2945
2739 0.003000 2945
2740 0.003000 2945
2741 0.003000 2945
2742 0.003000 2945
2743 0.003000 2945
2744 0.003000 2945
2745 0.003000 2945
2746 0.003000 2945
2747 0.003000 2945
2748 0.003000 2945
2749 0.003000 2945
2750 0.003000 2945
2751 0.003000 2945
2752 0.003000 2945
2753 0.003000 2945
2754 0.003000 2945
2755 0.003000 2945
2756 0.003000 2945
2757 0.003000 2945
2758 0.003000 2945
2759 0.003000 2945
2760 0.003000 2945
2761 0.003000 2945
2762 0.003000 2945
2763 0.003000 2945
2764 0.003000 2945
2765 0.003000 2945
2766 0.003000 2945
2767 0.003000 2945
2768 0.003000 2945
2769 0.003000 2945
2770 0.003000 2945
2771 0.003000 2945
2772 0.003000 2945
2773 0.003000 2945
2774 0.003000 2945
2775 0.003000 2945
2776 0.003000 2945
2777 0.003000 2945
2778 0.003000 2945
2779 0.003000 2945
2780 0.003000 2945
2781 0.003000 2945
2782 0.003000 2945
2783 0.003000 2945
2784 0.003000 2945
2785 0.003000 2945
2786 0.003000 2945
2787 0.003000 2945
2788 0.003000 2945
2789 0.003000 2945
2790 0.003000 2945
2791 0.003000 2945
2792 0.003000 2945
2793 0.003000 2945
2794 0.003000 2945
2795 0.003000 2945
2796 0.003000 2945
2797 0.003000 2945
2798 0.003000 2945
2799 0.003000 2945
2800 0.003000 2945
2801 0.003000 2945
2802 0.003000 2945
2803 0.003000 2945
2804 0.003000 2945
2805 0.003000 2945
2806 0.003000 2945
2807 0.003000 2945
2808 0.003000 2945
2809 0.003000 2945
2810 0.003000 2945
2811 0.003000 2945
2812 0.003000 2945
2813 0.003000 2945
2814 0.003000 2945
2815 0.003000 2945
2816 0.003000 2945
2817 0.003000 2945
2818 0.003000 2945
2819 0.003000 2945
2820 0.003000 2945
2821 0.003000 2945
2822 0.003000 2945
2823 0.003000 2945
2824 0.003000 2945
2825 0.003000 2945
2826 0.003000 2945
2827 0.003000 2945
2828 0.003000 2945
2829 0.003000 2945
2830 0.003000 2945
2831 0.003000 2945
2832 0.003000 2945
2833 0.003000 2945
2834 0.003000 2945
2835 0.003000 2945
2836 0.003000 2945
2837 0.003000 2945
2838 0.003000 2945
2839 0.003000 2945
2840 0.003000 2945
2841 0.003000 2945
2842 0.003000 2945
2843 0.003000 2945
2844 0.003000 2945
2845 0.003000 2945
2846 0.003000 2945
2847 0.003000 2945
2848 0.003000 2945
2849 0.003000 2945
2850 0.003000 2945
2851 0.003000 2945
2852 0.003000 2945
2853 0.003000 2945
2854 0.003000 2945
2855 0.003000 2945
2856 0.003000 2945
2857 0.003000 2945
2858 0.003000 2945
2859 0.003000 2945
2860 0.003000 2945
2861 0.003000 2945
2862 0.003000 2945
2863 0.003000 2945
2864 0.003000 2945
2865 0.003000 2945
2866 0.003000 2945
2867 0.003000 2945
2868 0.003000 2945
2869 0.003000 2945
2870 0.003000 2945
2871 0.003000 2945
2872 0.003000 2945
2873 0.003000 2945
2874 0.003000 2945
2875 0.003000 2945
2876 0.003000 2945
2877 0.003000 2945
2878 0.003000 2945
2879 0.003000 2945
2880 0.003000 2945
2881 0.003000 2945
2882 0.003000 2945
2883 0.003000 2945
2884 0.003000 2945
2885 0.003000 2945
2886 0.003000 2945
2887 0.003000 2945
2888 0.003000 2945
2889 0.003000 2945
2890 0.003000 2945
2891 0.003000 2945
2892 0.003000 2945
2893 0.003000 2945
2894 0.003000 2945
2895 0.003000 2945
2896 0.003000 2945
2897 0.003000 2945
2898 0.003000 2945
2899 0.003000 2945
2900 0.003000 2945
2901 0.003000 2945
2902 0.003000 2945
2903 0.003000 2945
2904 0.003000 2945
2905 0.003000 2945
2906 0.003000 2945
2907 0.003000 2945
2908 0.003000 2945
2909 0.003000 2945
2910 0.003000 2945
2911 0.003000 2945
2912 0.003000 2945
2913 0.003000 2945
2914 0.003000 2945
2915 0.003000 2945
2916 0.003000 2945
2917 0.003000 2945
2918 0.003000 2945
2919 0.003000 2945
2920 0.003000 2945
2921 0.003000 2945
2922 0.003000 2945
2923 0.003000 2945
2924 0.003000 2945
2925 0.003000 2945
2926 0.003000 2945
2927 0.003000 2945
2928 0.003000 2945
2929 0.003000 2945
2930 0.003000 2945
2931 0.003000 2945
2932 0.003000 2945
2933 0.003000 2945
2934 0.003000 2945
2935 0.003000 2945
2936 0.003000 2945
2937 0.003000 2945
2938 0.003000 2945
2939 0.003000 2945
2940 0.003000 2945
2941 0.003000 2945
2942 0.003000 2945
2943 0.003000 2945
2944 0.003000 2945
2945 0.003000 2945
2946 0.003000 2945
2947 0.003000 2945
2948 0.003000 2945
2949 0.003000 2945
2950 0.003000 2945
2951 0.003000 2945
2952 0.003000 2945
2953 0.003000 2945
2954 0.003000 2945
2955 0.003000 2945
2956 0.003000 2945
2957 0.003000 2945
2958 0.003000 2945
2959 0.003000 2945
2960 0.003000 2945
2961 0.003000 2945
2962 0.003000 2945
2963 0.003000 2945
2964 0.003000 2945
2965 0.003000 2945
2966 0.003000 2945
2967 0.003000 2945
2968 0.003000 2945
2969 0.003000 2945
2970 0.003000 2945
2971 0.003000 2945
2972 0.003000 2945
2973 0.003000 2945
2974 0.003000 2945
2975 0.003000 2945
2976 0.003000 2945
2977 0.003000 2945
2978 0.003000 2945
2979 0.003000 2945
2980 0.003000 2945
2981 0.003000 2945
2982 0.003000 2945
2983 0.003000 2945
2984 0.003000 2945
2985 0.003000 2945
2986 0.003000 2945
2987 0.003000 2945
2988 0.003000 2945
2989 0.003000 2945
2990 0.003000 2945
2991 0.003000 2945
2992 0.003000 2945
2993 0.003000 2945
2994 0.003000 2945
2995 0.003000 2945
2996 0.003000 2945
2997 0.003000 2945
2998 0.003000 2945
2999 0.003000 2945
3000 0.003000 2945
# Final Best Cost: 2945
