# Instance: eil101.tsp
# Method: simulated-annealing
# output: step cost
0 3273
0.000000 3152
0.000000 3152
0.000000 3152
0.000000 3152
0.000000 3152
0.000000 3152
0.000000 3152
0.000000 3152
0.000000 3098
0.000000 3098
0.000000 3098
0.000000 3098
0.000000 3084
0.000000 3084
0.000000 3084
0.000000 3084
0.000000 3084
0.000000 3084
0.000000 3084
0.000000 3084
0.000000 3084
0.001000 3056
0.001000 3056
0.001000 3056
0.001000 3056
0.001000 3056
0.001000 3056
0.001000 3035
0.001000 3035
0.001000 3035
0.001000 3035
0.001000 3031
0.001000 3031
0.001000 3031
0.001000 3031
0.001000 3031
0.001000 3031
0.001000 3031
0.001000 3031
0.001000 3031
0.001000 3031
0.001000 3031
0.001000 3031
0.001000 3031
0.001000 3031
0.001000 3031
0.001000 3031
0.001000 3031
0.001000 3031
0.001000 3031
0.001000 3031
0.001000 3031
0.001000 3031
0.001000 3031
0.001000 3031
0.001000 3031
0.001000 3031
0.002000 3031
0.002000 3031
0.002000 3031
0.002000 3031
0.002000 3031
0.002000 3031
0.002000 3031
0.002000 3031
0.002000 3031
0.002000 3031
0.002000 3031
0.002000 3031
0.002000 3031
0.002000 3031
0.002000 3031
0.002000 3031
0.002000 2996
0.002000 2996
0.002000 2996
0.002000 2996
0.002000 2996
0.002000 2996
0.002000 2996
0.002000 2996
0.002000 2996
0.002000 2996
0.002000 2996
0.002000 2996
0.002000 2996
0.002000 2996
0.002000 2996
0.002000 2996
0.002000 2996
0.002000 2996
0.002000 2996
0.002000 2996
0.002000 2996
0.003000 2996
0.003000 2996
0.003000 2996
0.003000 2996
0.003000 2996
0.003000 2996
0.003000 2996
0.003000 2996
0.003000 2996
0.003000 2996
0.003000 2996
0.003000 2996
0.003000 2996
0.003000 2996
0.003000 2996
0.003000 2996
0.003000 2996
0.003000 2996
0.003000 2996
0.003000 2996
0.003000 2996
0.003000 2996
0.003000 2996
0.003000 2996
0.003000 2996
0.003000 2996
0.003000 2996
0.003000 2996
0.003000 2996
0.003000 2996
0.003000 2996
0.003000 2996
0.003000 2996
0.003000 2996
0.003000 2996
0.003000 2990
0.003000 2862
0.004000 2862
0.004000 2862
0.004000 2862
0.004000 2862
0.004000 2862
0.004000 2862
0.004000 2862
0.004000 2862
0.004000 2862
0.004000 2862
0.004000 2862
0.004000 2862
0.004000 2862
0.004000 2862
0.004000 2862
0.004000 2862
0.004000 2862
0.004000 2862
0.004000 2862
0.004000 2862
0.004000 2862
0.004000 2862
0.004000 2862
0.004000 2862
0.004000 2862
0.004000 2862
0.004000 2862
0.004000 2862
0.004000 2862
0.004000 2862
0.004000 2862
0.004000 2862
0.004000 2862
0.004000 2862
0.004000 2862
0.005000 2862
0.005000 2862
0.005000 2862
0.005000 2862
0.005000 2862
0.005000 2862
0.005000 2862
0.005000 2862
0.005000 2862
0.005000 2862
0.005000 2862
0.005000 2862
0.005000 2862
0.005000 2862
0.005000 2862
0.005000 2862
0.005000 2862
0.005000 2862
0.005000 2862
0.005000 2862
0.005000 2862
0.005000 2862
0.005000 2862
0.005000 2862
0.005000 2862
0.005000 2862
0.005000 2862
0.005000 2862
0.005000 2862
0.005000 2862
0.005000 2862
0.005000 2862
0.005000 2862
0.005000 2862
0.005000 2862
0.005000 2862
0.006000 2862
0.006000 2862
0.006000 2862
0.006000 2862
0.006000 2862
0.006000 2862
0.006000 2862
0.006000 2862
0.006000 2862
0.006000 2862
0.006000 2862
0.006000 2862
0.006000 2862
0.006000 2862
0.006000 2862
0.006000 2862
0.006000 2862
0.006000 2862
0.006000 2862
0.006000 2862
0.006000 2862
0.006000 2862
0.006000 2862
0.006000 2862
0.006000 2862
0.006000 2862
0.006000 2862
0.006000 2862
0.006000 2862
0.006000 2862
0.006000 2862
0.006000 2862
0.006000 2862
0.006000 2862
0.006000 2862
0.006000 2862
0.007000 2862
0.007000 2862
0.007000 2862
0.007000 2862
0.007000 2862
0.007000 2862
0.007000 2862
0.007000 2831
0.007000 2831
0.007000 2831
0.007000 2831
0.007000 2831
0.007000 2831
0.007000 2831
0.007000 2831
0.007000 2831
0.007000 2831
0.007000 2831
0.007000 2831
0.007000 2831
0.007000 2831
0.007000 2831
0.007000 2831
0.007000 2831
0.007000 2831
0.007000 2831
0.007000 2831
0.007000 2831
0.007000 2831
0.007000 2831
0.007000 2831
0.007000 2798
0.007000 2798
0.008000 2798
0.008000 2798
0.008000 2798
0.008000 2798
0.008000 2798
0.008000 2798
0.008000 2798
0.008000 2798
0.008000 2798
0.008000 2798
0.008000 2798
0.008000 2798
0.008000 2798
0.008000 2798
0.008000 2798
0.008000 2723
0.008000 2723
0.008000 2723
0.008000 2723
0.008000 2723
0.008000 2718
0.008000 2718
0.008000 2718
0.008000 2718
0.008000 2718
0.008000 2718
0.008000 2718
0.008000 2718
0.008000 2597
0.008000 2597
0.008000 2597
0.008000 2597
0.008000 2510
0.008000 2510
0.009000 2510
0.009000 2510
0.009000 2510
0.009000 2510
0.009000 2510
0.009000 2510
0.009000 2510
0.009000 2510
0.009000 2510
0.009000 2510
0.009000 2510
0.009000 2510
0.009000 2510
0.009000 2510
0.009000 2510
0.009000 2510
0.009000 2510
0.009000 2510
0.009000 2510
0.009000 2510
0.009000 2510
0.009000 2510
0.009000 2510
0.009000 2510
0.009000 2510
0.009000 2510
0.009000 2510
0.009000 2510
0.009000 2510
0.009000 2510
0.009000 2510
0.009000 2510
0.009000 2510
0.009000 2493
0.009000 2493
0.009000 2493
0.010000 2493
0.010000 2493
0.010000 2493
0.010000 2493
0.010000 2493
0.010000 2493
0.010000 2493
0.010000 2493
0.010000 2493
0.010000 2493
0.010000 2493
0.010000 2493
0.010000 2457
0.010000 2457
0.010000 2457
0.010000 2457
0.010000 2457
0.010000 2457
0.010000 2457
0.010000 2457
0.010000 2457
0.010000 2457
0.010000 2457
0.010000 2445
0.010000 2373
0.010000 2373
0.010000 2373
0.010000 2373
0.010000 2373
0.010000 2373
0.010000 2373
0.010000 2343
0.010000 2325
0.010000 2325
0.010000 2282
0.011000 2282
0.011000 2282
0.011000 2282
0.011000 2282
0.011000 2282
0.011000 2282
0.011000 2282
0.011000 2282
0.011000 2282
0.011000 2282
0.011000 2282
0.011000 2282
0.011000 2282
0.011000 2282
0.011000 2282
0.011000 2282
0.011000 2282
0.011000 2282
0.011000 2282
0.011000 2282
0.011000 2282
0.011000 2127
0.011000 2114
0.011000 2107
0.011000 2107
0.011000 2107
0.011000 2048
0.011000 2048
0.011000 2048
0.011000 2048
0.011000 2048
0.011000 2048
0.011000 2048
0.011000 2048
0.011000 2048
0.011000 2048
0.012000 2048
0.012000 2048
0.012000 2048
0.012000 2048
0.012000 2048
0.012000 2048
0.012000 2048
0.012000 2020
0.012000 2020
0.012000 2004
0.012000 1890
0.012000 1890
0.012000 1882
0.012000 1882
0.012000 1871
0.012000 1864
0.012000 1864
0.012000 1864
0.012000 1864
0.012000 1864
0.012000 1864
0.012000 1864
0.012000 1864
0.012000 1864
0.012000 1864
0.012000 1864
0.012000 1814
0.012000 1814
0.012000 1814
0.012000 1814
0.012000 1814
0.012000 1759
0.012000 1759
0.012000 1759
0.012000 1759
0.013000 1759
0.013000 1759
0.013000 1759
0.013000 1759
0.013000 1759
0.013000 1759
0.013000 1759
0.013000 1759
0.013000 1759
0.013000 1759
0.013000 1759
0.013000 1693
0.013000 1681
0.013000 1681
0.013000 1673
0.013000 1673
0.013000 1673
0.013000 1673
0.013000 1673
0.013000 1673
0.013000 1673
0.013000 1673
0.013000 1673
0.013000 1673
0.013000 1608
0.013000 1608
0.013000 1608
0.013000 1608
0.013000 1605
0.013000 1543
0.013000 1540
0.013000 1540
0.013000 1512
0.013000 1512
0.013000 1429
0.013000 1424
0.013000 1416
0.014000 1363
0.014000 1315
0.014000 1268
0.014000 1268
0.014000 1268
0.014000 1268
0.014000 1268
0.014000 1268
0.014000 1268
0.014000 1268
0.014000 1268
0.014000 1268
0.014000 1268
0.014000 1268
0.014000 1268
0.014000 1253
0.014000 1233
0.014000 1226
0.014000 1222
0.014000 1222
0.014000 1222
0.014000 1222
0.014000 1201
0.014000 1201
0.014000 1201
0.014000 1201
0.014000 1197
0.014000 1197
0.014000 1188
0.014000 1186
0.014000 1186
0.014000 1186
0.014000 1134
0.014000 1134
0.014000 1134
0.015000 1134
0.015000 1134
0.015000 1134
0.015000 1134
0.015000 1134
0.015000 1129
0.015000 1116
0.015000 1115
0.015000 1115
0.015000 1115
0.015000 1107
0.015000 1107
0.015000 1107
0.015000 1107
0.015000 1088
0.015000 1088
0.015000 1088
0.015000 1082
0.015000 1060
0.015000 1044
0.015000 1044
0.015000 1044
0.015000 1044
0.015000 1041
0.015000 1041
0.015000 1038
0.015000 1014
0.015000 1014
0.015000 1014
0.015000 1014
0.015000 1014
0.015000 1014
0.015000 994
0.015000 983
0.015000 978
0.016000 967
0.016000 967
0.016000 954
0.016000 954
0.016000 954
0.016000 928
0.016000 914
0.016000 914
0.016000 914
0.016000 914
0.016000 897
0.016000 880
0.016000 880
0.016000 880
0.016000 880
0.016000 880
0.016000 880
0.016000 880
0.016000 880
0.016000 880
0.016000 880
0.016000 880
0.016000 880
0.016000 880
0.016000 880
0.016000 880
0.016000 880
0.016000 880
0.016000 880
0.016000 880
0.016000 880
0.016000 880
0.016000 880
0.017000 880
0.017000 880
0.017000 880
0.017000 880
0.017000 880
0.017000 880
0.017000 880
0.017000 880
0.017000 880
0.017000 880
0.017000 880
0.017000 880
0.017000 880
0.017000 880
0.017000 880
0.017000 870
0.017000 870
0.017000 869
0.017000 865
0.017000 859
0.017000 859
0.017000 859
0.017000 859
0.017000 854
0.017000 854
0.017000 841
0.017000 838
0.017000 838
0.017000 838
0.017000 836
0.017000 825
0.017000 814
0.017000 813
0.017000 813
0.017000 811
0.018000 811
0.018000 794
0.018000 789
0.018000 789
0.018000 789
0.018000 778
0.018000 772
0.018000 772
0.018000 746
0.018000 732
0.018000 732
0.018000 732
0.018000 729
0.018000 729
0.018000 729
0.018000 729
0.018000 729
0.018000 729
0.018000 726
0.018000 726
0.018000 726
0.018000 726
0.018000 726
0.018000 726
0.018000 726
0.018000 726
0.018000 726
0.018000 726
0.018000 726
0.018000 726
0.018000 726
0.018000 726
0.018000 726
0.018000 726
0.018000 726
0.019000 724
0.019000 724
0.019000 724
0.019000 724
0.019000 722
0.019000 720
0.019000 720
0.019000 719
0.019000 719
0.019000 719
0.019000 719
0.019000 719
0.019000 719
0.019000 719
0.019000 719
0.019000 716
0.019000 716
0.019000 716
0.019000 716
0.019000 716
0.019000 716
0.019000 716
0.019000 716
0.019000 716
0.019000 716
0.019000 716
0.019000 716
0.019000 716
0.019000 716
0.019000 716
0.019000 716
0.020000 715
0.020000 715
0.020000 715
0.020000 714
0.020000 711
0.020000 711
0.020000 711
0.020000 711
0.020000 711
0.020000 711
0.020000 711
0.020000 707
0.020000 707
0.020000 706
0.020000 706
0.020000 706
0.020000 706
0.020000 706
0.020000 706
0.020000 706
0.020000 706
0.020000 706
0.020000 706
0.020000 704
0.020000 704
0.020000 704
0.020000 704
0.020000 704
0.020000 704
0.020000 704
0.020000 704
0.020000 704
0.021000 704
0.021000 704
0.021000 704
0.021000 704
0.021000 700
0.021000 700
0.021000 698
0.021000 698
0.021000 698
0.021000 698
0.021000 698
0.021000 698
0.021000 692
0.021000 692
0.021000 692
0.021000 692
0.021000 690
0.021000 690
0.021000 690
0.021000 689
0.021000 689
0.021000 687
0.021000 687
0.021000 687
0.021000 687
0.021000 687
0.021000 687
0.021000 687
0.021000 687
0.021000 687
0.021000 687
0.021000 687
0.022000 687
0.022000 683
0.022000 683
0.022000 683
0.022000 683
0.022000 683
0.022000 683
0.022000 683
0.022000 683
0.022000 683
0.022000 683
0.022000 683
0.022000 683
0.022000 683
0.022000 683
0.022000 683
0.022000 683
0.022000 683
0.022000 683
0.022000 683
0.022000 683
0.022000 683
0.022000 683
0.022000 683
0.022000 683
0.022000 683
0.022000 683
0.022000 683
0.022000 683
0.022000 683
0.022000 683
0.022000 683
0.022000 683
0.022000 683
0.022000 683
0.022000 677
0.023000 677
0.023000 677
0.023000 677
0.023000 677
0.023000 677
0.023000 677
0.023000 677
0.023000 677
0.023000 677
0.023000 677
0.023000 677
0.023000 675
0.023000 671
0.023000 671
0.023000 671
0.023000 671
0.023000 671
0.023000 671
0.023000 671
0.023000 671
0.023000 671
0.023000 671
0.023000 671
0.023000 671
0.023000 671
0.023000 671
0.023000 671
0.023000 671
0.023000 671
0.023000 671
0.023000 671
0.023000 671
0.023000 671
0.024000 671
0.024000 671
0.024000 671
0.024000 671
0.024000 671
0.024000 671
0.024000 671
0.024000 671
0.024000 671
0.024000 671
0.024000 671
0.024000 671
0.024000 671
0.024000 671
0.024000 671
0.024000 671
0.024000 671
0.024000 671
0.024000 671
0.024000 671
0.024000 671
0.024000 671
0.024000 671
0.025000 671
0.025000 671
0.025000 671
0.025000 671
0.025000 671
0.025000 671
0.025000 670
0.025000 670
0.025000 670
0.025000 670
0.025000 670
0.025000 670
0.025000 670
0.025000 670
0.025000 670
0.025000 670
0.025000 670
0.025000 670
0.025000 670
0.025000 670
0.025000 670
0.025000 670
0.025000 670
0.025000 670
0.025000 670
0.025000 670
0.025000 670
0.025000 670
0.025000 670
0.025000 670
0.025000 670
0.025000 670
0.025000 670
0.026000 670
0.026000 670
0.026000 670
0.026000 670
0.026000 670
0.026000 670
0.026000 670
0.026000 670
0.026000 670
0.026000 670
0.026000 670
0.026000 670
0.026000 670
0.026000 670
0.026000 670
0.026000 670
0.026000 670
0.026000 670
0.026000 670
0.026000 670
0.026000 670
0.026000 670
0.026000 670
0.026000 670
0.026000 670
0.026000 670
0.026000 670
0.026000 670
0.026000 670
0.026000 670
0.026000 670
0.026000 670
0.027000 670
0.027000 670
0.027000 670
0.027000 670
0.027000 670
0.027000 670
0.027000 670
0.027000 670
0.027000 670
0.027000 670
0.027000 670
0.027000 670
0.027000 670
0.027000 670
0.027000 670
0.027000 670
0.027000 670
0.027000 670
0.027000 670
0.027000 670
0.027000 670
0.027000 670
0.027000 670
0.027000 670
0.027000 670
0.027000 670
0.027000 670
0.027000 670
0.027000 670
0.027000 670
0.027000 670
0.027000 670
0.027000 670
0.027000 670
0.027000 670
0.028000 670
0.028000 670
0.028000 670
0.028000 670
0.028000 670
0.028000 670
0.028000 670
0.028000 670
0.028000 670
0.028000 670
0.028000 670
0.028000 670
0.028000 670
0.028000 670
0.028000 670
0.028000 670
0.028000 670
0.028000 670
0.028000 670
0.028000 670
0.028000 670
0.028000 670
0.028000 670
0.028000 670
0.028000 670
0.028000 670
0.028000 670
0.028000 670
0.028000 670
0.028000 670
0.028000 670
0.028000 670
0.028000 670
0.028000 670
0.028000 670
0.028000 670
0.029000 670
0.029000 670
0.029000 670
0.029000 670
0.029000 670
0.029000 670
0.029000 670
0.029000 670
0.029000 670
0.029000 670
0.029000 670
0.029000 670
0.029000 670
0.029000 670
0.029000 670
0.029000 670
0.029000 670
0.029000 670
0.029000 670
0.029000 670
0.029000 670
0.029000 670
0.029000 670
0.029000 670
0.029000 670
0.029000 670
0.029000 670
0.029000 670
0.029000 670
0.029000 670
0.029000 670
0.029000 670
0.029000 670
0.029000 670
0.029000 670
0.029000 670
0.030000 670
0.030000 670
0.030000 670
0.030000 670
0.030000 670
0.030000 670
0.030000 670
0.030000 670
0.030000 670
0.030000 670
0.030000 670
0.030000 670
0.030000 670
0.030000 670
0.030000 670
0.030000 670
0.030000 670
0.030000 670
0.030000 670
0.030000 670
0.030000 670
0.030000 670
0.030000 670
0.030000 670
0.030000 670
0.030000 670
0.030000 670
0.030000 670
0.030000 670
0.030000 670
0.030000 670
0.030000 670
0.030000 670
0.030000 670
0.030000 670
0.030000 670
0.030000 670
0.031000 670
0.031000 670
0.031000 670
0.031000 670
0.031000 670
0.031000 670
0.031000 670
0.031000 670
0.031000 670
0.031000 670
0.031000 670
0.031000 670
0.031000 670
0.031000 670
0.031000 670
0.031000 670
0.031000 670
0.031000 670
0.031000 670
0.031000 670
0.031000 670
0.031000 670
0.031000 670
0.031000 670
0.031000 670
0.031000 670
0.031000 670
0.031000 670
0.031000 670
0.031000 670
0.031000 670
0.031000 670
0.031000 670
0.031000 670
0.031000 670
0.032000 670
0.032000 670
0.032000 670
0.032000 670
0.032000 670
0.032000 670
0.032000 670
0.032000 670
0.032000 670
0.032000 670
0.032000 670
0.032000 670
0.032000 670
0.032000 670
0.032000 670
0.032000 670
0.032000 670
0.032000 670
0.032000 670
0.032000 670
0.032000 670
0.032000 670
0.032000 670
0.032000 670
0.032000 670
0.032000 670
0.032000 670
0.032000 670
0.032000 670
0.032000 670
0.032000 670
0.032000 670
0.032000 670
0.032000 670
0.032000 670
0.033000 670
0.033000 670
0.033000 670
0.033000 670
0.033000 670
0.033000 670
0.033000 670
0.033000 670
0.033000 670
0.033000 670
0.033000 670
0.033000 670
0.033000 670
0.033000 670
0.033000 670
0.033000 670
0.033000 670
0.033000 670
0.033000 670
0.033000 670
0.033000 670
0.033000 670
0.033000 670
# Final Best Cost: 670
