# first_value: 3311
# Instance: eil101.tsp
# Method: random-search
# output: time cost
0 3311
1 0.000000 3311
2 0.000000 3311
3 0.000000 3311
4 0.000000 3311
5 0.000000 3311
6 0.000000 3219
7 0.000000 3219
8 0.000000 3219
9 0.000000 3219
10 0.000000 3165
11 0.000000 3165
12 0.000000 3165
13 0.000000 3165
14 0.000000 3165
15 0.000000 3165
16 0.000000 3160
17 0.000000 3160
18 0.000000 3160
19 0.000000 3160
20 0.000000 3160
21 0.000000 3101
22 0.000000 3101
23 0.000000 3101
24 0.000000 3101
25 0.000000 3101
26 0.000000 3101
27 0.000000 3101
28 0.000000 3101
29 0.000000 3101
30 0.000000 3101
31 0.000000 3101
32 0.000000 3101
33 0.000000 3101
34 0.000000 3101
35 0.000000 3101
36 0.000000 3101
37 0.000000 3101
38 0.000000 3101
39 0.000000 3101
40 0.000000 3101
41 0.000000 3101
42 0.000000 3101
43 0.000000 3101
44 0.000000 3101
45 0.000000 3101
46 0.000000 3101
47 0.000000 3101
48 0.000000 3101
49 0.000000 3101
50 0.000000 3101
51 0.000000 3101
52 0.000000 3101
53 0.000000 3101
54 0.000000 3101
55 0.000000 3101
56 0.000000 3101
57 0.000000 3101
58 0.000000 3101
59 0.000000 3101
60 0.000000 3101
61 0.000000 3101
62 0.000000 3101
63 0.000000 3101
64 0.000000 3101
65 0.000000 3101
66 0.000000 3101
67 0.000000 3101
68 0.000000 3101
69 0.000000 3101
70 0.000000 3101
71 0.000000 3101
72 0.000000 3101
73 0.000000 3101
74 0.000000 3101
75 0.000000 3101
76 0.000000 3101
77 0.000000 3101
78 0.000000 3101
79 0.000000 3101
80 0.000000 3101
81 0.000000 3101
82 0.000000 3101
83 0.000000 3101
84 0.000000 3101
85 0.000000 3101
86 0.000000 3101
87 0.000000 3101
88 0.000000 3101
89 0.000000 3101
90 0.000000 3101
91 0.000000 3101
92 0.000000 3101
93 0.000000 3101
94 0.000000 3101
95 0.000000 3101
96 0.000000 3101
97 0.000000 3101
98 0.000000 3101
99 0.000000 3101
100 0.000000 3101
101 0.000000 3101
102 0.000000 3101
103 0.000000 3101
104 0.000000 3101
105 0.000000 3101
106 0.000000 3101
107 0.000000 3101
108 0.000000 3101
109 0.000000 3101
110 0.000000 3101
111 0.000000 3101
112 0.000000 3101
113 0.000000 3101
114 0.000000 3101
115 0.000000 3101
116 0.000000 3101
117 0.000000 3101
118 0.000000 3101
119 0.000000 3101
120 0.000000 3101
121 0.000000 3101
122 0.000000 3101
123 0.000000 3101
124 0.000000 3101
125 0.000000 3101
126 0.000000 3101
127 0.000000 3101
128 0.001000 3101
129 0.001000 3101
130 0.001000 3101
131 0.001000 3101
132 0.001000 3101
133 0.001000 3101
134 0.001000 3101
135 0.001000 3101
136 0.001000 3101
137 0.001000 3101
138 0.001000 3101
139 0.001000 3101
140 0.001000 3101
141 0.001000 3101
142 0.001000 3101
143 0.001000 3101
144 0.001000 3101
145 0.001000 3101
146 0.001000 3101
147 0.001000 3101
148 0.001000 3101
149 0.001000 3101
150 0.001000 3101
151 0.001000 3101
152 0.001000 3101
153 0.001000 3101
154 0.001000 3101
155 0.001000 3101
156 0.001000 3101
157 0.001000 3091
158 0.001000 3091
159 0.001000 3091
160 0.001000 3091
161 0.001000 3091
162 0.001000 3091
163 0.001000 3091
164 0.001000 3091
165 0.001000 3091
166 0.001000 3091
167 0.001000 3091
168 0.001000 3091
169 0.001000 3091
170 0.001000 3091
171 0.001000 3091
172 0.001000 3091
173 0.001000 3091
174 0.001000 3091
175 0.001000 3091
176 0.001000 3091
177 0.001000 3091
178 0.001000 3091
179 0.001000 3091
180 0.001000 3091
181 0.001000 3091
182 0.001000 3091
183 0.001000 3091
184 0.001000 3091
185 0.001000 3091
186 0.001000 3091
187 0.001000 3091
188 0.001000 3091
189 0.001000 3091
190 0.001000 3091
191 0.001000 3091
192 0.001000 3091
193 0.001000 3091
194 0.001000 3091
195 0.001000 3091
196 0.001000 3091
197 0.001000 3091
198 0.001000 3091
199 0.001000 3091
200 0.001000 3091
201 0.001000 3091
202 0.001000 3091
203 0.001000 3091
204 0.001000 3091
205 0.001000 3091
206 0.001000 3091
207 0.001000 3091
208 0.001000 3091
209 0.001000 3091
210 0.001000 3091
211 0.001000 3091
212 0.001000 3091
213 0.001000 3091
214 0.001000 3091
215 0.001000 3018
216 0.001000 3018
217 0.001000 3018
218 0.001000 3018
219 0.001000 3018
220 0.001000 3018
221 0.001000 3018
222 0.001000 3018
223 0.001000 3018
224 0.001000 3018
225 0.001000 3018
226 0.001000 3018
227 0.001000 3018
228 0.001000 3018
229 0.001000 3018
230 0.001000 3018
231 0.001000 3018
232 0.001000 3018
233 0.001000 3018
234 0.001000 3018
235 0.001000 3018
236 0.001000 3018
237 0.001000 3018
238 0.001000 3018
239 0.001000 3018
240 0.001000 3018
241 0.001000 3018
242 0.001000 3018
243 0.001000 3018
244 0.001000 3018
245 0.001000 3018
246 0.001000 3018
247 0.001000 3018
248 0.001000 3018
249 0.001000 3018
250 0.001000 3018
251 0.001000 3018
252 0.001000 3018
253 0.001000 3018
254 0.001000 3018
255 0.001000 3018
256 0.001000 3018
257 0.001000 3018
258 0.001000 3018
259 0.001000 3018
260 0.001000 3018
261 0.001000 3018
262 0.001000 3018
263 0.001000 3018
264 0.001000 3018
265 0.001000 3018
266 0.001000 3018
267 0.001000 3018
268 0.001000 3018
269 0.001000 3018
270 0.001000 3018
271 0.001000 3018
272 0.001000 3018
273 0.001000 3018
274 0.001000 3018
275 0.001000 3018
276 0.001000 3018
277 0.001000 3018
278 0.001000 3018
279 0.001000 3018
280 0.001000 3018
281 0.001000 3018
282 0.001000 3018
283 0.001000 3018
284 0.001000 3018
285 0.001000 3018
286 0.001000 3018
287 0.001000 3018
288 0.001000 3018
289 0.001000 3018
290 0.001000 3018
291 0.001000 3018
292 0.001000 3018
293 0.001000 3018
294 0.001000 3018
295 0.001000 3018
296 0.001000 3018
297 0.001000 3018
298 0.001000 3018
299 0.001000 3018
300 0.001000 3018
301 0.001000 3018
302 0.001000 3018
303 0.001000 3018
304 0.001000 3018
305 0.001000 3018
306 0.001000 3018
307 0.001000 3018
308 0.001000 3018
309 0.001000 3018
310 0.001000 3018
311 0.001000 3018
312 0.001000 3018
313 0.001000 3018
314 0.001000 3018
315 0.001000 3018
316 0.001000 3018
317 0.001000 3018
318 0.001000 3018
319 0.001000 3018
320 0.001000 3018
321 0.001000 3018
322 0.001000 3018
323 0.001000 3018
324 0.001000 3018
325 0.001000 3018
326 0.001000 3018
327 0.001000 3018
328 0.001000 3018
329 0.001000 3018
330 0.001000 3018
331 0.001000 3018
332 0.001000 3018
333 0.001000 3018
334 0.001000 3018
335 0.001000 3018
336 0.001000 3018
337 0.001000 3018
338 0.001000 3018
339 0.001000 3018
340 0.001000 3018
341 0.001000 3018
342 0.001000 3018
343 0.001000 3018
344 0.001000 3018
345 0.001000 3018
346 0.001000 3018
347 0.001000 3018
348 0.001000 3018
349 0.001000 3018
350 0.001000 3018
351 0.001000 3018
352 0.001000 3018
353 0.001000 3018
354 0.001000 3018
355 0.001000 3018
356 0.001000 3018
357 0.001000 3018
358 0.001000 3018
359 0.001000 3018
360 0.001000 3018
361 0.001000 3018
362 0.001000 3018
363 0.001000 3018
364 0.001000 3018
365 0.001000 3018
366 0.001000 3018
367 0.001000 3018
368 0.001000 3018
369 0.001000 3018
370 0.001000 3018
371 0.001000 3018
372 0.001000 3018
373 0.001000 3018
374 0.001000 3018
375 0.001000 3018
376 0.001000 3018
377 0.001000 3018
378 0.001000 3018
379 0.001000 3018
380 0.001000 3018
381 0.001000 3018
382 0.001000 3018
383 0.001000 3018
384 0.001000 3018
385 0.001000 3018
386 0.001000 3018
387 0.001000 3018
388 0.001000 3018
389 0.001000 3018
390 0.001000 3018
391 0.001000 3018
392 0.001000 3018
393 0.001000 3018
394 0.001000 3018
395 0.001000 3018
396 0.001000 3018
397 0.001000 3018
398 0.001000 3018
399 0.001000 3018
400 0.001000 3018
401 0.001000 3018
402 0.001000 3018
403 0.001000 3018
404 0.001000 3018
405 0.001000 3018
406 0.001000 3018
407 0.001000 3018
408 0.001000 3018
409 0.001000 3018
410 0.001000 3018
411 0.001000 3018
412 0.001000 3018
413 0.001000 3018
414 0.001000 3018
415 0.001000 3018
416 0.001000 3018
417 0.001000 3018
418 0.001000 3018
419 0.001000 3018
420 0.001000 3018
421 0.001000 3018
422 0.001000 3018
423 0.001000 3018
424 0.001000 3018
425 0.001000 3018
426 0.001000 3018
427 0.001000 3018
428 0.001000 3018
429 0.001000 3018
430 0.001000 3018
431 0.001000 3018
432 0.001000 3018
433 0.001000 3018
434 0.001000 3018
435 0.001000 3018
436 0.001000 3018
437 0.001000 3018
438 0.001000 3018
439 0.001000 3018
440 0.001000 3018
441 0.001000 3018
442 0.001000 3018
443 0.001000 3018
444 0.001000 3018
445 0.001000 3018
446 0.001000 3018
447 0.001000 3018
448 0.001000 3018
449 0.001000 3018
450 0.001000 3018
451 0.001000 3018
452 0.001000 3018
453 0.001000 3018
454 0.001000 3018
455 0.001000 3018
456 0.001000 3018
457 0.001000 3018
458 0.001000 3018
459 0.001000 3018
460 0.001000 3018
461 0.001000 3018
462 0.001000 3018
463 0.001000 3018
464 0.001000 3018
465 0.001000 3018
466 0.001000 3018
467 0.001000 3018
468 0.001000 3018
469 0.001000 3018
470 0.001000 3018
471 0.001000 3018
472 0.001000 3018
473 0.001000 3018
474 0.001000 3018
475 0.001000 3018
476 0.001000 3018
477 0.001000 3018
478 0.001000 3018
479 0.001000 3018
480 0.001000 3018
481 0.001000 3018
482 0.001000 3018
483 0.001000 3018
484 0.001000 3018
485 0.001000 3018
486 0.001000 3018
487 0.001000 3018
488 0.001000 3018
489 0.001000 3018
490 0.001000 3018
491 0.001000 3018
492 0.001000 3018
493 0.001000 3018
494 0.001000 3018
495 0.001000 3018
496 0.001000 3018
497 0.001000 3018
498 0.001000 3018
499 0.001000 3018
500 0.001000 3018
501 0.001000 3018
502 0.001000 3018
503 0.001000 3018
504 0.001000 3018
505 0.001000 3018
506 0.001000 3018
507 0.001000 3018
508 0.001000 3018
509 0.001000 3018
510 0.001000 3018
511 0.001000 3018
512 0.001000 3018
513 0.001000 3018
514 0.001000 3018
515 0.001000 3018
516 0.001000 3018
517 0.001000 3018
518 0.001000 3018
519 0.001000 3018
520 0.001000 3018
521 0.001000 3018
522 0.001000 3018
523 0.001000 3018
524 0.001000 3018
525 0.001000 3018
526 0.001000 3018
527 0.001000 3018
528 0.001000 3018
529 0.001000 3018
530 0.001000 3018
531 0.001000 3018
532 0.001000 3018
533 0.001000 3018
534 0.001000 3018
535 0.001000 3018
536 0.001000 3018
537 0.001000 3018
538 0.001000 3018
539 0.001000 3018
540 0.001000 3018
541 0.001000 3018
542 0.001000 3018
543 0.001000 3018
544 0.001000 3018
545 0.001000 3018
546 0.001000 3018
547 0.001000 3018
548 0.001000 3018
549 0.001000 3018
550 0.001000 3018
551 0.001000 3018
552 0.001000 3018
553 0.001000 3018
554 0.001000 3018
555 0.001000 3018
556 0.001000 3018
557 0.001000 3018
558 0.001000 3018
559 0.001000 3018
560 0.001000 3018
561 0.001000 3018
562 0.001000 3018
563 0.001000 3018
564 0.001000 3018
565 0.001000 3018
566 0.001000 3018
567 0.001000 3018
568 0.001000 3018
569 0.001000 3018
570 0.001000 3018
571 0.001000 3018
572 0.001000 3018
573 0.001000 3018
574 0.001000 2993
575 0.001000 2993
576 0.001000 2993
577 0.001000 2993
578 0.001000 2993
579 0.001000 2993
580 0.001000 2993
581 0.001000 2993
582 0.001000 2993
583 0.001000 2993
584 0.001000 2993
585 0.001000 2993
586 0.001000 2993
587 0.001000 2993
588 0.001000 2993
589 0.001000 2993
590 0.001000 2993
591 0.001000 2993
592 0.001000 2993
593 0.001000 2993
594 0.001000 2993
595 0.001000 2993
596 0.001000 2993
597 0.001000 2993
598 0.001000 2993
599 0.001000 2993
600 0.001000 2993
601 0.001000 2993
602 0.001000 2993
603 0.001000 2993
604 0.001000 2993
605 0.001000 2993
606 0.001000 2993
607 0.001000 2993
608 0.001000 2993
609 0.001000 2993
610 0.001000 2993
611 0.001000 2993
612 0.001000 2993
613 0.001000 2993
614 0.001000 2993
615 0.001000 2993
616 0.001000 2993
617 0.001000 2993
618 0.001000 2993
619 0.001000 2993
620 0.001000 2993
621 0.001000 2993
622 0.001000 2993
623 0.001000 2993
624 0.001000 2993
625 0.001000 2993
626 0.001000 2993
627 0.001000 2993
628 0.001000 2993
629 0.001000 2993
630 0.001000 2993
631 0.001000 2993
632 0.001000 2993
633 0.001000 2993
634 0.001000 2993
635 0.001000 2993
636 0.001000 2993
637 0.001000 2993
638 0.001000 2993
639 0.001000 2993
640 0.001000 2993
641 0.001000 2993
642 0.001000 2993
643 0.001000 2993
644 0.001000 2993
645 0.001000 2993
646 0.001000 2993
647 0.001000 2993
648 0.001000 2993
649 0.001000 2993
650 0.001000 2993
651 0.001000 2993
652 0.001000 2993
653 0.001000 2993
654 0.001000 2993
655 0.001000 2993
656 0.001000 2993
657 0.001000 2993
658 0.001000 2993
659 0.001000 2993
660 0.001000 2993
661 0.001000 2993
662 0.001000 2993
663 0.001000 2993
664 0.001000 2993
665 0.001000 2993
666 0.001000 2993
667 0.001000 2993
668 0.001000 2993
669 0.001000 2993
670 0.001000 2993
671 0.001000 2993
672 0.001000 2993
673 0.001000 2993
674 0.001000 2993
675 0.001000 2993
676 0.001000 2993
677 0.001000 2993
678 0.001000 2993
679 0.001000 2993
680 0.001000 2993
681 0.001000 2993
682 0.001000 2993
683 0.001000 2993
684 0.001000 2993
685 0.001000 2993
686 0.001000 2993
687 0.001000 2993
688 0.001000 2993
689 0.001000 2993
690 0.001000 2993
691 0.001000 2993
692 0.001000 2993
693 0.001000 2993
694 0.001000 2993
695 0.001000 2993
696 0.001000 2993
697 0.001000 2993
698 0.001000 2993
699 0.001000 2993
700 0.001000 2993
701 0.001000 2993
702 0.001000 2993
703 0.001000 2993
704 0.001000 2993
705 0.001000 2993
706 0.001000 2993
707 0.001000 2993
708 0.001000 2993
709 0.001000 2993
710 0.001000 2993
711 0.001000 2993
712 0.001000 2993
713 0.001000 2993
714 0.001000 2993
715 0.001000 2993
716 0.001000 2993
717 0.001000 2993
718 0.001000 2993
719 0.001000 2993
720 0.001000 2993
721 0.001000 2993
722 0.001000 2993
723 0.001000 2993
724 0.001000 2993
725 0.001000 2993
726 0.001000 2993
727 0.001000 2993
728 0.001000 2993
729 0.001000 2993
730 0.001000 2993
731 0.001000 2993
732 0.001000 2993
733 0.001000 2993
734 0.001000 2993
735 0.001000 2993
736 0.001000 2993
737 0.001000 2993
738 0.001000 2993
739 0.001000 2993
740 0.001000 2993
741 0.001000 2993
742 0.001000 2993
743 0.001000 2993
744 0.001000 2993
745 0.001000 2993
746 0.001000 2993
747 0.001000 2993
748 0.001000 2993
749 0.001000 2993
750 0.001000 2993
751 0.001000 2993
752 0.001000 2993
753 0.001000 2993
754 0.001000 2993
755 0.001000 2993
756 0.001000 2993
757 0.001000 2993
758 0.001000 2993
759 0.001000 2993
760 0.001000 2993
761 0.001000 2993
762 0.001000 2993
763 0.001000 2993
764 0.001000 2993
765 0.001000 2993
766 0.001000 2993
767 0.001000 2993
768 0.001000 2993
769 0.001000 2993
770 0.001000 2993
771 0.001000 2993
772 0.001000 2993
773 0.001000 2993
774 0.001000 2993
775 0.001000 2993
776 0.001000 2993
777 0.001000 2993
778 0.001000 2993
779 0.001000 2993
780 0.001000 2993
781 0.001000 2993
782 0.001000 2993
783 0.001000 2993
784 0.001000 2993
785 0.001000 2993
786 0.001000 2993
787 0.001000 2993
788 0.001000 2993
789 0.001000 2993
790 0.001000 2993
791 0.001000 2993
792 0.001000 2993
793 0.001000 2993
794 0.001000 2993
795 0.001000 2993
796 0.001000 2993
797 0.001000 2993
798 0.001000 2993
799 0.001000 2993
800 0.001000 2993
801 0.001000 2993
802 0.001000 2993
803 0.001000 2993
804 0.001000 2993
805 0.001000 2993
806 0.001000 2993
807 0.001000 2993
808 0.001000 2993
809 0.001000 2993
810 0.001000 2993
811 0.001000 2993
812 0.001000 2993
813 0.001000 2993
814 0.001000 2993
815 0.001000 2993
816 0.001000 2993
817 0.001000 2993
818 0.001000 2993
819 0.001000 2993
820 0.001000 2993
821 0.001000 2993
822 0.001000 2993
823 0.001000 2993
824 0.001000 2993
825 0.001000 2993
826 0.001000 2993
827 0.001000 2993
828 0.001000 2993
829 0.001000 2993
830 0.001000 2993
831 0.001000 2993
832 0.001000 2993
833 0.001000 2993
834 0.001000 2993
835 0.001000 2993
836 0.001000 2993
837 0.001000 2993
838 0.001000 2993
839 0.001000 2993
840 0.001000 2993
841 0.001000 2993
842 0.001000 2993
843 0.001000 2993
844 0.001000 2993
845 0.001000 2993
846 0.001000 2993
847 0.001000 2993
848 0.001000 2993
849 0.001000 2993
850 0.001000 2993
851 0.001000 2993
852 0.001000 2993
853 0.001000 2993
854 0.001000 2993
855 0.001000 2993
856 0.001000 2993
857 0.001000 2993
858 0.001000 2993
859 0.001000 2993
860 0.001000 2993
861 0.001000 2993
862 0.001000 2993
863 0.001000 2993
864 0.001000 2993
865 0.001000 2993
866 0.001000 2993
867 0.001000 2993
868 0.001000 2993
869 0.001000 2993
870 0.001000 2993
871 0.001000 2993
872 0.001000 2993
873 0.001000 2993
874 0.001000 2993
875 0.001000 2993
876 0.001000 2993
877 0.001000 2993
878 0.001000 2993
879 0.001000 2993
880 0.001000 2993
881 0.001000 2993
882 0.001000 2993
883 0.001000 2993
884 0.001000 2993
885 0.001000 2993
886 0.001000 2993
887 0.001000 2993
888 0.001000 2993
889 0.001000 2993
890 0.001000 2993
891 0.001000 2993
892 0.001000 2993
893 0.001000 2993
894 0.001000 2993
895 0.001000 2993
896 0.001000 2993
897 0.001000 2993
898 0.001000 2993
899 0.001000 2993
900 0.001000 2993
901 0.001000 2993
902 0.001000 2993
903 0.001000 2993
904 0.001000 2993
905 0.001000 2993
906 0.001000 2993
907 0.001000 2993
908 0.001000 2993
909 0.001000 2993
910 0.001000 2993
911 0.001000 2993
912 0.001000 2993
913 0.001000 2993
914 0.001000 2993
915 0.001000 2993
916 0.001000 2993
917 0.001000 2993
918 0.001000 2993
919 0.001000 2993
920 0.001000 2993
921 0.001000 2993
922 0.001000 2993
923 0.001000 2993
924 0.001000 2993
925 0.001000 2993
926 0.001000 2993
927 0.001000 2993
928 0.001000 2993
929 0.001000 2993
930 0.001000 2993
931 0.001000 2993
932 0.001000 2993
933 0.001000 2993
934 0.001000 2993
935 0.001000 2993
936 0.001000 2993
937 0.001000 2993
938 0.001000 2993
939 0.001000 2993
940 0.001000 2993
941 0.001000 2993
942 0.001000 2993
943 0.001000 2993
944 0.001000 2993
945 0.001000 2993
946 0.001000 2993
947 0.001000 2993
948 0.001000 2993
949 0.001000 2993
950 0.001000 2993
951 0.001000 2993
952 0.001000 2993
953 0.001000 2993
954 0.001000 2993
955 0.001000 2993
956 0.001000 2993
957 0.001000 2993
958 0.001000 2993
959 0.001000 2993
960 0.001000 2993
961 0.001000 2993
962 0.001000 2993
963 0.001000 2993
964 0.001000 2993
965 0.001000 2993
966 0.001000 2993
967 0.001000 2993
968 0.001000 2993
969 0.001000 2993
970 0.001000 2993
971 0.001000 2993
972 0.001000 2993
973 0.001000 2993
974 0.001000 2993
975 0.001000 2993
976 0.001000 2993
977 0.001000 2993
978 0.001000 2993
979 0.001000 2993
980 0.001000 2993
981 0.001000 2993
982 0.001000 2993
983 0.001000 2993
984 0.001000 2993
985 0.001000 2993
986 0.001000 2993
987 0.001000 2993
988 0.001000 2993
989 0.001000 2993
990 0.001000 2993
991 0.001000 2993
992 0.001000 2993
993 0.001000 2993
994 0.001000 2993
995 0.001000 2993
996 0.001000 2993
997 0.001000 2993
998 0.001000 2993
999 0.001000 2993
1000 0.001000 2993
1001 0.001000 2993
1002 0.001000 2993
1003 0.001000 2993
1004 0.001000 2993
1005 0.001000 2993
1006 0.001000 2993
1007 0.001000 2993
1008 0.001000 2993
1009 0.001000 2993
1010 0.001000 2993
1011 0.001000 2993
1012 0.001000 2993
1013 0.001000 2993
1014 0.001000 2993
1015 0.001000 2993
1016 0.001000 2993
1017 0.001000 2993
1018 0.001000 2993
1019 0.001000 2993
1020 0.001000 2993
1021 0.001000 2993
1022 0.001000 2993
1023 0.001000 2993
1024 0.001000 2962
1025 0.001000 2962
1026 0.001000 2962
1027 0.001000 2962
1028 0.001000 2962
1029 0.001000 2962
1030 0.001000 2962
1031 0.001000 2962
1032 0.001000 2962
1033 0.001000 2962
1034 0.001000 2962
1035 0.001000 2962
1036 0.001000 2962
1037 0.001000 2962
1038 0.001000 2962
1039 0.001000 2962
1040 0.001000 2962
1041 0.001000 2962
1042 0.001000 2962
1043 0.001000 2962
1044 0.001000 2962
1045 0.001000 2962
1046 0.001000 2962
1047 0.001000 2962
1048 0.001000 2962
1049 0.001000 2962
1050 0.001000 2962
1051 0.001000 2962
1052 0.001000 2962
1053 0.001000 2962
1054 0.001000 2962
1055 0.001000 2962
1056 0.001000 2962
1057 0.001000 2962
1058 0.001000 2962
1059 0.001000 2962
1060 0.001000 2962
1061 0.001000 2962
1062 0.001000 2962
1063 0.001000 2962
1064 0.001000 2962
1065 0.001000 2962
1066 0.001000 2962
1067 0.001000 2962
1068 0.001000 2962
1069 0.001000 2962
1070 0.001000 2962
1071 0.001000 2962
1072 0.001000 2962
1073 0.001000 2962
1074 0.001000 2962
1075 0.001000 2962
1076 0.001000 2962
1077 0.001000 2962
1078 0.001000 2962
1079 0.001000 2962
1080 0.001000 2962
1081 0.001000 2962
1082 0.001000 2962
1083 0.001000 2962
1084 0.001000 2962
1085 0.001000 2962
1086 0.001000 2962
1087 0.001000 2962
1088 0.001000 2962
1089 0.001000 2962
1090 0.001000 2962
1091 0.001000 2962
1092 0.001000 2962
1093 0.001000 2962
1094 0.001000 2962
1095 0.001000 2962
1096 0.001000 2962
1097 0.001000 2962
1098 0.001000 2962
1099 0.001000 2962
1100 0.001000 2962
1101 0.001000 2962
1102 0.001000 2962
1103 0.001000 2962
1104 0.001000 2962
1105 0.001000 2962
1106 0.001000 2962
1107 0.001000 2962
1108 0.001000 2962
1109 0.001000 2962
1110 0.001000 2962
1111 0.001000 2962
1112 0.001000 2962
1113 0.001000 2962
1114 0.001000 2962
1115 0.001000 2962
1116 0.001000 2962
1117 0.001000 2962
1118 0.001000 2962
1119 0.001000 2962
1120 0.001000 2962
1121 0.001000 2962
1122 0.001000 2962
1123 0.001000 2962
1124 0.001000 2962
1125 0.001000 2962
1126 0.001000 2962
1127 0.001000 2962
1128 0.001000 2962
1129 0.001000 2962
1130 0.001000 2962
1131 0.001000 2962
1132 0.001000 2962
1133 0.001000 2962
1134 0.001000 2962
1135 0.001000 2962
1136 0.001000 2962
1137 0.001000 2962
1138 0.001000 2962
1139 0.001000 2962
1140 0.001000 2962
1141 0.001000 2962
1142 0.001000 2962
1143 0.001000 2962
1144 0.001000 2962
1145 0.001000 2962
1146 0.001000 2962
1147 0.001000 2962
1148 0.001000 2962
1149 0.001000 2962
1150 0.001000 2962
1151 0.001000 2962
1152 0.001000 2962
1153 0.001000 2962
1154 0.001000 2962
1155 0.001000 2962
1156 0.002000 2962
1157 0.002000 2962
1158 0.002000 2962
1159 0.002000 2962
1160 0.002000 2962
1161 0.002000 2962
1162 0.002000 2962
1163 0.002000 2962
1164 0.002000 2962
1165 0.002000 2962
1166 0.002000 2962
1167 0.002000 2962
1168 0.002000 2962
1169 0.002000 2962
1170 0.002000 2962
1171 0.002000 2962
1172 0.002000 2962
1173 0.002000 2962
1174 0.002000 2962
1175 0.002000 2962
1176 0.002000 2962
1177 0.002000 2962
1178 0.002000 2962
1179 0.002000 2962
1180 0.002000 2962
1181 0.002000 2962
1182 0.002000 2962
1183 0.002000 2962
1184 0.002000 2962
1185 0.002000 2962
1186 0.002000 2962
1187 0.002000 2962
1188 0.002000 2962
1189 0.002000 2962
1190 0.002000 2962
1191 0.002000 2962
1192 0.002000 2962
1193 0.002000 2962
1194 0.002000 2962
1195 0.002000 2962
1196 0.002000 2962
1197 0.002000 2962
1198 0.002000 2962
1199 0.002000 2962
1200 0.002000 2962
1201 0.002000 2962
1202 0.002000 2962
1203 0.002000 2962
1204 0.002000 2962
1205 0.002000 2962
1206 0.002000 2962
1207 0.002000 2962
1208 0.002000 2962
1209 0.002000 2962
1210 0.002000 2962
1211 0.002000 2962
1212 0.002000 2962
1213 0.002000 2962
1214 0.002000 2962
1215 0.002000 2962
1216 0.002000 2962
1217 0.002000 2962
1218 0.002000 2962
1219 0.002000 2962
1220 0.002000 2962
1221 0.002000 2962
1222 0.002000 2962
1223 0.002000 2962
1224 0.002000 2962
1225 0.002000 2962
1226 0.002000 2962
1227 0.002000 2962
1228 0.002000 2962
1229 0.002000 2962
1230 0.002000 2962
1231 0.002000 2962
1232 0.002000 2962
1233 0.002000 2962
1234 0.002000 2962
1235 0.002000 2962
1236 0.002000 2962
1237 0.002000 2962
1238 0.002000 2962
1239 0.002000 2962
1240 0.002000 2962
1241 0.002000 2962
1242 0.002000 2962
1243 0.002000 2962
1244 0.002000 2962
1245 0.002000 2962
1246 0.002000 2962
1247 0.002000 2962
1248 0.002000 2962
1249 0.002000 2962
1250 0.002000 2962
1251 0.002000 2962
1252 0.002000 2962
1253 0.002000 2962
1254 0.002000 2962
1255 0.002000 2962
1256 0.002000 2962
1257 0.002000 2962
1258 0.002000 2962
1259 0.002000 2962
1260 0.002000 2962
1261 0.002000 2962
1262 0.002000 2962
1263 0.002000 2962
1264 0.002000 2962
1265 0.002000 2962
1266 0.002000 2962
1267 0.002000 2962
1268 0.002000 2962
1269 0.002000 2962
1270 0.002000 2962
1271 0.002000 2962
1272 0.002000 2962
1273 0.002000 2962
1274 0.002000 2962
1275 0.002000 2962
1276 0.002000 2962
1277 0.002000 2962
1278 0.002000 2962
1279 0.002000 2962
1280 0.002000 2962
1281 0.002000 2962
1282 0.002000 2962
1283 0.002000 2962
1284 0.002000 2962
1285 0.002000 2962
1286 0.002000 2962
1287 0.002000 2962
1288 0.002000 2962
1289 0.002000 2962
1290 0.002000 2962
1291 0.002000 2962
1292 0.002000 2962
1293 0.002000 2962
1294 0.002000 2962
1295 0.002000 2962
1296 0.002000 2962
1297 0.002000 2962
1298 0.002000 2962
1299 0.002000 2962
1300 0.002000 2962
1301 0.002000 2962
1302 0.002000 2962
1303 0.002000 2962
1304 0.002000 2962
1305 0.002000 2962
1306 0.002000 2962
1307 0.002000 2962
1308 0.002000 2962
1309 0.002000 2962
1310 0.002000 2962
1311 0.002000 2962
1312 0.002000 2962
1313 0.002000 2962
1314 0.002000 2962
1315 0.002000 2962
1316 0.002000 2962
1317 0.002000 2962
1318 0.002000 2962
1319 0.002000 2962
1320 0.002000 2962
1321 0.002000 2962
1322 0.002000 2962
1323 0.002000 2962
1324 0.002000 2962
1325 0.002000 2962
1326 0.002000 2962
1327 0.002000 2962
1328 0.002000 2962
1329 0.002000 2962
1330 0.002000 2962
1331 0.002000 2962
1332 0.002000 2962
1333 0.002000 2962
1334 0.002000 2962
1335 0.002000 2962
1336 0.002000 2962
1337 0.002000 2962
1338 0.002000 2962
1339 0.002000 2962
1340 0.002000 2962
1341 0.002000 2962
1342 0.002000 2962
1343 0.002000 2962
1344 0.002000 2962
1345 0.002000 2962
1346 0.002000 2962
1347 0.002000 2962
1348 0.002000 2962
1349 0.002000 2962
1350 0.002000 2962
1351 0.002000 2962
1352 0.002000 2962
1353 0.002000 2962
1354 0.002000 2962
1355 0.002000 2962
1356 0.002000 2962
1357 0.002000 2962
1358 0.002000 2962
1359 0.002000 2962
1360 0.002000 2962
1361 0.002000 2962
1362 0.002000 2962
1363 0.002000 2962
1364 0.002000 2962
1365 0.002000 2962
1366 0.002000 2962
1367 0.002000 2962
1368 0.002000 2962
1369 0.002000 2962
1370 0.002000 2962
1371 0.002000 2962
1372 0.002000 2962
1373 0.002000 2962
1374 0.002000 2962
1375 0.002000 2962
1376 0.002000 2962
1377 0.002000 2962
1378 0.002000 2962
1379 0.002000 2962
1380 0.002000 2962
1381 0.002000 2962
1382 0.002000 2962
1383 0.002000 2962
1384 0.002000 2962
1385 0.002000 2962
1386 0.002000 2962
1387 0.002000 2962
1388 0.002000 2962
1389 0.002000 2962
1390 0.002000 2962
1391 0.002000 2962
1392 0.002000 2962
1393 0.002000 2962
1394 0.002000 2962
1395 0.002000 2962
1396 0.002000 2962
1397 0.002000 2962
1398 0.002000 2962
1399 0.002000 2962
1400 0.002000 2962
1401 0.002000 2962
1402 0.002000 2962
1403 0.002000 2962
1404 0.002000 2962
1405 0.002000 2962
1406 0.002000 2962
1407 0.002000 2962
1408 0.002000 2962
1409 0.002000 2962
1410 0.002000 2962
1411 0.002000 2962
1412 0.002000 2962
1413 0.002000 2962
1414 0.002000 2962
1415 0.002000 2962
1416 0.002000 2962
1417 0.002000 2962
1418 0.002000 2962
1419 0.002000 2962
1420 0.002000 2962
1421 0.002000 2962
1422 0.002000 2962
1423 0.002000 2962
1424 0.002000 2962
1425 0.002000 2962
1426 0.002000 2962
1427 0.002000 2962
1428 0.002000 2962
1429 0.002000 2962
1430 0.002000 2962
1431 0.002000 2962
1432 0.002000 2962
1433 0.002000 2962
1434 0.002000 2962
1435 0.002000 2962
1436 0.002000 2962
1437 0.002000 2962
1438 0.002000 2962
1439 0.002000 2962
1440 0.002000 2962
1441 0.002000 2962
1442 0.002000 2962
1443 0.002000 2962
1444 0.002000 2962
1445 0.002000 2962
1446 0.002000 2962
1447 0.002000 2962
1448 0.002000 2962
1449 0.002000 2962
1450 0.002000 2962
1451 0.002000 2962
1452 0.002000 2962
1453 0.002000 2962
1454 0.002000 2962
1455 0.002000 2962
1456 0.002000 2962
1457 0.002000 2962
1458 0.002000 2962
1459 0.002000 2962
1460 0.002000 2962
1461 0.002000 2962
1462 0.002000 2962
1463 0.002000 2962
1464 0.002000 2962
1465 0.002000 2962
1466 0.002000 2962
1467 0.002000 2962
1468 0.002000 2962
1469 0.002000 2962
1470 0.002000 2962
1471 0.002000 2962
1472 0.002000 2962
1473 0.002000 2962
1474 0.002000 2962
1475 0.002000 2962
1476 0.002000 2962
1477 0.002000 2962
1478 0.002000 2962
1479 0.002000 2962
1480 0.002000 2962
1481 0.002000 2962
1482 0.002000 2962
1483 0.002000 2962
1484 0.002000 2962
1485 0.002000 2962
1486 0.002000 2962
1487 0.002000 2962
1488 0.002000 2962
1489 0.002000 2962
1490 0.002000 2962
1491 0.002000 2962
1492 0.002000 2962
1493 0.002000 2962
1494 0.002000 2962
1495 0.002000 2962
1496 0.002000 2962
1497 0.002000 2962
1498 0.002000 2962
1499 0.002000 2962
1500 0.002000 2962
1501 0.002000 2962
1502 0.002000 2962
1503 0.002000 2962
1504 0.002000 2962
1505 0.002000 2962
1506 0.002000 2962
1507 0.002000 2962
1508 0.002000 2962
1509 0.002000 2962
1510 0.002000 2962
1511 0.002000 2962
1512 0.002000 2962
1513 0.002000 2962
1514 0.002000 2962
1515 0.002000 2962
1516 0.002000 2962
1517 0.002000 2962
1518 0.002000 2962
1519 0.002000 2962
1520 0.002000 2962
1521 0.002000 2962
1522 0.002000 2962
1523 0.002000 2962
1524 0.002000 2962
1525 0.002000 2962
1526 0.002000 2962
1527 0.002000 2962
1528 0.002000 2962
1529 0.002000 2962
1530 0.002000 2962
1531 0.002000 2962
1532 0.002000 2962
1533 0.002000 2962
1534 0.002000 2962
1535 0.002000 2962
1536 0.002000 2962
1537 0.002000 2962
1538 0.002000 2962
1539 0.002000 2962
1540 0.002000 2962
1541 0.002000 2962
1542 0.002000 2962
1543 0.002000 2962
1544 0.002000 2962
1545 0.002000 2962
1546 0.002000 2962
1547 0.002000 2962
1548 0.002000 2962
1549 0.002000 2962
1550 0.002000 2962
1551 0.002000 2962
1552 0.002000 2962
1553 0.002000 2962
1554 0.002000 2962
1555 0.002000 2962
1556 0.002000 2962
1557 0.002000 2962
1558 0.002000 2962
1559 0.002000 2962
1560 0.002000 2962
1561 0.002000 2962
1562 0.002000 2962
1563 0.002000 2962
1564 0.002000 2962
1565 0.002000 2962
1566 0.002000 2962
1567 0.002000 2962
1568 0.002000 2962
1569 0.002000 2962
1570 0.002000 2962
1571 0.002000 2962
1572 0.002000 2962
1573 0.002000 2962
1574 0.002000 2962
1575 0.002000 2962
1576 0.002000 2962
1577 0.002000 2962
1578 0.002000 2962
1579 0.002000 2962
1580 0.002000 2962
1581 0.002000 2962
1582 0.002000 2962
1583 0.002000 2962
1584 0.002000 2962
1585 0.002000 2962
1586 0.002000 2962
1587 0.002000 2962
1588 0.002000 2962
1589 0.002000 2962
1590 0.002000 2962
1591 0.002000 2962
1592 0.002000 2962
1593 0.002000 2962
1594 0.002000 2962
1595 0.002000 2962
1596 0.002000 2962
1597 0.002000 2962
1598 0.002000 2962
1599 0.002000 2962
1600 0.002000 2962
1601 0.002000 2962
1602 0.002000 2962
1603 0.002000 2962
1604 0.002000 2962
1605 0.002000 2962
1606 0.002000 2962
1607 0.002000 2962
1608 0.002000 2962
1609 0.002000 2962
1610 0.002000 2962
1611 0.002000 2962
1612 0.002000 2962
1613 0.002000 2962
1614 0.002000 2962
1615 0.002000 2962
1616 0.002000 2962
1617 0.002000 2962
1618 0.002000 2962
1619 0.002000 2962
1620 0.002000 2962
1621 0.002000 2962
1622 0.002000 2962
1623 0.002000 2962
1624 0.002000 2962
1625 0.002000 2962
1626 0.002000 2962
1627 0.002000 2962
1628 0.002000 2962
1629 0.002000 2962
1630 0.002000 2962
1631 0.002000 2962
1632 0.002000 2962
1633 0.002000 2962
1634 0.002000 2962
1635 0.002000 2962
1636 0.002000 2962
1637 0.002000 2962
1638 0.002000 2962
1639 0.002000 2962
1640 0.002000 2962
1641 0.002000 2962
1642 0.002000 2962
1643 0.002000 2962
1644 0.002000 2962
1645 0.002000 2962
1646 0.002000 2962
1647 0.002000 2962
1648 0.002000 2962
1649 0.002000 2962
1650 0.002000 2962
1651 0.002000 2962
1652 0.002000 2962
1653 0.002000 2962
1654 0.002000 2962
1655 0.002000 2962
1656 0.002000 2962
1657 0.002000 2962
1658 0.002000 2962
1659 0.002000 2962
1660 0.002000 2962
1661 0.002000 2962
1662 0.002000 2962
1663 0.002000 2962
1664 0.002000 2962
1665 0.003000 2962
1666 0.003000 2962
1667 0.003000 2962
1668 0.003000 2962
1669 0.003000 2962
1670 0.003000 2962
1671 0.003000 2962
1672 0.003000 2962
1673 0.003000 2962
1674 0.003000 2962
1675 0.003000 2962
1676 0.004000 2962
1677 0.004000 2962
1678 0.004000 2962
1679 0.004000 2962
1680 0.004000 2962
1681 0.004000 2962
1682 0.004000 2962
1683 0.004000 2962
1684 0.004000 2962
1685 0.004000 2962
1686 0.004000 2962
1687 0.004000 2962
1688 0.004000 2962
1689 0.004000 2962
1690 0.004000 2962
1691 0.004000 2962
1692 0.004000 2962
1693 0.004000 2962
1694 0.004000 2962
1695 0.004000 2962
1696 0.004000 2962
1697 0.004000 2962
1698 0.004000 2962
1699 0.004000 2962
1700 0.004000 2962
1701 0.004000 2962
1702 0.004000 2962
1703 0.004000 2962
1704 0.004000 2962
1705 0.004000 2962
1706 0.004000 2962
1707 0.004000 2962
1708 0.004000 2962
1709 0.004000 2962
1710 0.004000 2962
1711 0.004000 2962
1712 0.004000 2962
1713 0.004000 2962
1714 0.004000 2962
1715 0.004000 2962
1716 0.004000 2962
1717 0.004000 2962
1718 0.004000 2962
1719 0.004000 2962
1720 0.004000 2962
1721 0.004000 2962
1722 0.004000 2962
1723 0.004000 2962
1724 0.004000 2962
1725 0.004000 2962
1726 0.004000 2962
1727 0.004000 2962
1728 0.004000 2962
1729 0.004000 2962
1730 0.004000 2962
1731 0.004000 2962
1732 0.004000 2962
1733 0.004000 2962
1734 0.004000 2962
1735 0.004000 2962
1736 0.004000 2962
1737 0.004000 2962
1738 0.004000 2962
1739 0.004000 2962
1740 0.004000 2962
1741 0.004000 2962
1742 0.004000 2962
1743 0.004000 2962
1744 0.004000 2962
1745 0.004000 2962
1746 0.004000 2962
1747 0.004000 2962
1748 0.004000 2962
1749 0.004000 2962
1750 0.004000 2962
1751 0.004000 2962
1752 0.004000 2962
1753 0.004000 2962
1754 0.004000 2962
1755 0.004000 2962
1756 0.004000 2962
1757 0.004000 2962
1758 0.004000 2962
1759 0.004000 2962
1760 0.004000 2962
1761 0.004000 2962
1762 0.004000 2962
1763 0.004000 2962
1764 0.004000 2962
1765 0.004000 2962
1766 0.004000 2962
1767 0.004000 2962
1768 0.004000 2962
1769 0.004000 2962
1770 0.004000 2962
1771 0.004000 2962
1772 0.004000 2962
1773 0.004000 2962
1774 0.004000 2962
1775 0.004000 2962
1776 0.004000 2962
1777 0.004000 2962
1778 0.004000 2962
1779 0.004000 2962
1780 0.004000 2962
1781 0.004000 2962
1782 0.004000 2962
1783 0.004000 2962
1784 0.004000 2962
1785 0.004000 2962
1786 0.004000 2962
1787 0.004000 2962
1788 0.004000 2962
1789 0.004000 2962
1790 0.004000 2962
1791 0.004000 2962
1792 0.004000 2962
1793 0.004000 2962
1794 0.004000 2962
1795 0.004000 2962
1796 0.004000 2962
1797 0.004000 2962
1798 0.004000 2962
1799 0.004000 2962
1800 0.004000 2962
1801 0.004000 2962
1802 0.004000 2962
1803 0.004000 2962
1804 0.004000 2962
1805 0.004000 2962
1806 0.004000 2962
1807 0.004000 2962
1808 0.004000 2962
1809 0.004000 2962
1810 0.004000 2962
1811 0.004000 2962
1812 0.004000 2962
1813 0.004000 2962
1814 0.004000 2962
1815 0.004000 2962
1816 0.004000 2962
1817 0.004000 2962
1818 0.004000 2962
1819 0.004000 2962
1820 0.004000 2962
1821 0.004000 2962
1822 0.004000 2962
1823 0.004000 2962
1824 0.004000 2962
1825 0.004000 2962
1826 0.004000 2962
1827 0.004000 2962
1828 0.004000 2962
1829 0.004000 2962
1830 0.004000 2962
1831 0.004000 2962
1832 0.004000 2962
1833 0.004000 2962
1834 0.004000 2962
1835 0.004000 2962
1836 0.004000 2962
1837 0.004000 2962
1838 0.004000 2962
1839 0.004000 2962
1840 0.004000 2962
1841 0.004000 2962
1842 0.004000 2962
1843 0.004000 2962
1844 0.004000 2962
1845 0.004000 2962
1846 0.004000 2962
1847 0.004000 2962
1848 0.004000 2962
1849 0.004000 2962
1850 0.004000 2962
1851 0.004000 2962
1852 0.004000 2962
1853 0.004000 2962
1854 0.004000 2962
1855 0.004000 2962
1856 0.004000 2962
1857 0.004000 2962
1858 0.004000 2962
1859 0.004000 2962
1860 0.004000 2962
1861 0.004000 2962
1862 0.004000 2962
1863 0.004000 2962
1864 0.004000 2962
1865 0.004000 2962
1866 0.004000 2962
1867 0.004000 2962
1868 0.004000 2962
1869 0.004000 2962
1870 0.004000 2962
1871 0.004000 2962
1872 0.004000 2962
1873 0.004000 2962
1874 0.004000 2962
1875 0.004000 2962
1876 0.004000 2962
1877 0.004000 2962
1878 0.004000 2962
1879 0.004000 2962
1880 0.004000 2962
1881 0.004000 2962
1882 0.004000 2962
1883 0.004000 2962
1884 0.004000 2962
1885 0.004000 2962
1886 0.004000 2962
1887 0.004000 2962
1888 0.004000 2962
1889 0.004000 2962
1890 0.004000 2962
1891 0.004000 2962
1892 0.004000 2962
1893 0.004000 2962
1894 0.004000 2962
1895 0.004000 2962
1896 0.004000 2962
1897 0.004000 2962
1898 0.004000 2962
1899 0.004000 2962
1900 0.004000 2962
1901 0.004000 2962
1902 0.004000 2962
1903 0.004000 2962
1904 0.004000 2962
1905 0.004000 2962
1906 0.004000 2962
1907 0.004000 2962
1908 0.004000 2962
1909 0.004000 2962
1910 0.004000 2962
1911 0.004000 2962
1912 0.004000 2962
1913 0.004000 2962
1914 0.004000 2962
1915 0.004000 2962
1916 0.004000 2962
1917 0.004000 2962
1918 0.004000 2962
1919 0.004000 2962
1920 0.004000 2962
1921 0.004000 2962
1922 0.004000 2962
1923 0.004000 2962
1924 0.004000 2962
1925 0.004000 2962
1926 0.004000 2962
1927 0.004000 2962
1928 0.004000 2962
1929 0.004000 2962
1930 0.004000 2962
1931 0.004000 2962
1932 0.004000 2962
1933 0.004000 2962
1934 0.004000 2962
1935 0.004000 2962
1936 0.004000 2962
1937 0.004000 2962
1938 0.004000 2962
1939 0.004000 2962
1940 0.004000 2962
1941 0.004000 2962
1942 0.004000 2962
1943 0.004000 2962
1944 0.004000 2962
1945 0.004000 2962
1946 0.004000 2962
1947 0.004000 2962
1948 0.004000 2962
1949 0.004000 2962
1950 0.004000 2962
1951 0.004000 2962
1952 0.004000 2962
1953 0.004000 2962
1954 0.004000 2962
1955 0.004000 2962
1956 0.004000 2962
1957 0.004000 2962
1958 0.004000 2962
1959 0.004000 2962
1960 0.004000 2962
1961 0.004000 2962
1962 0.004000 2962
1963 0.004000 2962
1964 0.004000 2962
1965 0.004000 2962
1966 0.004000 2962
1967 0.004000 2962
1968 0.004000 2962
1969 0.004000 2962
1970 0.004000 2962
1971 0.004000 2962
1972 0.004000 2962
1973 0.004000 2962
1974 0.004000 2962
1975 0.004000 2962
1976 0.004000 2962
1977 0.004000 2962
1978 0.004000 2962
1979 0.004000 2962
1980 0.004000 2962
1981 0.004000 2962
1982 0.004000 2962
1983 0.004000 2962
1984 0.004000 2962
1985 0.004000 2962
1986 0.004000 2962
1987 0.004000 2962
1988 0.004000 2962
1989 0.004000 2962
1990 0.004000 2962
1991 0.004000 2962
1992 0.004000 2962
1993 0.004000 2962
1994 0.004000 2962
1995 0.004000 2962
1996 0.004000 2962
1997 0.004000 2962
1998 0.004000 2962
1999 0.004000 2962
2000 0.004000 2962
2001 0.004000 2962
2002 0.004000 2962
2003 0.004000 2962
2004 0.004000 2962
2005 0.004000 2962
2006 0.004000 2962
2007 0.004000 2962
2008 0.004000 2962
2009 0.004000 2962
2010 0.004000 2962
2011 0.004000 2962
2012 0.004000 2962
2013 0.004000 2962
2014 0.004000 2962
2015 0.004000 2962
2016 0.004000 2962
2017 0.004000 2962
2018 0.004000 2962
2019 0.004000 2962
2020 0.004000 2962
2021 0.004000 2962
2022 0.004000 2962
2023 0.004000 2962
2024 0.004000 2962
2025 0.004000 2962
2026 0.004000 2962
2027 0.004000 2962
2028 0.004000 2962
2029 0.004000 2962
2030 0.004000 2962
2031 0.004000 2962
2032 0.004000 2962
2033 0.004000 2962
2034 0.004000 2962
2035 0.004000 2962
2036 0.004000 2962
2037 0.004000 2962
2038 0.004000 2962
2039 0.004000 2962
2040 0.004000 2962
2041 0.004000 2962
2042 0.004000 2962
2043 0.004000 2962
2044 0.004000 2962
2045 0.004000 2962
2046 0.004000 2962
2047 0.004000 2962
2048 0.004000 2962
2049 0.004000 2962
2050 0.004000 2962
2051 0.004000 2962
2052 0.004000 2962
2053 0.004000 2962
2054 0.004000 2962
2055 0.004000 2962
2056 0.004000 2962
2057 0.004000 2962
2058 0.004000 2962
2059 0.004000 2962
2060 0.004000 2962
2061 0.004000 2962
2062 0.004000 2962
2063 0.004000 2962
2064 0.004000 2962
2065 0.004000 2962
2066 0.004000 2962
2067 0.004000 2962
2068 0.004000 2962
2069 0.004000 2962
2070 0.004000 2962
2071 0.004000 2962
2072 0.004000 2962
2073 0.004000 2962
2074 0.004000 2962
2075 0.004000 2962
2076 0.004000 2962
2077 0.004000 2962
2078 0.004000 2962
2079 0.004000 2962
2080 0.004000 2962
2081 0.004000 2962
2082 0.004000 2962
2083 0.004000 2962
2084 0.004000 2962
2085 0.004000 2962
2086 0.004000 2962
2087 0.004000 2962
2088 0.004000 2962
2089 0.004000 2962
2090 0.004000 2962
2091 0.004000 2962
2092 0.004000 2962
2093 0.004000 2962
2094 0.004000 2962
2095 0.004000 2962
2096 0.004000 2962
2097 0.004000 2962
2098 0.004000 2962
2099 0.004000 2962
2100 0.004000 2962
2101 0.004000 2962
2102 0.004000 2962
2103 0.004000 2962
2104 0.004000 2962
2105 0.004000 2962
2106 0.004000 2962
2107 0.004000 2962
2108 0.004000 2962
2109 0.004000 2962
2110 0.004000 2962
2111 0.004000 2962
2112 0.004000 2962
2113 0.004000 2962
2114 0.004000 2962
2115 0.004000 2962
2116 0.004000 2962
2117 0.004000 2962
2118 0.004000 2962
2119 0.004000 2962
2120 0.004000 2962
2121 0.004000 2962
2122 0.004000 2962
2123 0.004000 2962
2124 0.004000 2962
2125 0.004000 2962
2126 0.004000 2962
2127 0.004000 2962
2128 0.004000 2962
2129 0.004000 2962
2130 0.004000 2962
2131 0.004000 2962
2132 0.004000 2962
2133 0.004000 2962
2134 0.004000 2962
2135 0.004000 2962
2136 0.004000 2962
2137 0.004000 2962
2138 0.004000 2962
2139 0.004000 2962
2140 0.004000 2962
2141 0.004000 2962
2142 0.004000 2962
2143 0.004000 2962
2144 0.004000 2962
2145 0.004000 2962
2146 0.004000 2962
2147 0.004000 2962
2148 0.004000 2962
2149 0.004000 2962
2150 0.004000 2962
2151 0.004000 2962
2152 0.004000 2962
2153 0.004000 2962
2154 0.004000 2962
2155 0.004000 2962
2156 0.004000 2962
2157 0.004000 2962
2158 0.004000 2962
2159 0.004000 2962
2160 0.004000 2962
2161 0.004000 2962
2162 0.004000 2962
2163 0.004000 2962
2164 0.004000 2962
2165 0.004000 2962
2166 0.004000 2962
2167 0.004000 2962
2168 0.004000 2962
2169 0.004000 2962
2170 0.004000 2962
2171 0.004000 2962
2172 0.004000 2962
2173 0.004000 2962
2174 0.004000 2962
2175 0.004000 2962
2176 0.004000 2962
2177 0.004000 2962
2178 0.004000 2962
2179 0.004000 2962
2180 0.004000 2962
2181 0.004000 2962
2182 0.004000 2962
2183 0.004000 2962
2184 0.004000 2962
2185 0.004000 2962
2186 0.004000 2962
2187 0.004000 2962
2188 0.004000 2962
2189 0.004000 2962
2190 0.004000 2962
2191 0.004000 2962
2192 0.004000 2962
2193 0.004000 2962
2194 0.004000 2962
2195 0.004000 2962
2196 0.004000 2962
2197 0.004000 2962
2198 0.004000 2962
2199 0.004000 2962
2200 0.004000 2962
2201 0.004000 2962
2202 0.004000 2962
2203 0.004000 2962
2204 0.004000 2962
2205 0.004000 2962
2206 0.004000 2962
2207 0.004000 2962
2208 0.004000 2962
2209 0.004000 2962
2210 0.004000 2962
2211 0.004000 2962
2212 0.004000 2962
2213 0.004000 2962
2214 0.004000 2962
2215 0.004000 2962
2216 0.004000 2962
2217 0.004000 2962
2218 0.004000 2962
2219 0.004000 2962
2220 0.004000 2962
2221 0.004000 2962
2222 0.004000 2962
2223 0.004000 2962
2224 0.004000 2962
2225 0.004000 2962
2226 0.004000 2962
2227 0.004000 2962
2228 0.004000 2962
2229 0.004000 2962
2230 0.004000 2962
2231 0.004000 2962
2232 0.004000 2962
2233 0.004000 2962
2234 0.004000 2962
2235 0.004000 2962
2236 0.004000 2962
2237 0.004000 2962
2238 0.004000 2962
2239 0.004000 2962
2240 0.004000 2962
2241 0.004000 2962
2242 0.004000 2962
2243 0.004000 2962
2244 0.004000 2962
2245 0.004000 2962
2246 0.004000 2962
2247 0.004000 2962
2248 0.004000 2962
2249 0.004000 2962
2250 0.004000 2962
2251 0.004000 2962
2252 0.004000 2962
2253 0.004000 2962
2254 0.004000 2962
2255 0.004000 2962
2256 0.004000 2962
2257 0.004000 2962
2258 0.004000 2962
2259 0.004000 2962
2260 0.004000 2962
2261 0.004000 2962
2262 0.004000 2962
2263 0.004000 2962
2264 0.004000 2962
2265 0.004000 2962
2266 0.004000 2962
2267 0.004000 2962
2268 0.004000 2962
2269 0.004000 2962
2270 0.004000 2962
2271 0.004000 2962
2272 0.004000 2962
2273 0.004000 2962
2274 0.004000 2962
2275 0.004000 2962
2276 0.004000 2962
2277 0.004000 2962
2278 0.004000 2962
2279 0.004000 2962
2280 0.004000 2962
2281 0.004000 2962
2282 0.004000 2962
2283 0.004000 2962
2284 0.004000 2962
2285 0.004000 2962
2286 0.004000 2962
2287 0.004000 2962
2288 0.004000 2962
2289 0.004000 2962
2290 0.004000 2962
2291 0.004000 2962
2292 0.004000 2962
2293 0.004000 2962
2294 0.004000 2962
2295 0.004000 2962
2296 0.004000 2962
2297 0.004000 2962
2298 0.004000 2962
2299 0.004000 2962
2300 0.004000 2962
2301 0.005000 2962
2302 0.005000 2962
2303 0.005000 2962
2304 0.005000 2962
2305 0.005000 2962
2306 0.005000 2962
2307 0.005000 2962
2308 0.005000 2962
2309 0.005000 2962
2310 0.005000 2962
2311 0.005000 2962
2312 0.005000 2962
2313 0.005000 2962
2314 0.005000 2962
2315 0.005000 2962
2316 0.005000 2962
2317 0.005000 2962
2318 0.005000 2962
2319 0.005000 2962
2320 0.005000 2962
2321 0.005000 2962
2322 0.005000 2962
2323 0.005000 2962
2324 0.005000 2962
2325 0.005000 2962
2326 0.005000 2962
2327 0.005000 2962
2328 0.005000 2962
2329 0.005000 2962
2330 0.005000 2962
2331 0.005000 2962
2332 0.005000 2962
2333 0.005000 2962
2334 0.005000 2962
2335 0.005000 2962
2336 0.005000 2962
2337 0.005000 2962
2338 0.005000 2962
2339 0.005000 2962
2340 0.005000 2962
2341 0.005000 2962
2342 0.005000 2962
2343 0.005000 2962
2344 0.005000 2962
2345 0.005000 2962
2346 0.005000 2962
2347 0.005000 2962
2348 0.005000 2962
2349 0.005000 2962
2350 0.005000 2962
2351 0.005000 2962
2352 0.005000 2962
2353 0.005000 2962
2354 0.005000 2962
2355 0.005000 2962
2356 0.005000 2962
2357 0.005000 2962
2358 0.005000 2962
2359 0.005000 2962
2360 0.005000 2962
2361 0.005000 2962
2362 0.005000 2962
2363 0.005000 2962
2364 0.005000 2962
2365 0.005000 2962
2366 0.005000 2962
2367 0.005000 2962
2368 0.005000 2962
2369 0.005000 2962
2370 0.005000 2962
2371 0.005000 2962
2372 0.005000 2962
2373 0.005000 2962
2374 0.005000 2962
2375 0.005000 2962
2376 0.005000 2962
2377 0.005000 2962
2378 0.005000 2962
2379 0.005000 2962
2380 0.005000 2962
2381 0.005000 2962
2382 0.005000 2962
2383 0.005000 2962
2384 0.005000 2962
2385 0.005000 2962
2386 0.005000 2962
2387 0.005000 2962
2388 0.005000 2962
2389 0.005000 2962
2390 0.005000 2962
2391 0.005000 2962
2392 0.005000 2962
2393 0.005000 2962
2394 0.005000 2962
2395 0.005000 2962
2396 0.005000 2962
2397 0.005000 2962
2398 0.005000 2962
2399 0.005000 2962
2400 0.005000 2962
2401 0.005000 2962
2402 0.005000 2962
2403 0.005000 2962
2404 0.005000 2962
2405 0.005000 2962
2406 0.005000 2962
2407 0.005000 2962
2408 0.005000 2962
2409 0.005000 2962
2410 0.005000 2962
2411 0.005000 2962
2412 0.005000 2962
2413 0.005000 2962
2414 0.005000 2962
2415 0.005000 2962
2416 0.005000 2962
2417 0.005000 2962
2418 0.005000 2962
2419 0.005000 2962
2420 0.005000 2962
2421 0.005000 2962
2422 0.005000 2962
2423 0.005000 2962
2424 0.005000 2962
2425 0.005000 2962
2426 0.005000 2962
2427 0.005000 2962
2428 0.005000 2962
2429 0.005000 2962
2430 0.005000 2962
2431 0.005000 2962
2432 0.005000 2962
2433 0.005000 2962
2434 0.005000 2962
2435 0.005000 2962
2436 0.005000 2962
2437 0.005000 2962
2438 0.005000 2962
2439 0.005000 2962
2440 0.005000 2962
2441 0.005000 2962
2442 0.005000 2962
2443 0.005000 2962
2444 0.005000 2962
2445 0.005000 2962
2446 0.005000 2962
2447 0.005000 2962
2448 0.005000 2962
2449 0.005000 2962
2450 0.005000 2962
2451 0.005000 2962
2452 0.005000 2962
2453 0.005000 2962
2454 0.005000 2962
2455 0.005000 2962
2456 0.005000 2962
2457 0.005000 2962
2458 0.005000 2962
2459 0.005000 2962
2460 0.005000 2962
2461 0.005000 2962
2462 0.005000 2962
2463 0.005000 2962
2464 0.005000 2962
2465 0.005000 2962
2466 0.005000 2962
2467 0.005000 2962
2468 0.005000 2962
2469 0.005000 2962
2470 0.005000 2962
2471 0.005000 2962
2472 0.005000 2962
2473 0.005000 2962
2474 0.005000 2962
2475 0.005000 2962
2476 0.005000 2962
2477 0.005000 2962
2478 0.005000 2962
2479 0.005000 2962
2480 0.005000 2962
2481 0.005000 2962
2482 0.005000 2962
2483 0.005000 2962
2484 0.005000 2962
2485 0.005000 2962
2486 0.005000 2962
2487 0.005000 2962
2488 0.005000 2962
2489 0.005000 2962
2490 0.005000 2962
2491 0.005000 2962
2492 0.005000 2962
2493 0.005000 2962
2494 0.005000 2962
2495 0.005000 2962
2496 0.005000 2962
2497 0.005000 2962
2498 0.005000 2962
2499 0.005000 2962
2500 0.005000 2962
2501 0.005000 2962
2502 0.005000 2962
2503 0.005000 2962
2504 0.005000 2962
2505 0.005000 2962
2506 0.005000 2962
2507 0.005000 2962
2508 0.005000 2962
2509 0.005000 2962
2510 0.005000 2962
2511 0.005000 2962
2512 0.005000 2962
2513 0.005000 2962
2514 0.005000 2962
2515 0.005000 2962
2516 0.005000 2962
2517 0.005000 2962
2518 0.005000 2962
2519 0.005000 2962
2520 0.005000 2962
2521 0.005000 2962
2522 0.005000 2962
2523 0.005000 2962
2524 0.005000 2962
2525 0.005000 2962
2526 0.005000 2962
2527 0.005000 2962
2528 0.005000 2962
2529 0.005000 2962
2530 0.005000 2962
2531 0.005000 2962
2532 0.005000 2962
2533 0.005000 2962
2534 0.005000 2962
2535 0.005000 2962
2536 0.005000 2962
2537 0.005000 2962
2538 0.005000 2962
2539 0.005000 2962
2540 0.005000 2962
2541 0.005000 2962
2542 0.005000 2962
2543 0.005000 2962
2544 0.005000 2962
2545 0.005000 2962
2546 0.005000 2962
2547 0.005000 2962
2548 0.005000 2962
2549 0.005000 2962
2550 0.005000 2962
2551 0.005000 2962
2552 0.005000 2962
2553 0.005000 2962
2554 0.005000 2962
2555 0.005000 2962
2556 0.005000 2962
2557 0.005000 2962
2558 0.005000 2962
2559 0.005000 2962
2560 0.005000 2962
2561 0.005000 2962
2562 0.005000 2962
2563 0.005000 2962
2564 0.005000 2962
2565 0.005000 2962
2566 0.005000 2962
2567 0.005000 2962
2568 0.005000 2962
2569 0.005000 2962
2570 0.005000 2962
2571 0.005000 2962
2572 0.005000 2962
2573 0.005000 2962
2574 0.005000 2962
2575 0.005000 2962
2576 0.005000 2962
2577 0.005000 2962
2578 0.005000 2962
2579 0.005000 2962
2580 0.005000 2962
2581 0.005000 2962
2582 0.005000 2962
2583 0.005000 2962
2584 0.005000 2962
2585 0.005000 2962
2586 0.005000 2962
2587 0.005000 2962
2588 0.005000 2962
2589 0.005000 2962
2590 0.005000 2962
2591 0.005000 2962
2592 0.005000 2962
2593 0.005000 2962
2594 0.005000 2962
2595 0.005000 2962
2596 0.005000 2962
2597 0.005000 2962
2598 0.005000 2962
2599 0.005000 2962
2600 0.005000 2962
2601 0.005000 2962
2602 0.005000 2962
2603 0.005000 2962
2604 0.005000 2962
2605 0.005000 2962
2606 0.005000 2962
2607 0.005000 2962
2608 0.005000 2962
2609 0.005000 2962
2610 0.005000 2962
2611 0.005000 2962
2612 0.005000 2962
2613 0.005000 2962
2614 0.005000 2962
2615 0.005000 2962
2616 0.005000 2962
2617 0.005000 2962
2618 0.005000 2962
2619 0.005000 2962
2620 0.005000 2962
2621 0.005000 2962
2622 0.005000 2962
2623 0.005000 2962
2624 0.005000 2962
2625 0.005000 2962
2626 0.005000 2962
2627 0.005000 2962
2628 0.005000 2962
2629 0.005000 2962
2630 0.005000 2962
2631 0.005000 2962
2632 0.005000 2962
2633 0.005000 2962
2634 0.005000 2962
2635 0.005000 2962
2636 0.005000 2962
2637 0.005000 2962
2638 0.005000 2962
2639 0.005000 2962
2640 0.005000 2962
2641 0.005000 2962
2642 0.005000 2962
2643 0.005000 2962
2644 0.005000 2962
2645 0.005000 2962
2646 0.005000 2962
2647 0.005000 2962
2648 0.005000 2962
2649 0.005000 2962
2650 0.005000 2962
2651 0.005000 2962
2652 0.005000 2962
2653 0.005000 2962
2654 0.005000 2962
2655 0.005000 2962
2656 0.005000 2962
2657 0.005000 2962
2658 0.005000 2962
2659 0.005000 2962
2660 0.005000 2962
2661 0.005000 2962
2662 0.005000 2962
2663 0.005000 2962
2664 0.005000 2962
2665 0.005000 2962
2666 0.005000 2962
2667 0.005000 2962
2668 0.005000 2962
2669 0.005000 2962
2670 0.005000 2962
2671 0.005000 2962
2672 0.005000 2962
2673 0.005000 2962
2674 0.005000 2962
2675 0.005000 2962
2676 0.005000 2962
2677 0.005000 2962
2678 0.005000 2962
2679 0.005000 2962
2680 0.005000 2962
2681 0.005000 2962
2682 0.005000 2962
2683 0.005000 2962
2684 0.005000 2962
2685 0.005000 2962
2686 0.005000 2962
2687 0.005000 2962
2688 0.005000 2962
2689 0.005000 2962
2690 0.005000 2962
2691 0.005000 2962
2692 0.005000 2962
2693 0.005000 2962
2694 0.005000 2962
2695 0.005000 2962
2696 0.005000 2962
2697 0.005000 2962
2698 0.005000 2962
2699 0.005000 2962
2700 0.005000 2962
2701 0.005000 2962
2702 0.005000 2962
2703 0.005000 2962
2704 0.005000 2962
2705 0.005000 2962
2706 0.005000 2962
2707 0.005000 2962
2708 0.005000 2962
2709 0.005000 2962
2710 0.005000 2962
2711 0.005000 2962
2712 0.005000 2962
2713 0.005000 2962
2714 0.005000 2962
2715 0.005000 2962
2716 0.005000 2962
2717 0.005000 2962
2718 0.005000 2962
2719 0.005000 2962
2720 0.005000 2962
2721 0.005000 2962
2722 0.005000 2962
2723 0.005000 2962
2724 0.005000 2962
2725 0.005000 2962
2726 0.005000 2962
2727 0.005000 2962
2728 0.005000 2962
2729 0.005000 2962
2730 0.005000 2962
2731 0.005000 2962
2732 0.005000 2962
2733 0.005000 2962
2734 0.005000 2962
2735 0.005000 2962
2736 0.005000 2962
2737 0.005000 2962
2738 0.005000 2962
2739 0.005000 2962
2740 0.005000 2962
2741 0.005000 2962
2742 0.005000 2962
2743 0.005000 2962
2744 0.005000 2962
2745 0.005000 2962
2746 0.005000 2962
2747 0.005000 2962
2748 0.005000 2962
2749 0.005000 2962
2750 0.005000 2962
2751 0.005000 2962
2752 0.005000 2962
2753 0.005000 2962
2754 0.005000 2962
2755 0.005000 2962
2756 0.005000 2962
2757 0.005000 2962
2758 0.005000 2962
2759 0.005000 2962
2760 0.005000 2962
2761 0.005000 2962
2762 0.005000 2962
2763 0.005000 2962
2764 0.005000 2962
2765 0.005000 2962
2766 0.005000 2962
2767 0.005000 2962
2768 0.005000 2962
2769 0.005000 2962
2770 0.005000 2962
2771 0.005000 2962
2772 0.005000 2962
2773 0.005000 2962
2774 0.005000 2962
2775 0.005000 2962
2776 0.005000 2962
2777 0.005000 2962
2778 0.005000 2962
2779 0.005000 2962
2780 0.005000 2962
2781 0.005000 2962
2782 0.005000 2962
2783 0.005000 2962
2784 0.005000 2962
2785 0.005000 2962
2786 0.005000 2962
2787 0.005000 2962
2788 0.005000 2962
2789 0.005000 2962
2790 0.005000 2962
2791 0.005000 2962
2792 0.005000 2962
2793 0.005000 2962
2794 0.005000 2962
2795 0.005000 2962
2796 0.005000 2962
2797 0.005000 2962
2798 0.005000 2962
2799 0.005000 2962
2800 0.005000 2962
2801 0.005000 2962
2802 0.005000 2962
2803 0.005000 2962
2804 0.005000 2962
2805 0.005000 2962
2806 0.005000 2962
2807 0.005000 2962
2808 0.005000 2962
2809 0.005000 2962
2810 0.005000 2962
2811 0.005000 2962
2812 0.005000 2962
2813 0.005000 2962
2814 0.005000 2962
2815 0.005000 2962
2816 0.005000 2962
2817 0.005000 2962
2818 0.005000 2962
2819 0.005000 2962
2820 0.005000 2962
2821 0.005000 2962
2822 0.005000 2962
2823 0.005000 2962
2824 0.005000 2962
2825 0.005000 2962
2826 0.005000 2962
2827 0.005000 2962
2828 0.005000 2962
2829 0.005000 2962
2830 0.005000 2962
2831 0.005000 2962
2832 0.005000 2962
2833 0.005000 2962
2834 0.005000 2962
2835 0.005000 2962
2836 0.005000 2962
2837 0.005000 2962
2838 0.005000 2962
2839 0.005000 2962
2840 0.005000 2962
2841 0.005000 2962
2842 0.005000 2962
2843 0.005000 2962
2844 0.005000 2962
2845 0.005000 2962
2846 0.005000 2962
2847 0.005000 2962
2848 0.005000 2962
2849 0.005000 2962
2850 0.005000 2962
2851 0.005000 2962
2852 0.005000 2962
2853 0.005000 2962
2854 0.005000 2962
2855 0.005000 2962
2856 0.005000 2962
2857 0.005000 2962
2858 0.005000 2962
2859 0.005000 2962
2860 0.005000 2962
2861 0.005000 2962
2862 0.005000 2962
2863 0.005000 2962
2864 0.005000 2962
2865 0.005000 2962
2866 0.005000 2962
2867 0.005000 2962
2868 0.005000 2962
2869 0.005000 2962
2870 0.005000 2962
2871 0.005000 2962
2872 0.005000 2962
2873 0.005000 2962
2874 0.005000 2962
2875 0.005000 2962
2876 0.005000 2962
2877 0.005000 2962
2878 0.005000 2962
2879 0.005000 2962
2880 0.005000 2962
2881 0.005000 2962
2882 0.005000 2962
2883 0.005000 2962
2884 0.005000 2962
2885 0.005000 2962
2886 0.005000 2962
2887 0.005000 2962
2888 0.005000 2962
2889 0.005000 2962
2890 0.005000 2962
2891 0.005000 2962
2892 0.005000 2962
2893 0.005000 2962
2894 0.005000 2962
2895 0.005000 2962
2896 0.005000 2962
2897 0.005000 2962
2898 0.005000 2962
2899 0.005000 2962
2900 0.005000 2962
2901 0.005000 2962
2902 0.005000 2962
2903 0.005000 2962
2904 0.005000 2962
2905 0.005000 2962
2906 0.005000 2962
2907 0.005000 2962
2908 0.005000 2962
2909 0.005000 2962
2910 0.005000 2962
2911 0.005000 2962
2912 0.005000 2962
2913 0.005000 2962
2914 0.005000 2962
2915 0.005000 2962
2916 0.005000 2962
2917 0.005000 2962
2918 0.005000 2962
2919 0.005000 2962
2920 0.005000 2962
2921 0.005000 2962
2922 0.005000 2962
2923 0.005000 2962
2924 0.005000 2962
2925 0.005000 2962
2926 0.005000 2962
2927 0.005000 2962
2928 0.005000 2962
2929 0.005000 2962
2930 0.005000 2962
2931 0.005000 2962
2932 0.005000 2962
2933 0.005000 2962
2934 0.005000 2962
2935 0.005000 2962
2936 0.005000 2962
2937 0.005000 2962
2938 0.005000 2962
2939 0.005000 2962
2940 0.005000 2962
2941 0.005000 2962
2942 0.005000 2962
2943 0.005000 2962
2944 0.005000 2962
2945 0.005000 2962
2946 0.005000 2962
2947 0.005000 2962
2948 0.005000 2962
2949 0.005000 2962
2950 0.005000 2962
2951 0.005000 2962
2952 0.005000 2962
2953 0.005000 2962
2954 0.005000 2962
2955 0.005000 2962
2956 0.005000 2962
2957 0.005000 2962
2958 0.005000 2962
2959 0.005000 2962
2960 0.005000 2962
2961 0.005000 2962
2962 0.005000 2962
2963 0.005000 2962
2964 0.005000 2962
2965 0.005000 2962
2966 0.005000 2962
2967 0.005000 2962
2968 0.005000 2962
2969 0.005000 2962
2970 0.005000 2962
2971 0.005000 2962
2972 0.005000 2962
2973 0.005000 2962
2974 0.005000 2962
2975 0.005000 2962
2976 0.005000 2962
2977 0.005000 2962
2978 0.005000 2962
2979 0.005000 2962
2980 0.005000 2962
2981 0.005000 2962
2982 0.005000 2962
2983 0.005000 2962
2984 0.005000 2962
2985 0.005000 2962
2986 0.005000 2962
2987 0.005000 2962
2988 0.005000 2962
2989 0.005000 2962
2990 0.005000 2962
2991 0.005000 2962
2992 0.005000 2962
2993 0.005000 2962
2994 0.005000 2962
2995 0.005000 2962
2996 0.005000 2962
2997 0.005000 2962
2998 0.005000 2962
2999 0.005000 2962
3000 0.005000 2962
# Final Best Cost: 2962
