# Instance: eil101.tsp
# Method: simulated-annealing
# output: step cost
0 3273
0.000000 3152
0.000000 3152
0.000000 3152
0.000000 3152
0.000000 3152
0.000000 3152
0.000000 3152
0.000000 3152
0.000000 3098
0.000000 3098
0.000000 3098
0.000000 3098
0.000000 3084
0.000000 3084
0.000000 3084
0.000000 3084
0.000000 3084
0.000000 3084
0.001000 3084
0.001000 3084
0.001000 3084
0.001000 3056
0.001000 3056
0.001000 3056
0.001000 3056
0.001000 3056
0.001000 3056
0.001000 3035
0.001000 3035
0.001000 3035
0.001000 3035
0.001000 3031
0.001000 3031
0.001000 3031
0.001000 3031
0.001000 3031
0.001000 3031
0.001000 3031
0.001000 3031
0.001000 3031
0.001000 3031
0.001000 3031
0.001000 3031
0.001000 3031
0.001000 3031
0.001000 3031
0.001000 3031
0.001000 3031
0.001000 3031
0.001000 3031
0.001000 3031
0.001000 3031
0.001000 3031
0.001000 3031
0.001000 3031
0.002000 3031
0.002000 3031
0.002000 3031
0.002000 3031
0.002000 3031
0.002000 3031
0.002000 3031
0.002000 3031
0.002000 3031
0.002000 3031
0.002000 3031
0.002000 3031
0.002000 3031
0.002000 3031
0.002000 3031
0.002000 3031
0.002000 3031
0.002000 3031
0.002000 2996
0.002000 2996
0.002000 2996
0.002000 2996
0.002000 2996
0.002000 2996
0.002000 2996
0.002000 2996
0.002000 2996
0.002000 2996
0.002000 2996
0.002000 2996
0.002000 2996
0.002000 2996
0.002000 2996
0.002000 2996
0.002000 2996
0.002000 2996
0.003000 2996
0.003000 2996
0.003000 2996
0.003000 2996
0.003000 2996
0.003000 2996
0.003000 2996
0.003000 2996
0.003000 2996
0.003000 2996
0.003000 2996
0.003000 2996
0.003000 2996
0.003000 2996
0.003000 2996
0.003000 2996
0.003000 2996
0.003000 2996
0.003000 2996
0.003000 2996
0.003000 2996
0.003000 2996
0.003000 2996
0.003000 2996
0.003000 2996
0.003000 2996
0.003000 2996
0.003000 2996
0.003000 2996
0.003000 2996
0.003000 2996
0.003000 2996
0.003000 2996
0.003000 2996
0.003000 2996
0.003000 2996
0.004000 2996
0.004000 2996
0.004000 2990
0.004000 2862
0.004000 2862
0.004000 2862
0.004000 2862
0.004000 2862
0.004000 2862
0.004000 2862
0.004000 2862
0.004000 2862
0.004000 2862
0.004000 2862
0.004000 2862
0.004000 2862
0.004000 2862
0.004000 2862
0.004000 2862
0.004000 2862
0.004000 2862
0.004000 2862
0.004000 2862
0.004000 2862
0.004000 2862
0.004000 2862
0.004000 2862
0.004000 2862
0.004000 2862
0.004000 2862
0.004000 2862
0.004000 2862
0.004000 2862
0.004000 2862
0.004000 2862
0.004000 2862
0.005000 2862
0.005000 2862
0.005000 2862
0.005000 2862
0.005000 2862
0.005000 2862
0.005000 2862
0.005000 2862
0.005000 2862
0.005000 2862
0.005000 2862
0.005000 2862
0.005000 2862
0.005000 2862
0.005000 2862
0.005000 2862
0.005000 2862
0.005000 2862
0.005000 2862
0.005000 2862
0.005000 2862
0.005000 2862
0.005000 2862
0.005000 2862
0.005000 2862
0.005000 2862
0.005000 2862
0.005000 2862
0.005000 2862
0.005000 2862
0.005000 2862
0.005000 2862
0.005000 2862
0.005000 2862
0.005000 2862
0.005000 2862
0.006000 2862
0.006000 2862
0.006000 2862
0.006000 2862
0.006000 2862
0.006000 2862
0.006000 2862
0.006000 2862
0.006000 2862
0.006000 2862
0.006000 2862
0.006000 2862
0.006000 2862
0.006000 2862
0.006000 2862
0.006000 2862
0.006000 2862
0.006000 2862
0.006000 2862
0.006000 2862
0.006000 2862
0.006000 2862
0.006000 2862
0.006000 2862
0.006000 2862
0.006000 2862
0.006000 2862
0.006000 2862
0.006000 2862
0.006000 2862
0.006000 2862
0.006000 2862
0.006000 2862
0.006000 2862
0.006000 2862
0.006000 2862
0.007000 2862
0.007000 2862
0.007000 2862
0.007000 2862
0.007000 2862
0.007000 2862
0.007000 2862
0.007000 2862
0.007000 2862
0.007000 2862
0.007000 2831
0.007000 2831
0.007000 2831
0.007000 2831
0.007000 2831
0.007000 2831
0.008000 2831
0.008000 2831
0.008000 2831
0.008000 2831
0.008000 2831
0.008000 2831
0.008000 2831
0.008000 2831
0.008000 2831
0.008000 2831
0.008000 2831
0.008000 2831
0.008000 2831
0.008000 2831
0.008000 2831
0.008000 2831
0.008000 2831
0.008000 2831
0.008000 2798
0.008000 2798
0.008000 2798
0.008000 2798
0.008000 2798
0.008000 2798
0.008000 2798
0.008000 2798
0.008000 2798
0.008000 2798
0.008000 2798
0.008000 2798
0.008000 2798
0.008000 2798
0.009000 2798
0.009000 2798
0.009000 2798
0.009000 2723
0.009000 2723
0.009000 2723
0.009000 2723
0.009000 2723
0.009000 2718
0.009000 2718
0.009000 2718
0.009000 2718
0.009000 2718
0.009000 2718
0.009000 2718
0.009000 2718
0.009000 2597
0.009000 2597
0.009000 2597
0.009000 2597
0.009000 2510
0.009000 2510
0.009000 2510
0.010000 2510
0.010000 2510
0.010000 2510
0.010000 2510
0.010000 2510
0.010000 2510
0.010000 2510
0.010000 2510
0.010000 2510
0.010000 2510
0.010000 2510
0.010000 2510
0.010000 2510
0.010000 2510
0.010000 2510
0.010000 2510
0.010000 2510
0.010000 2510
0.010000 2510
0.010000 2510
0.010000 2510
0.010000 2510
0.010000 2510
0.010000 2510
0.010000 2510
0.010000 2510
0.010000 2510
0.011000 2510
0.011000 2510
0.011000 2510
0.011000 2510
0.011000 2510
0.011000 2493
0.011000 2493
0.011000 2493
0.011000 2493
0.011000 2493
0.011000 2493
0.011000 2493
0.011000 2493
0.011000 2493
0.011000 2493
0.011000 2493
0.011000 2493
0.011000 2493
0.011000 2493
0.011000 2493
0.011000 2457
0.011000 2457
0.011000 2457
0.011000 2457
0.011000 2457
0.011000 2457
0.011000 2457
0.011000 2457
0.011000 2457
0.011000 2457
0.011000 2457
0.011000 2445
0.011000 2373
0.011000 2373
0.011000 2373
0.011000 2373
0.012000 2373
0.012000 2373
0.012000 2373
0.012000 2343
0.012000 2325
0.012000 2325
0.012000 2282
0.012000 2282
0.012000 2282
0.012000 2282
0.012000 2282
0.012000 2282
0.012000 2282
0.012000 2282
0.012000 2282
0.012000 2282
0.012000 2282
0.012000 2282
0.012000 2282
0.012000 2282
0.012000 2282
0.012000 2282
0.012000 2282
0.012000 2282
0.012000 2282
0.012000 2282
0.012000 2282
0.012000 2282
0.012000 2127
0.012000 2114
0.012000 2107
0.012000 2107
0.012000 2107
0.012000 2048
0.012000 2048
0.013000 2048
0.013000 2048
0.013000 2048
0.013000 2048
0.013000 2048
0.013000 2048
0.013000 2048
0.013000 2048
0.013000 2048
0.013000 2048
0.013000 2048
0.013000 2048
0.013000 2048
0.013000 2048
0.013000 2048
0.013000 2020
0.013000 2020
0.013000 2004
0.013000 1890
0.013000 1890
0.013000 1882
0.013000 1882
0.013000 1871
0.013000 1864
0.013000 1864
0.013000 1864
0.013000 1864
0.013000 1864
0.013000 1864
0.013000 1864
0.013000 1864
0.013000 1864
0.013000 1864
0.013000 1864
0.013000 1814
0.013000 1814
0.014000 1814
0.014000 1814
0.014000 1814
0.014000 1759
0.014000 1759
0.014000 1759
0.014000 1759
0.014000 1759
0.014000 1759
0.014000 1759
0.014000 1759
0.014000 1759
0.014000 1759
0.014000 1759
0.014000 1759
0.014000 1759
0.014000 1759
0.014000 1759
0.014000 1693
0.014000 1681
0.014000 1681
0.014000 1673
0.014000 1673
0.014000 1673
0.014000 1673
0.014000 1673
0.014000 1673
0.014000 1673
0.014000 1673
0.014000 1673
0.014000 1673
0.014000 1608
0.014000 1608
0.014000 1608
0.015000 1608
0.015000 1605
0.015000 1543
0.015000 1540
0.015000 1540
0.015000 1512
0.015000 1512
0.015000 1429
0.015000 1424
0.015000 1416
0.015000 1363
0.015000 1315
0.015000 1268
0.015000 1268
0.015000 1268
0.015000 1268
0.015000 1268
0.015000 1268
0.015000 1268
0.015000 1268
0.015000 1268
0.015000 1268
0.015000 1268
0.015000 1268
0.015000 1268
0.015000 1253
0.015000 1233
0.015000 1226
0.015000 1222
0.015000 1222
0.015000 1222
0.015000 1222
0.015000 1201
0.015000 1201
0.015000 1201
0.016000 1201
0.016000 1197
0.016000 1197
0.016000 1188
0.016000 1186
0.016000 1186
0.016000 1186
0.016000 1134
0.016000 1134
0.016000 1134
0.016000 1134
0.016000 1134
0.016000 1134
0.016000 1134
0.016000 1134
0.016000 1129
0.016000 1116
0.016000 1115
0.016000 1115
0.016000 1115
0.016000 1107
0.016000 1107
0.016000 1107
0.016000 1107
0.016000 1088
0.016000 1088
0.016000 1088
0.016000 1082
0.016000 1060
0.016000 1044
0.016000 1044
0.016000 1044
0.016000 1044
0.016000 1041
0.016000 1041
0.016000 1038
0.017000 1014
0.017000 1014
0.017000 1014
0.017000 1014
0.017000 1014
0.017000 1014
0.017000 994
0.017000 983
0.017000 978
0.017000 967
0.017000 967
0.017000 954
0.017000 954
0.017000 954
0.017000 928
0.017000 914
0.017000 914
0.017000 914
0.017000 914
0.017000 897
0.017000 880
0.017000 880
0.017000 880
0.017000 880
0.017000 880
0.017000 880
0.017000 880
0.017000 880
0.017000 880
0.017000 880
0.017000 880
0.017000 880
0.017000 880
0.017000 880
0.017000 880
0.017000 880
0.017000 880
0.017000 880
0.017000 880
0.017000 880
0.017000 880
0.017000 880
0.017000 880
0.017000 880
0.017000 880
0.017000 880
0.017000 880
0.017000 880
0.017000 880
0.017000 880
0.017000 880
0.017000 880
0.017000 880
0.017000 880
0.017000 880
0.017000 880
0.017000 880
0.017000 870
0.017000 870
0.017000 869
0.017000 865
0.017000 859
0.017000 859
0.017000 859
0.017000 859
0.017000 854
0.017000 854
0.017000 841
0.017000 838
0.017000 838
0.017000 838
0.017000 836
0.018000 825
0.018000 814
0.018000 813
0.018000 813
0.018000 811
0.018000 811
0.018000 794
0.018000 789
0.018000 789
0.018000 789
0.018000 778
0.018000 772
0.018000 772
0.018000 746
0.018000 732
0.018000 732
0.018000 732
0.018000 729
0.018000 729
0.018000 729
0.018000 729
0.018000 729
0.018000 729
0.018000 726
0.018000 726
0.018000 726
0.018000 726
0.018000 726
0.018000 726
0.018000 726
0.018000 726
0.018000 726
0.018000 726
0.018000 726
0.018000 726
0.019000 726
0.019000 726
0.019000 726
0.019000 726
0.019000 726
0.019000 724
0.019000 724
0.019000 724
0.019000 724
0.019000 722
0.019000 720
0.019000 720
0.019000 719
0.019000 719
0.019000 719
0.019000 719
0.019000 719
0.019000 719
0.019000 719
0.019000 719
0.019000 716
0.019000 716
0.019000 716
0.019000 716
0.019000 716
0.019000 716
0.019000 716
0.019000 716
0.019000 716
0.019000 716
0.019000 716
0.019000 716
0.019000 716
0.019000 716
0.019000 716
0.019000 716
0.020000 715
0.020000 715
0.020000 715
0.020000 714
0.020000 711
0.020000 711
0.020000 711
0.020000 711
0.020000 711
0.020000 711
0.020000 711
0.020000 707
0.020000 707
0.020000 706
0.020000 706
0.020000 706
0.020000 706
0.020000 706
0.020000 706
0.020000 706
0.020000 706
0.020000 706
0.020000 706
0.020000 704
0.020000 704
0.020000 704
0.020000 704
0.020000 704
0.020000 704
0.020000 704
0.020000 704
0.020000 704
0.020000 704
0.020000 704
0.020000 704
0.020000 704
0.021000 700
0.021000 700
0.021000 698
0.021000 698
0.021000 698
0.021000 698
0.021000 698
0.021000 698
0.021000 692
0.021000 692
0.021000 692
0.021000 692
0.021000 690
0.021000 690
0.021000 690
0.021000 689
0.021000 689
0.021000 687
0.021000 687
0.021000 687
0.021000 687
0.021000 687
0.021000 687
0.021000 687
0.021000 687
0.021000 687
0.021000 687
0.021000 687
0.021000 687
0.021000 683
0.021000 683
0.021000 683
0.021000 683
0.021000 683
0.022000 683
0.022000 683
0.022000 683
0.022000 683
0.022000 683
0.022000 683
0.022000 683
0.022000 683
0.022000 683
0.022000 683
0.022000 683
0.022000 683
0.022000 683
0.022000 683
0.022000 683
0.022000 683
0.022000 683
0.022000 683
0.022000 683
0.022000 683
0.022000 683
0.022000 683
0.022000 683
0.022000 683
0.022000 683
0.022000 683
0.022000 683
0.022000 683
0.022000 683
0.022000 677
0.022000 677
0.022000 677
0.022000 677
0.022000 677
0.022000 677
0.023000 677
0.023000 677
0.023000 677
0.023000 677
0.023000 677
0.023000 677
0.023000 675
0.023000 671
0.023000 671
0.023000 671
0.023000 671
0.023000 671
0.023000 671
0.023000 671
0.023000 671
0.023000 671
0.023000 671
0.023000 671
0.023000 671
0.023000 671
0.023000 671
0.023000 671
0.023000 671
0.023000 671
0.023000 671
0.023000 671
0.023000 671
0.023000 671
0.023000 671
0.023000 671
0.023000 671
0.023000 671
0.023000 671
0.023000 671
0.023000 671
0.023000 671
0.024000 671
0.024000 671
0.024000 671
0.024000 671
0.024000 671
0.024000 671
0.024000 671
0.024000 671
0.024000 671
0.024000 671
0.024000 671
0.024000 671
0.024000 671
0.024000 671
0.024000 671
0.024000 671
0.024000 671
0.024000 671
0.024000 671
0.024000 671
0.024000 671
0.024000 670
0.024000 670
0.024000 670
0.024000 670
0.024000 670
0.024000 670
0.024000 670
0.024000 670
0.024000 670
0.024000 670
0.024000 670
0.024000 670
0.024000 670
0.024000 670
0.024000 670
0.024000 670
0.025000 670
0.025000 670
0.025000 670
0.025000 670
0.025000 670
0.025000 670
0.025000 670
0.025000 670
0.025000 670
0.025000 670
0.025000 670
0.025000 670
0.025000 670
0.025000 670
0.025000 670
0.025000 670
0.025000 670
0.025000 670
0.025000 670
0.025000 670
0.025000 670
0.025000 670
0.025000 670
0.025000 670
0.025000 670
0.025000 670
0.025000 670
0.025000 670
0.025000 670
0.025000 670
0.025000 670
0.025000 670
0.025000 670
0.026000 670
0.026000 670
0.026000 670
0.026000 670
0.026000 670
0.026000 670
0.026000 670
0.026000 670
0.026000 670
0.026000 670
0.026000 670
0.026000 670
0.026000 670
0.026000 670
0.026000 670
0.026000 670
0.026000 670
0.026000 670
0.026000 670
0.026000 670
0.026000 670
0.026000 670
0.026000 670
0.026000 670
0.026000 670
0.026000 670
0.026000 670
0.026000 670
0.026000 670
0.026000 670
0.026000 670
0.027000 670
0.027000 670
0.027000 670
0.027000 670
0.027000 670
0.027000 670
0.027000 670
0.027000 670
0.027000 670
0.027000 670
0.027000 670
0.027000 670
0.027000 670
0.027000 670
0.027000 670
0.027000 670
0.027000 670
0.027000 670
0.027000 670
0.027000 670
0.027000 670
0.027000 670
0.027000 670
0.027000 670
0.027000 670
0.027000 670
0.027000 670
0.027000 670
0.027000 670
0.027000 670
0.027000 670
0.027000 670
0.027000 670
0.027000 670
0.027000 670
0.028000 670
0.028000 670
0.028000 670
0.028000 670
0.028000 670
0.028000 670
0.028000 670
0.028000 670
0.028000 670
0.028000 670
0.028000 670
0.028000 670
0.028000 670
0.028000 670
0.028000 670
0.028000 670
0.028000 670
0.028000 670
0.028000 670
0.028000 670
0.028000 670
0.028000 670
0.028000 670
0.028000 670
0.028000 670
0.028000 670
0.028000 670
0.028000 670
0.028000 670
0.028000 670
0.028000 670
0.028000 670
0.028000 670
0.028000 670
0.028000 670
0.029000 670
0.029000 670
0.029000 670
0.029000 670
0.029000 670
0.029000 670
0.029000 670
0.029000 670
0.029000 670
0.029000 670
0.029000 670
0.029000 670
0.029000 670
0.029000 670
0.029000 670
0.029000 670
0.029000 670
0.029000 670
0.029000 670
0.029000 670
0.029000 670
0.029000 670
0.029000 670
0.029000 670
0.029000 670
0.029000 670
0.029000 670
0.029000 670
0.029000 670
0.029000 670
0.029000 670
0.029000 670
0.029000 670
0.029000 670
0.029000 670
0.030000 670
0.030000 670
0.030000 670
0.030000 670
0.030000 670
0.030000 670
0.030000 670
0.030000 670
0.030000 670
0.030000 670
0.030000 670
0.030000 670
0.030000 670
0.030000 670
0.030000 670
0.030000 670
0.030000 670
0.030000 670
0.030000 670
0.030000 670
0.030000 670
0.030000 670
0.030000 670
0.030000 670
0.030000 670
0.030000 670
0.030000 670
0.030000 670
0.030000 670
0.030000 670
0.030000 670
0.030000 670
0.030000 670
0.030000 670
0.030000 670
0.030000 670
0.031000 670
0.031000 670
0.031000 670
0.031000 670
0.031000 670
0.031000 670
0.031000 670
0.031000 670
0.031000 670
0.031000 670
0.031000 670
0.031000 670
0.031000 670
0.031000 670
0.031000 670
0.031000 670
0.031000 670
0.031000 670
0.031000 670
0.031000 670
0.031000 670
0.031000 670
0.031000 670
0.031000 670
0.031000 670
0.031000 670
0.031000 670
0.031000 670
0.031000 670
0.031000 670
0.031000 670
0.031000 670
0.031000 670
0.031000 670
0.031000 670
0.032000 670
0.032000 670
0.032000 670
0.032000 670
0.032000 670
0.032000 670
0.032000 670
0.032000 670
0.032000 670
0.032000 670
0.032000 670
0.032000 670
0.032000 670
0.032000 670
0.032000 670
0.032000 670
0.032000 670
0.032000 670
0.032000 670
0.032000 670
0.032000 670
0.032000 670
0.032000 670
0.032000 670
0.032000 670
0.032000 670
0.032000 670
0.032000 670
0.032000 670
0.032000 670
0.032000 670
0.032000 670
0.032000 670
0.032000 670
0.032000 670
0.032000 670
0.033000 670
0.033000 670
0.033000 670
0.033000 670
# Final Best Cost: 670
