# first_value: 3465
# Instance: eil101.tsp
# Method: random-search
# output: time cost
0 3465
1 0.000000 3386
2 0.000000 3318
3 0.000000 3220
4 0.000000 3220
5 0.000000 3220
6 0.000000 3220
7 0.000000 3220
8 0.000000 3220
9 0.000000 3220
10 0.000000 3220
11 0.000000 3220
12 0.000000 3220
13 0.000000 3220
14 0.000000 3220
15 0.000000 3220
16 0.000000 3220
17 0.000000 3220
18 0.000000 3220
19 0.000000 3220
20 0.000000 3220
21 0.000000 3220
22 0.000000 3220
23 0.000000 3220
24 0.000000 3220
25 0.000000 3220
26 0.000000 3220
27 0.000000 3112
28 0.000000 3112
29 0.000000 3112
30 0.000000 3112
31 0.000000 3112
32 0.000000 3112
33 0.000000 3112
34 0.000000 3112
35 0.000000 3112
36 0.000000 3112
37 0.000000 3112
38 0.000000 3112
39 0.000000 3112
40 0.000000 3112
41 0.000000 3112
42 0.000000 3112
43 0.000000 3112
44 0.000000 3112
45 0.000000 3112
46 0.000000 3112
47 0.000000 3112
48 0.000000 3112
49 0.000000 3112
50 0.000000 3112
51 0.000000 3112
52 0.000000 3112
53 0.000000 3112
54 0.000000 3112
55 0.000000 3112
56 0.000000 3112
57 0.000000 3112
58 0.000000 3112
59 0.000000 3112
60 0.000000 3112
61 0.000000 3112
62 0.000000 3112
63 0.000000 3112
64 0.000000 3112
65 0.000000 3112
66 0.000000 3112
67 0.000000 3112
68 0.000000 3112
69 0.000000 3112
70 0.000000 3112
71 0.000000 3112
72 0.000000 3112
73 0.000000 3112
74 0.000000 3112
75 0.000000 3112
76 0.000000 3112
77 0.000000 3112
78 0.000000 3087
79 0.000000 3087
80 0.000000 3087
81 0.000000 3087
82 0.000000 3087
83 0.000000 3087
84 0.000000 3087
85 0.000000 3087
86 0.000000 3087
87 0.000000 3087
88 0.000000 3087
89 0.000000 3087
90 0.000000 3087
91 0.000000 3087
92 0.000000 3087
93 0.000000 3087
94 0.000000 3087
95 0.000000 3087
96 0.000000 3087
97 0.000000 3087
98 0.000000 3087
99 0.000000 3087
100 0.000000 3087
101 0.000000 3087
102 0.000000 3087
103 0.000000 3087
104 0.000000 3087
105 0.000000 3087
106 0.000000 3087
107 0.000000 3087
108 0.000000 3019
109 0.000000 3019
110 0.000000 3019
111 0.000000 3019
112 0.000000 3019
113 0.000000 3019
114 0.000000 3019
115 0.000000 3019
116 0.000000 3019
117 0.000000 3019
118 0.000000 3019
119 0.000000 3019
120 0.000000 3019
121 0.000000 3019
122 0.000000 3019
123 0.000000 3019
124 0.000000 3019
125 0.000000 3019
126 0.000000 3019
127 0.000000 3019
128 0.000000 3019
129 0.000000 3019
130 0.000000 3019
131 0.000000 3019
132 0.000000 3019
133 0.000000 3019
134 0.000000 3019
135 0.000000 3019
136 0.000000 3019
137 0.000000 3019
138 0.000000 3019
139 0.000000 3019
140 0.000000 3019
141 0.000000 3019
142 0.000000 3019
143 0.000000 3019
144 0.000000 3019
145 0.000000 3019
146 0.000000 3019
147 0.000000 3019
148 0.000000 3019
149 0.000000 3019
150 0.000000 3019
151 0.000000 3019
152 0.000000 3019
153 0.000000 3019
154 0.000000 3019
155 0.000000 3019
156 0.000000 3019
157 0.000000 3019
158 0.000000 3019
159 0.000000 3019
160 0.000000 3019
161 0.000000 3019
162 0.000000 3019
163 0.000000 3019
164 0.000000 3019
165 0.000000 3019
166 0.000000 3019
167 0.000000 3019
168 0.000000 3019
169 0.000000 3019
170 0.000000 3019
171 0.000000 3019
172 0.000000 3019
173 0.000000 3019
174 0.000000 3019
175 0.000000 3019
176 0.000000 3019
177 0.000000 3019
178 0.000000 3019
179 0.000000 3019
180 0.000000 3019
181 0.000000 3019
182 0.000000 3019
183 0.000000 3019
184 0.000000 3019
185 0.000000 3019
186 0.000000 3019
187 0.000000 3019
188 0.000000 3019
189 0.000000 3019
190 0.000000 3019
191 0.000000 3019
192 0.000000 3019
193 0.000000 3019
194 0.000000 3019
195 0.000000 3019
196 0.000000 3019
197 0.000000 3019
198 0.000000 3019
199 0.000000 3019
200 0.000000 3019
201 0.000000 3019
202 0.000000 3019
203 0.000000 3019
204 0.000000 3019
205 0.000000 3019
206 0.000000 3019
207 0.000000 3019
208 0.000000 3019
209 0.000000 3019
210 0.000000 3019
211 0.000000 3019
212 0.000000 3019
213 0.000000 3019
214 0.000000 3019
215 0.000000 3019
216 0.000000 3019
217 0.000000 3019
218 0.000000 3019
219 0.000000 3019
220 0.000000 3019
221 0.000000 3019
222 0.000000 3019
223 0.000000 3019
224 0.000000 3019
225 0.000000 3019
226 0.000000 3019
227 0.000000 3019
228 0.000000 3019
229 0.000000 3019
230 0.000000 3019
231 0.000000 3019
232 0.000000 3019
233 0.000000 3019
234 0.000000 3019
235 0.000000 3019
236 0.000000 3019
237 0.000000 3019
238 0.000000 3019
239 0.000000 3019
240 0.000000 3019
241 0.000000 3019
242 0.000000 3019
243 0.000000 3019
244 0.000000 3019
245 0.000000 3019
246 0.000000 3019
247 0.000000 3019
248 0.000000 3019
249 0.000000 3019
250 0.000000 3019
251 0.000000 3019
252 0.000000 3019
253 0.000000 3019
254 0.000000 3019
255 0.000000 3019
256 0.000000 3019
257 0.000000 3019
258 0.000000 3019
259 0.000000 3019
260 0.000000 3019
261 0.000000 3019
262 0.000000 3019
263 0.000000 3019
264 0.000000 3019
265 0.000000 3019
266 0.000000 3019
267 0.000000 3019
268 0.000000 3019
269 0.000000 3019
270 0.000000 3019
271 0.000000 3019
272 0.000000 3019
273 0.000000 3019
274 0.000000 3019
275 0.000000 3019
276 0.000000 3019
277 0.000000 3019
278 0.000000 3019
279 0.000000 3019
280 0.000000 3019
281 0.000000 3019
282 0.000000 3019
283 0.000000 3019
284 0.000000 3019
285 0.000000 3019
286 0.000000 3019
287 0.000000 3019
288 0.000000 3019
289 0.000000 3019
290 0.000000 3019
291 0.000000 3019
292 0.000000 3019
293 0.000000 3019
294 0.000000 3019
295 0.000000 3019
296 0.000000 3019
297 0.000000 3019
298 0.000000 3019
299 0.000000 3019
300 0.000000 3019
301 0.000000 3019
302 0.000000 3019
303 0.000000 3019
304 0.000000 3019
305 0.000000 3019
306 0.000000 3019
307 0.000000 3019
308 0.000000 3019
309 0.000000 3019
310 0.000000 3019
311 0.000000 3019
312 0.000000 3019
313 0.000000 3019
314 0.000000 3019
315 0.000000 3019
316 0.000000 3019
317 0.000000 3019
318 0.000000 3019
319 0.000000 3019
320 0.000000 3019
321 0.000000 3019
322 0.000000 3019
323 0.000000 3019
324 0.000000 3019
325 0.000000 3019
326 0.000000 3019
327 0.000000 3019
328 0.000000 3019
329 0.000000 3019
330 0.000000 3019
331 0.000000 3019
332 0.000000 3019
333 0.000000 3019
334 0.000000 3019
335 0.000000 3019
336 0.000000 3019
337 0.000000 3019
338 0.000000 3019
339 0.000000 3019
340 0.000000 3019
341 0.000000 3019
342 0.000000 3019
343 0.000000 3019
344 0.000000 3019
345 0.000000 3019
346 0.000000 3019
347 0.000000 3019
348 0.000000 3019
349 0.000000 3019
350 0.000000 3019
351 0.000000 3019
352 0.000000 3019
353 0.000000 3019
354 0.000000 3019
355 0.000000 3019
356 0.000000 3019
357 0.000000 3019
358 0.000000 3019
359 0.000000 3019
360 0.000000 3019
361 0.000000 3019
362 0.000000 3019
363 0.000000 3019
364 0.000000 3019
365 0.000000 3019
366 0.000000 3019
367 0.000000 3019
368 0.000000 3019
369 0.000000 3019
370 0.000000 3019
371 0.000000 3019
372 0.000000 3019
373 0.000000 3019
374 0.000000 3019
375 0.000000 3019
376 0.000000 3019
377 0.000000 3019
378 0.000000 3019
379 0.000000 3019
380 0.000000 3019
381 0.000000 2990
382 0.000000 2990
383 0.000000 2990
384 0.000000 2990
385 0.000000 2990
386 0.000000 2990
387 0.000000 2990
388 0.000000 2990
389 0.000000 2990
390 0.000000 2990
391 0.000000 2990
392 0.000000 2990
393 0.000000 2990
394 0.000000 2990
395 0.000000 2990
396 0.000000 2990
397 0.000000 2990
398 0.000000 2990
399 0.000000 2990
400 0.000000 2990
401 0.000000 2990
402 0.000000 2990
403 0.000000 2990
404 0.000000 2990
405 0.000000 2990
406 0.000000 2990
407 0.000000 2990
408 0.000000 2990
409 0.000000 2990
410 0.000000 2990
411 0.000000 2990
412 0.000000 2990
413 0.000000 2990
414 0.000000 2990
415 0.000000 2990
416 0.000000 2990
417 0.000000 2990
418 0.000000 2990
419 0.000000 2990
420 0.000000 2990
421 0.000000 2990
422 0.000000 2990
423 0.000000 2990
424 0.000000 2990
425 0.000000 2990
426 0.000000 2990
427 0.000000 2990
428 0.000000 2990
429 0.000000 2990
430 0.000000 2990
431 0.000000 2990
432 0.000000 2990
433 0.000000 2990
434 0.000000 2990
435 0.000000 2990
436 0.000000 2990
437 0.000000 2990
438 0.000000 2990
439 0.000000 2990
440 0.000000 2990
441 0.000000 2990
442 0.000000 2990
443 0.000000 2990
444 0.000000 2990
445 0.000000 2990
446 0.000000 2990
447 0.000000 2990
448 0.000000 2990
449 0.000000 2990
450 0.000000 2990
451 0.000000 2990
452 0.000000 2990
453 0.000000 2990
454 0.000000 2990
455 0.000000 2990
456 0.000000 2990
457 0.000000 2990
458 0.000000 2990
459 0.000000 2990
460 0.000000 2990
461 0.000000 2990
462 0.000000 2990
463 0.000000 2990
464 0.000000 2990
465 0.000000 2990
466 0.000000 2990
467 0.000000 2990
468 0.000000 2990
469 0.000000 2990
470 0.000000 2990
471 0.000000 2990
472 0.000000 2990
473 0.000000 2990
474 0.000000 2990
475 0.000000 2990
476 0.000000 2990
477 0.000000 2990
478 0.000000 2990
479 0.000000 2990
480 0.000000 2990
481 0.000000 2990
482 0.000000 2990
483 0.000000 2990
484 0.000000 2990
485 0.000000 2990
486 0.000000 2990
487 0.000000 2990
488 0.000000 2990
489 0.000000 2990
490 0.000000 2990
491 0.000000 2990
492 0.000000 2990
493 0.000000 2990
494 0.000000 2990
495 0.000000 2990
496 0.000000 2990
497 0.000000 2990
498 0.000000 2990
499 0.000000 2990
500 0.000000 2990
501 0.000000 2990
502 0.000000 2990
503 0.000000 2990
504 0.000000 2990
505 0.000000 2990
506 0.000000 2990
507 0.000000 2990
508 0.000000 2990
509 0.000000 2990
510 0.000000 2990
511 0.000000 2990
512 0.000000 2990
513 0.000000 2990
514 0.000000 2990
515 0.000000 2990
516 0.000000 2990
517 0.000000 2990
518 0.000000 2990
519 0.000000 2990
520 0.000000 2990
521 0.000000 2990
522 0.000000 2990
523 0.000000 2990
524 0.000000 2990
525 0.000000 2990
526 0.000000 2990
527 0.000000 2990
528 0.000000 2990
529 0.000000 2990
530 0.000000 2990
531 0.000000 2990
532 0.000000 2990
533 0.000000 2990
534 0.000000 2990
535 0.000000 2990
536 0.000000 2990
537 0.000000 2990
538 0.000000 2990
539 0.000000 2990
540 0.000000 2990
541 0.000000 2990
542 0.000000 2990
543 0.000000 2990
544 0.000000 2990
545 0.000000 2990
546 0.000000 2990
547 0.000000 2990
548 0.000000 2990
549 0.000000 2990
550 0.000000 2990
551 0.000000 2990
552 0.000000 2990
553 0.000000 2990
554 0.000000 2990
555 0.000000 2990
556 0.000000 2990
557 0.000000 2990
558 0.000000 2990
559 0.000000 2990
560 0.000000 2990
561 0.000000 2990
562 0.000000 2990
563 0.000000 2990
564 0.000000 2990
565 0.000000 2990
566 0.000000 2990
567 0.000000 2990
568 0.000000 2990
569 0.000000 2990
570 0.000000 2990
571 0.000000 2990
572 0.000000 2990
573 0.000000 2990
574 0.000000 2990
575 0.000000 2990
576 0.000000 2990
577 0.000000 2990
578 0.000000 2990
579 0.000000 2990
580 0.000000 2990
581 0.000000 2990
582 0.000000 2990
583 0.000000 2990
584 0.000000 2990
585 0.000000 2990
586 0.000000 2990
587 0.000000 2990
588 0.000000 2990
589 0.000000 2990
590 0.000000 2990
591 0.000000 2990
592 0.000000 2990
593 0.000000 2990
594 0.000000 2990
595 0.000000 2990
596 0.000000 2990
597 0.000000 2990
598 0.000000 2990
599 0.000000 2990
600 0.000000 2990
601 0.000000 2990
602 0.000000 2990
603 0.000000 2990
604 0.000000 2990
605 0.000000 2990
606 0.000000 2990
607 0.000000 2990
608 0.000000 2990
609 0.000000 2990
610 0.000000 2990
611 0.000000 2990
612 0.000000 2990
613 0.000000 2990
614 0.000000 2990
615 0.000000 2990
616 0.000000 2990
617 0.000000 2990
618 0.000000 2990
619 0.000000 2990
620 0.000000 2990
621 0.000000 2990
622 0.000000 2990
623 0.000000 2990
624 0.000000 2990
625 0.000000 2990
626 0.000000 2990
627 0.000000 2990
628 0.000000 2990
629 0.000000 2990
630 0.000000 2990
631 0.000000 2990
632 0.000000 2990
633 0.000000 2990
634 0.000000 2990
635 0.000000 2990
636 0.000000 2990
637 0.000000 2990
638 0.000000 2990
639 0.000000 2990
640 0.000000 2990
641 0.000000 2990
642 0.000000 2990
643 0.000000 2990
644 0.000000 2990
645 0.000000 2990
646 0.000000 2990
647 0.000000 2990
648 0.000000 2990
649 0.000000 2990
650 0.000000 2990
651 0.000000 2990
652 0.000000 2990
653 0.000000 2990
654 0.000000 2990
655 0.000000 2990
656 0.000000 2990
657 0.000000 2990
658 0.000000 2990
659 0.000000 2990
660 0.000000 2990
661 0.000000 2990
662 0.000000 2990
663 0.000000 2990
664 0.000000 2990
665 0.000000 2990
666 0.000000 2990
667 0.000000 2990
668 0.000000 2990
669 0.000000 2990
670 0.000000 2990
671 0.000000 2990
672 0.000000 2990
673 0.000000 2990
674 0.000000 2990
675 0.000000 2990
676 0.000000 2990
677 0.000000 2990
678 0.000000 2990
679 0.000000 2990
680 0.000000 2990
681 0.000000 2990
682 0.000000 2990
683 0.000000 2990
684 0.000000 2990
685 0.000000 2990
686 0.000000 2990
687 0.000000 2990
688 0.000000 2990
689 0.000000 2990
690 0.000000 2990
691 0.000000 2990
692 0.000000 2990
693 0.000000 2990
694 0.000000 2990
695 0.000000 2990
696 0.000000 2990
697 0.000000 2990
698 0.000000 2990
699 0.000000 2990
700 0.000000 2990
701 0.000000 2990
702 0.000000 2990
703 0.000000 2990
704 0.000000 2990
705 0.000000 2990
706 0.000000 2990
707 0.000000 2990
708 0.000000 2990
709 0.000000 2990
710 0.000000 2990
711 0.000000 2990
712 0.000000 2990
713 0.000000 2990
714 0.000000 2990
715 0.000000 2990
716 0.000000 2990
717 0.000000 2990
718 0.000000 2990
719 0.000000 2990
720 0.000000 2990
721 0.000000 2990
722 0.000000 2990
723 0.000000 2990
724 0.000000 2990
725 0.000000 2990
726 0.000000 2990
727 0.000000 2990
728 0.000000 2990
729 0.000000 2990
730 0.000000 2990
731 0.000000 2990
732 0.000000 2990
733 0.000000 2990
734 0.000000 2990
735 0.000000 2990
736 0.000000 2990
737 0.000000 2990
738 0.000000 2990
739 0.000000 2990
740 0.000000 2990
741 0.000000 2990
742 0.000000 2990
743 0.000000 2990
744 0.000000 2990
745 0.000000 2990
746 0.000000 2990
747 0.000000 2990
748 0.000000 2990
749 0.000000 2990
750 0.000000 2990
751 0.000000 2990
752 0.000000 2990
753 0.000000 2990
754 0.000000 2990
755 0.000000 2990
756 0.000000 2990
757 0.000000 2990
758 0.000000 2990
759 0.000000 2990
760 0.000000 2990
761 0.000000 2990
762 0.000000 2990
763 0.000000 2990
764 0.000000 2990
765 0.000000 2990
766 0.000000 2990
767 0.000000 2990
768 0.000000 2990
769 0.000000 2990
770 0.000000 2990
771 0.000000 2990
772 0.000000 2990
773 0.000000 2990
774 0.000000 2990
775 0.000000 2990
776 0.000000 2990
777 0.000000 2990
778 0.000000 2990
779 0.000000 2990
780 0.000000 2990
781 0.000000 2990
782 0.000000 2990
783 0.000000 2990
784 0.000000 2990
785 0.000000 2990
786 0.000000 2990
787 0.000000 2990
788 0.000000 2990
789 0.000000 2990
790 0.000000 2990
791 0.000000 2990
792 0.000000 2990
793 0.000000 2990
794 0.000000 2990
795 0.000000 2990
796 0.000000 2990
797 0.000000 2990
798 0.000000 2990
799 0.000000 2990
800 0.000000 2990
801 0.000000 2990
802 0.000000 2990
803 0.000000 2990
804 0.000000 2990
805 0.000000 2990
806 0.000000 2990
807 0.000000 2990
808 0.000000 2990
809 0.000000 2990
810 0.000000 2990
811 0.000000 2990
812 0.000000 2990
813 0.000000 2990
814 0.000000 2990
815 0.000000 2990
816 0.000000 2990
817 0.000000 2990
818 0.000000 2990
819 0.000000 2990
820 0.000000 2990
821 0.000000 2990
822 0.000000 2990
823 0.000000 2990
824 0.000000 2990
825 0.000000 2990
826 0.000000 2990
827 0.000000 2990
828 0.000000 2990
829 0.000000 2990
830 0.000000 2990
831 0.000000 2990
832 0.000000 2990
833 0.000000 2990
834 0.000000 2990
835 0.000000 2990
836 0.000000 2990
837 0.000000 2990
838 0.000000 2990
839 0.000000 2990
840 0.000000 2990
841 0.000000 2990
842 0.000000 2990
843 0.000000 2990
844 0.000000 2990
845 0.000000 2990
846 0.000000 2990
847 0.000000 2990
848 0.000000 2990
849 0.000000 2990
850 0.000000 2990
851 0.000000 2990
852 0.000000 2990
853 0.000000 2990
854 0.000000 2990
855 0.000000 2990
856 0.000000 2990
857 0.000000 2990
858 0.000000 2990
859 0.000000 2990
860 0.000000 2990
861 0.000000 2990
862 0.000000 2990
863 0.000000 2990
864 0.000000 2990
865 0.000000 2990
866 0.000000 2990
867 0.000000 2990
868 0.000000 2990
869 0.000000 2990
870 0.000000 2990
871 0.000000 2990
872 0.000000 2990
873 0.000000 2990
874 0.000000 2990
875 0.000000 2990
876 0.000000 2990
877 0.000000 2990
878 0.000000 2990
879 0.000000 2990
880 0.000000 2990
881 0.000000 2990
882 0.000000 2990
883 0.000000 2990
884 0.000000 2990
885 0.000000 2990
886 0.000000 2990
887 0.000000 2990
888 0.000000 2990
889 0.000000 2990
890 0.000000 2990
891 0.000000 2990
892 0.000000 2990
893 0.000000 2990
894 0.000000 2990
895 0.000000 2990
896 0.000000 2990
897 0.000000 2990
898 0.000000 2990
899 0.001000 2990
900 0.001000 2990
901 0.001000 2990
902 0.001000 2990
903 0.001000 2990
904 0.001000 2990
905 0.001000 2990
906 0.001000 2990
907 0.001000 2990
908 0.001000 2990
909 0.001000 2990
910 0.001000 2990
911 0.001000 2990
912 0.001000 2990
913 0.001000 2990
914 0.001000 2990
915 0.001000 2990
916 0.001000 2990
917 0.001000 2990
918 0.001000 2990
919 0.001000 2990
920 0.001000 2990
921 0.001000 2990
922 0.001000 2990
923 0.001000 2990
924 0.001000 2990
925 0.001000 2990
926 0.001000 2990
927 0.001000 2990
928 0.001000 2990
929 0.001000 2990
930 0.001000 2990
931 0.001000 2990
932 0.001000 2990
933 0.001000 2990
934 0.001000 2990
935 0.001000 2990
936 0.001000 2990
937 0.001000 2990
938 0.001000 2990
939 0.001000 2990
940 0.001000 2990
941 0.001000 2990
942 0.001000 2990
943 0.001000 2990
944 0.001000 2990
945 0.001000 2990
946 0.001000 2990
947 0.001000 2990
948 0.001000 2990
949 0.001000 2990
950 0.001000 2990
951 0.001000 2990
952 0.001000 2990
953 0.001000 2990
954 0.001000 2990
955 0.001000 2990
956 0.001000 2990
957 0.001000 2990
958 0.001000 2990
959 0.001000 2990
960 0.001000 2990
961 0.001000 2990
962 0.001000 2990
963 0.001000 2990
964 0.001000 2990
965 0.001000 2990
966 0.001000 2990
967 0.001000 2990
968 0.001000 2990
969 0.001000 2990
970 0.001000 2990
971 0.001000 2990
972 0.001000 2990
973 0.001000 2990
974 0.001000 2990
975 0.001000 2990
976 0.001000 2990
977 0.001000 2990
978 0.001000 2990
979 0.001000 2990
980 0.001000 2990
981 0.001000 2990
982 0.001000 2990
983 0.001000 2990
984 0.001000 2990
985 0.001000 2990
986 0.001000 2990
987 0.001000 2990
988 0.001000 2990
989 0.001000 2990
990 0.001000 2990
991 0.001000 2990
992 0.001000 2990
993 0.001000 2990
994 0.001000 2990
995 0.001000 2990
996 0.001000 2990
997 0.001000 2990
998 0.001000 2990
999 0.001000 2990
1000 0.001000 2990
1001 0.001000 2990
1002 0.001000 2990
1003 0.001000 2990
1004 0.001000 2990
1005 0.001000 2990
1006 0.001000 2990
1007 0.001000 2990
1008 0.001000 2990
1009 0.001000 2990
1010 0.001000 2990
1011 0.001000 2990
1012 0.001000 2990
1013 0.001000 2990
1014 0.001000 2990
1015 0.001000 2990
1016 0.001000 2990
1017 0.001000 2990
1018 0.001000 2990
1019 0.001000 2990
1020 0.001000 2990
1021 0.001000 2990
1022 0.001000 2990
1023 0.001000 2990
1024 0.001000 2990
1025 0.001000 2990
1026 0.001000 2990
1027 0.001000 2990
1028 0.001000 2990
1029 0.001000 2990
1030 0.001000 2990
1031 0.001000 2990
1032 0.001000 2990
1033 0.001000 2990
1034 0.001000 2990
1035 0.001000 2990
1036 0.001000 2990
1037 0.001000 2990
1038 0.001000 2990
1039 0.001000 2990
1040 0.001000 2990
1041 0.001000 2990
1042 0.001000 2990
1043 0.001000 2990
1044 0.001000 2990
1045 0.001000 2990
1046 0.001000 2990
1047 0.001000 2990
1048 0.001000 2990
1049 0.001000 2990
1050 0.001000 2990
1051 0.001000 2990
1052 0.001000 2990
1053 0.001000 2990
1054 0.001000 2990
1055 0.001000 2990
1056 0.001000 2990
1057 0.001000 2990
1058 0.001000 2990
1059 0.001000 2990
1060 0.001000 2990
1061 0.001000 2990
1062 0.001000 2990
1063 0.001000 2990
1064 0.001000 2990
1065 0.001000 2990
1066 0.001000 2990
1067 0.001000 2990
1068 0.001000 2990
1069 0.001000 2990
1070 0.001000 2990
1071 0.001000 2990
1072 0.001000 2990
1073 0.001000 2990
1074 0.001000 2990
1075 0.001000 2990
1076 0.001000 2990
1077 0.001000 2990
1078 0.001000 2990
1079 0.001000 2990
1080 0.001000 2990
1081 0.001000 2990
1082 0.001000 2990
1083 0.001000 2990
1084 0.001000 2990
1085 0.001000 2990
1086 0.001000 2990
1087 0.001000 2990
1088 0.001000 2990
1089 0.001000 2990
1090 0.001000 2990
1091 0.001000 2990
1092 0.001000 2990
1093 0.001000 2990
1094 0.001000 2990
1095 0.001000 2990
1096 0.001000 2990
1097 0.001000 2990
1098 0.001000 2990
1099 0.001000 2990
1100 0.001000 2990
1101 0.001000 2990
1102 0.001000 2990
1103 0.001000 2990
1104 0.001000 2990
1105 0.001000 2990
1106 0.001000 2990
1107 0.001000 2990
1108 0.001000 2990
1109 0.001000 2990
1110 0.001000 2990
1111 0.001000 2990
1112 0.001000 2990
1113 0.001000 2990
1114 0.001000 2990
1115 0.001000 2990
1116 0.001000 2948
1117 0.001000 2948
1118 0.001000 2948
1119 0.001000 2948
1120 0.001000 2948
1121 0.001000 2948
1122 0.001000 2948
1123 0.001000 2948
1124 0.001000 2948
1125 0.001000 2948
1126 0.001000 2948
1127 0.001000 2948
1128 0.001000 2948
1129 0.001000 2948
1130 0.001000 2948
1131 0.001000 2948
1132 0.001000 2948
1133 0.001000 2948
1134 0.001000 2948
1135 0.001000 2948
1136 0.001000 2948
1137 0.001000 2948
1138 0.001000 2948
1139 0.001000 2948
1140 0.001000 2948
1141 0.001000 2948
1142 0.001000 2948
1143 0.001000 2948
1144 0.001000 2948
1145 0.001000 2948
1146 0.001000 2948
1147 0.001000 2948
1148 0.001000 2948
1149 0.001000 2948
1150 0.001000 2948
1151 0.001000 2948
1152 0.001000 2948
1153 0.001000 2948
1154 0.001000 2948
1155 0.001000 2948
1156 0.001000 2948
1157 0.001000 2948
1158 0.001000 2948
1159 0.001000 2948
1160 0.001000 2948
1161 0.001000 2948
1162 0.001000 2948
1163 0.001000 2948
1164 0.001000 2948
1165 0.001000 2948
1166 0.001000 2948
1167 0.001000 2948
1168 0.001000 2948
1169 0.001000 2948
1170 0.001000 2948
1171 0.001000 2948
1172 0.001000 2948
1173 0.001000 2948
1174 0.001000 2948
1175 0.001000 2948
1176 0.001000 2948
1177 0.001000 2948
1178 0.001000 2948
1179 0.001000 2948
1180 0.001000 2948
1181 0.001000 2948
1182 0.001000 2948
1183 0.001000 2948
1184 0.001000 2948
1185 0.001000 2948
1186 0.001000 2948
1187 0.001000 2948
1188 0.001000 2948
1189 0.001000 2948
1190 0.001000 2948
1191 0.001000 2948
1192 0.001000 2948
1193 0.001000 2948
1194 0.001000 2948
1195 0.001000 2948
1196 0.001000 2948
1197 0.001000 2948
1198 0.001000 2948
1199 0.001000 2948
1200 0.001000 2948
1201 0.001000 2948
1202 0.001000 2948
1203 0.001000 2948
1204 0.001000 2948
1205 0.001000 2948
1206 0.001000 2948
1207 0.001000 2948
1208 0.001000 2948
1209 0.001000 2948
1210 0.001000 2948
1211 0.001000 2948
1212 0.001000 2948
1213 0.001000 2948
1214 0.001000 2948
1215 0.001000 2948
1216 0.001000 2948
1217 0.001000 2948
1218 0.001000 2948
1219 0.001000 2948
1220 0.001000 2948
1221 0.001000 2948
1222 0.001000 2948
1223 0.001000 2948
1224 0.001000 2948
1225 0.001000 2948
1226 0.001000 2948
1227 0.001000 2948
1228 0.001000 2948
1229 0.001000 2948
1230 0.001000 2948
1231 0.001000 2948
1232 0.001000 2948
1233 0.001000 2948
1234 0.001000 2948
1235 0.001000 2948
1236 0.001000 2948
1237 0.001000 2948
1238 0.001000 2948
1239 0.001000 2948
1240 0.001000 2948
1241 0.001000 2948
1242 0.001000 2948
1243 0.001000 2948
1244 0.001000 2948
1245 0.001000 2948
1246 0.001000 2948
1247 0.001000 2948
1248 0.001000 2948
1249 0.001000 2948
1250 0.001000 2948
1251 0.001000 2948
1252 0.001000 2948
1253 0.001000 2948
1254 0.001000 2948
1255 0.001000 2948
1256 0.001000 2948
1257 0.001000 2948
1258 0.001000 2948
1259 0.001000 2948
1260 0.001000 2948
1261 0.001000 2948
1262 0.001000 2948
1263 0.001000 2948
1264 0.001000 2948
1265 0.001000 2948
1266 0.001000 2948
1267 0.001000 2948
1268 0.001000 2948
1269 0.001000 2948
1270 0.001000 2948
1271 0.001000 2948
1272 0.001000 2948
1273 0.001000 2948
1274 0.001000 2948
1275 0.001000 2948
1276 0.001000 2948
1277 0.001000 2948
1278 0.001000 2948
1279 0.001000 2948
1280 0.001000 2948
1281 0.001000 2948
1282 0.001000 2948
1283 0.001000 2948
1284 0.001000 2948
1285 0.001000 2948
1286 0.001000 2948
1287 0.001000 2948
1288 0.001000 2948
1289 0.001000 2948
1290 0.001000 2948
1291 0.001000 2948
1292 0.001000 2948
1293 0.001000 2948
1294 0.001000 2948
1295 0.001000 2948
1296 0.001000 2948
1297 0.001000 2948
1298 0.001000 2948
1299 0.001000 2948
1300 0.001000 2948
1301 0.001000 2948
1302 0.001000 2948
1303 0.001000 2948
1304 0.001000 2948
1305 0.001000 2948
1306 0.001000 2948
1307 0.001000 2948
1308 0.001000 2948
1309 0.001000 2948
1310 0.001000 2948
1311 0.001000 2948
1312 0.001000 2948
1313 0.001000 2948
1314 0.001000 2948
1315 0.001000 2948
1316 0.001000 2948
1317 0.001000 2948
1318 0.001000 2948
1319 0.001000 2948
1320 0.001000 2948
1321 0.001000 2948
1322 0.001000 2948
1323 0.001000 2948
1324 0.001000 2948
1325 0.001000 2948
1326 0.001000 2948
1327 0.001000 2948
1328 0.001000 2948
1329 0.001000 2948
1330 0.001000 2948
1331 0.001000 2948
1332 0.001000 2948
1333 0.001000 2948
1334 0.001000 2948
1335 0.001000 2948
1336 0.001000 2948
1337 0.001000 2948
1338 0.001000 2948
1339 0.001000 2948
1340 0.001000 2948
1341 0.001000 2948
1342 0.001000 2948
1343 0.001000 2948
1344 0.001000 2948
1345 0.001000 2948
1346 0.001000 2948
1347 0.001000 2948
1348 0.001000 2948
1349 0.001000 2948
1350 0.001000 2948
1351 0.001000 2948
1352 0.001000 2948
1353 0.001000 2948
1354 0.001000 2948
1355 0.001000 2948
1356 0.001000 2948
1357 0.001000 2948
1358 0.001000 2948
1359 0.001000 2948
1360 0.001000 2948
1361 0.001000 2948
1362 0.001000 2948
1363 0.001000 2948
1364 0.001000 2948
1365 0.001000 2948
1366 0.001000 2948
1367 0.001000 2948
1368 0.001000 2948
1369 0.001000 2948
1370 0.001000 2948
1371 0.001000 2948
1372 0.001000 2948
1373 0.001000 2948
1374 0.001000 2948
1375 0.001000 2948
1376 0.001000 2948
1377 0.001000 2948
1378 0.001000 2948
1379 0.001000 2948
1380 0.001000 2948
1381 0.001000 2948
1382 0.001000 2948
1383 0.001000 2948
1384 0.001000 2948
1385 0.001000 2948
1386 0.001000 2948
1387 0.001000 2948
1388 0.001000 2948
1389 0.001000 2948
1390 0.001000 2948
1391 0.001000 2948
1392 0.001000 2948
1393 0.001000 2948
1394 0.001000 2948
1395 0.001000 2948
1396 0.001000 2948
1397 0.001000 2948
1398 0.001000 2948
1399 0.001000 2948
1400 0.001000 2948
1401 0.001000 2948
1402 0.001000 2948
1403 0.001000 2948
1404 0.001000 2948
1405 0.001000 2948
1406 0.001000 2948
1407 0.001000 2948
1408 0.001000 2948
1409 0.001000 2948
1410 0.001000 2948
1411 0.001000 2948
1412 0.001000 2948
1413 0.001000 2948
1414 0.001000 2948
1415 0.001000 2948
1416 0.001000 2948
1417 0.001000 2948
1418 0.001000 2948
1419 0.001000 2948
1420 0.001000 2948
1421 0.001000 2948
1422 0.001000 2948
1423 0.001000 2948
1424 0.001000 2948
1425 0.001000 2948
1426 0.001000 2948
1427 0.001000 2948
1428 0.001000 2948
1429 0.001000 2948
1430 0.001000 2948
1431 0.001000 2948
1432 0.001000 2948
1433 0.001000 2948
1434 0.001000 2948
1435 0.001000 2948
1436 0.001000 2948
1437 0.001000 2948
1438 0.001000 2948
1439 0.001000 2948
1440 0.001000 2948
1441 0.001000 2948
1442 0.001000 2948
1443 0.001000 2948
1444 0.001000 2948
1445 0.001000 2948
1446 0.001000 2948
1447 0.001000 2948
1448 0.001000 2948
1449 0.001000 2948
1450 0.001000 2948
1451 0.001000 2948
1452 0.001000 2948
1453 0.001000 2948
1454 0.001000 2948
1455 0.001000 2948
1456 0.001000 2948
1457 0.001000 2948
1458 0.001000 2948
1459 0.001000 2948
1460 0.001000 2948
1461 0.001000 2948
1462 0.001000 2948
1463 0.001000 2948
1464 0.001000 2948
1465 0.001000 2948
1466 0.001000 2948
1467 0.002000 2948
1468 0.002000 2948
1469 0.002000 2948
1470 0.002000 2948
1471 0.002000 2948
1472 0.002000 2948
1473 0.002000 2948
1474 0.002000 2948
1475 0.002000 2948
1476 0.002000 2948
1477 0.002000 2948
1478 0.002000 2948
1479 0.002000 2948
1480 0.002000 2948
1481 0.002000 2948
1482 0.002000 2948
1483 0.002000 2948
1484 0.002000 2948
1485 0.002000 2948
1486 0.002000 2948
1487 0.002000 2948
1488 0.002000 2948
1489 0.002000 2948
1490 0.002000 2948
1491 0.002000 2948
1492 0.002000 2948
1493 0.002000 2948
1494 0.002000 2948
1495 0.002000 2948
1496 0.002000 2948
1497 0.002000 2948
1498 0.002000 2948
1499 0.002000 2948
1500 0.002000 2948
1501 0.002000 2948
1502 0.002000 2948
1503 0.002000 2948
1504 0.002000 2948
1505 0.002000 2948
1506 0.002000 2948
1507 0.002000 2948
1508 0.002000 2948
1509 0.002000 2948
1510 0.002000 2948
1511 0.002000 2948
1512 0.002000 2948
1513 0.002000 2948
1514 0.002000 2948
1515 0.002000 2948
1516 0.002000 2948
1517 0.002000 2948
1518 0.002000 2948
1519 0.002000 2948
1520 0.002000 2948
1521 0.002000 2948
1522 0.002000 2948
1523 0.002000 2948
1524 0.002000 2948
1525 0.002000 2948
1526 0.002000 2948
1527 0.002000 2948
1528 0.002000 2948
1529 0.002000 2948
1530 0.002000 2948
1531 0.002000 2948
1532 0.002000 2948
1533 0.002000 2948
1534 0.002000 2948
1535 0.002000 2948
1536 0.002000 2948
1537 0.002000 2948
1538 0.002000 2948
1539 0.002000 2948
1540 0.002000 2948
1541 0.002000 2948
1542 0.002000 2948
1543 0.002000 2948
1544 0.002000 2948
1545 0.002000 2948
1546 0.002000 2948
1547 0.002000 2948
1548 0.002000 2948
1549 0.002000 2948
1550 0.002000 2948
1551 0.002000 2948
1552 0.002000 2948
1553 0.002000 2948
1554 0.002000 2948
1555 0.002000 2948
1556 0.002000 2948
1557 0.002000 2948
1558 0.002000 2948
1559 0.002000 2948
1560 0.002000 2948
1561 0.002000 2948
1562 0.002000 2948
1563 0.002000 2948
1564 0.002000 2948
1565 0.002000 2948
1566 0.002000 2948
1567 0.002000 2948
1568 0.002000 2948
1569 0.002000 2948
1570 0.002000 2948
1571 0.002000 2948
1572 0.002000 2948
1573 0.002000 2948
1574 0.002000 2948
1575 0.002000 2948
1576 0.002000 2948
1577 0.002000 2948
1578 0.002000 2948
1579 0.002000 2948
1580 0.002000 2948
1581 0.002000 2948
1582 0.002000 2948
1583 0.002000 2948
1584 0.002000 2948
1585 0.002000 2948
1586 0.002000 2948
1587 0.002000 2948
1588 0.002000 2948
1589 0.002000 2948
1590 0.002000 2948
1591 0.002000 2948
1592 0.002000 2948
1593 0.002000 2948
1594 0.002000 2948
1595 0.002000 2948
1596 0.002000 2948
1597 0.002000 2948
1598 0.002000 2948
1599 0.002000 2948
1600 0.002000 2948
1601 0.002000 2948
1602 0.002000 2948
1603 0.002000 2948
1604 0.002000 2948
1605 0.002000 2948
1606 0.002000 2948
1607 0.002000 2948
1608 0.002000 2948
1609 0.002000 2948
1610 0.002000 2948
1611 0.002000 2948
1612 0.002000 2948
1613 0.002000 2948
1614 0.002000 2948
1615 0.002000 2948
1616 0.002000 2948
1617 0.002000 2948
1618 0.002000 2948
1619 0.002000 2948
1620 0.002000 2948
1621 0.002000 2948
1622 0.002000 2948
1623 0.002000 2948
1624 0.002000 2948
1625 0.002000 2948
1626 0.002000 2948
1627 0.002000 2948
1628 0.002000 2948
1629 0.002000 2948
1630 0.002000 2948
1631 0.002000 2948
1632 0.002000 2948
1633 0.002000 2948
1634 0.002000 2948
1635 0.002000 2948
1636 0.002000 2948
1637 0.002000 2948
1638 0.002000 2948
1639 0.002000 2948
1640 0.002000 2948
1641 0.002000 2948
1642 0.002000 2948
1643 0.002000 2948
1644 0.002000 2948
1645 0.002000 2948
1646 0.002000 2948
1647 0.002000 2948
1648 0.002000 2948
1649 0.002000 2948
1650 0.002000 2948
1651 0.002000 2948
1652 0.002000 2948
1653 0.002000 2948
1654 0.002000 2948
1655 0.002000 2948
1656 0.002000 2948
1657 0.002000 2948
1658 0.002000 2948
1659 0.002000 2948
1660 0.002000 2948
1661 0.002000 2948
1662 0.002000 2948
1663 0.002000 2948
1664 0.002000 2948
1665 0.002000 2948
1666 0.002000 2948
1667 0.002000 2948
1668 0.002000 2948
1669 0.002000 2948
1670 0.002000 2948
1671 0.002000 2948
1672 0.002000 2948
1673 0.002000 2948
1674 0.002000 2948
1675 0.002000 2948
1676 0.002000 2948
1677 0.002000 2948
1678 0.002000 2948
1679 0.002000 2948
1680 0.002000 2948
1681 0.002000 2948
1682 0.002000 2948
1683 0.002000 2948
1684 0.002000 2948
1685 0.002000 2948
1686 0.002000 2948
1687 0.002000 2948
1688 0.002000 2948
1689 0.002000 2948
1690 0.002000 2948
1691 0.002000 2948
1692 0.002000 2948
1693 0.002000 2948
1694 0.002000 2948
1695 0.002000 2948
1696 0.002000 2948
1697 0.002000 2948
1698 0.002000 2948
1699 0.002000 2948
1700 0.002000 2948
1701 0.002000 2948
1702 0.002000 2948
1703 0.002000 2948
1704 0.002000 2948
1705 0.002000 2948
1706 0.002000 2948
1707 0.002000 2948
1708 0.002000 2948
1709 0.002000 2948
1710 0.002000 2948
1711 0.002000 2948
1712 0.002000 2948
1713 0.002000 2948
1714 0.002000 2948
1715 0.002000 2948
1716 0.002000 2948
1717 0.002000 2948
1718 0.002000 2948
1719 0.002000 2948
1720 0.002000 2948
1721 0.002000 2948
1722 0.002000 2948
1723 0.002000 2948
1724 0.002000 2948
1725 0.002000 2948
1726 0.002000 2948
1727 0.002000 2948
1728 0.002000 2948
1729 0.002000 2948
1730 0.002000 2948
1731 0.002000 2948
1732 0.002000 2948
1733 0.002000 2948
1734 0.002000 2948
1735 0.002000 2948
1736 0.002000 2948
1737 0.002000 2948
1738 0.002000 2948
1739 0.002000 2948
1740 0.002000 2948
1741 0.002000 2948
1742 0.002000 2948
1743 0.002000 2948
1744 0.002000 2948
1745 0.002000 2948
1746 0.002000 2948
1747 0.002000 2948
1748 0.002000 2948
1749 0.002000 2948
1750 0.002000 2948
1751 0.002000 2948
1752 0.002000 2948
1753 0.002000 2948
1754 0.002000 2948
1755 0.002000 2948
1756 0.002000 2948
1757 0.002000 2948
1758 0.002000 2948
1759 0.002000 2948
1760 0.002000 2948
1761 0.002000 2948
1762 0.002000 2948
1763 0.002000 2948
1764 0.002000 2948
1765 0.002000 2948
1766 0.002000 2948
1767 0.002000 2948
1768 0.002000 2948
1769 0.002000 2948
1770 0.002000 2948
1771 0.002000 2948
1772 0.002000 2948
1773 0.002000 2948
1774 0.002000 2948
1775 0.002000 2948
1776 0.002000 2948
1777 0.002000 2948
1778 0.002000 2948
1779 0.002000 2948
1780 0.002000 2948
1781 0.002000 2948
1782 0.002000 2948
1783 0.002000 2948
1784 0.002000 2948
1785 0.002000 2948
1786 0.002000 2948
1787 0.002000 2948
1788 0.002000 2948
1789 0.002000 2948
1790 0.002000 2948
1791 0.002000 2948
1792 0.002000 2948
1793 0.002000 2948
1794 0.002000 2948
1795 0.002000 2948
1796 0.002000 2948
1797 0.002000 2948
1798 0.002000 2948
1799 0.002000 2948
1800 0.002000 2948
1801 0.002000 2948
1802 0.002000 2948
1803 0.002000 2948
1804 0.002000 2948
1805 0.002000 2948
1806 0.002000 2948
1807 0.002000 2948
1808 0.002000 2948
1809 0.002000 2948
1810 0.002000 2948
1811 0.002000 2948
1812 0.002000 2948
1813 0.002000 2948
1814 0.002000 2948
1815 0.002000 2948
1816 0.002000 2948
1817 0.002000 2948
1818 0.002000 2948
1819 0.002000 2948
1820 0.002000 2948
1821 0.002000 2948
1822 0.002000 2948
1823 0.002000 2948
1824 0.002000 2948
1825 0.002000 2948
1826 0.002000 2948
1827 0.002000 2948
1828 0.002000 2948
1829 0.002000 2948
1830 0.002000 2948
1831 0.002000 2948
1832 0.002000 2948
1833 0.002000 2948
1834 0.002000 2948
1835 0.002000 2948
1836 0.002000 2948
1837 0.002000 2948
1838 0.002000 2948
1839 0.002000 2948
1840 0.002000 2948
1841 0.002000 2948
1842 0.002000 2948
1843 0.002000 2948
1844 0.002000 2948
1845 0.002000 2948
1846 0.002000 2948
1847 0.002000 2948
1848 0.002000 2948
1849 0.002000 2948
1850 0.002000 2948
1851 0.002000 2948
1852 0.002000 2948
1853 0.002000 2948
1854 0.002000 2948
1855 0.002000 2948
1856 0.002000 2948
1857 0.002000 2948
1858 0.002000 2948
1859 0.002000 2948
1860 0.002000 2948
1861 0.002000 2948
1862 0.002000 2948
1863 0.002000 2948
1864 0.002000 2948
1865 0.002000 2948
1866 0.002000 2948
1867 0.002000 2948
1868 0.002000 2948
1869 0.002000 2948
1870 0.002000 2948
1871 0.002000 2948
1872 0.002000 2948
1873 0.002000 2948
1874 0.002000 2948
1875 0.002000 2948
1876 0.002000 2948
1877 0.002000 2948
1878 0.002000 2948
1879 0.002000 2948
1880 0.002000 2948
1881 0.002000 2948
1882 0.002000 2948
1883 0.002000 2948
1884 0.002000 2948
1885 0.002000 2948
1886 0.002000 2948
1887 0.002000 2948
1888 0.002000 2948
1889 0.002000 2948
1890 0.002000 2948
1891 0.002000 2948
1892 0.002000 2948
1893 0.002000 2948
1894 0.002000 2948
1895 0.002000 2948
1896 0.002000 2948
1897 0.002000 2948
1898 0.002000 2948
1899 0.002000 2948
1900 0.002000 2948
1901 0.002000 2948
1902 0.002000 2948
1903 0.002000 2948
1904 0.002000 2948
1905 0.002000 2948
1906 0.002000 2948
1907 0.002000 2948
1908 0.002000 2948
1909 0.002000 2948
1910 0.002000 2948
1911 0.002000 2948
1912 0.002000 2948
1913 0.002000 2948
1914 0.002000 2948
1915 0.002000 2948
1916 0.002000 2948
1917 0.002000 2948
1918 0.002000 2948
1919 0.002000 2948
1920 0.002000 2948
1921 0.002000 2948
1922 0.002000 2948
1923 0.002000 2948
1924 0.002000 2948
1925 0.002000 2948
1926 0.002000 2948
1927 0.002000 2948
1928 0.002000 2948
1929 0.002000 2948
1930 0.002000 2948
1931 0.002000 2948
1932 0.002000 2948
1933 0.002000 2948
1934 0.002000 2948
1935 0.002000 2948
1936 0.002000 2948
1937 0.002000 2948
1938 0.002000 2948
1939 0.002000 2948
1940 0.002000 2948
1941 0.002000 2948
1942 0.002000 2948
1943 0.002000 2948
1944 0.002000 2948
1945 0.002000 2948
1946 0.002000 2948
1947 0.002000 2948
1948 0.002000 2948
1949 0.002000 2948
1950 0.002000 2948
1951 0.002000 2948
1952 0.002000 2948
1953 0.002000 2948
1954 0.002000 2948
1955 0.002000 2948
1956 0.002000 2948
1957 0.002000 2948
1958 0.002000 2948
1959 0.002000 2948
1960 0.002000 2948
1961 0.002000 2948
1962 0.002000 2948
1963 0.002000 2948
1964 0.002000 2948
1965 0.002000 2948
1966 0.002000 2948
1967 0.002000 2948
1968 0.002000 2948
1969 0.002000 2948
1970 0.002000 2948
1971 0.002000 2948
1972 0.002000 2948
1973 0.002000 2948
1974 0.002000 2948
1975 0.002000 2948
1976 0.002000 2948
1977 0.002000 2948
1978 0.002000 2948
1979 0.002000 2948
1980 0.002000 2948
1981 0.002000 2948
1982 0.002000 2948
1983 0.002000 2948
1984 0.002000 2948
1985 0.002000 2948
1986 0.002000 2948
1987 0.002000 2948
1988 0.002000 2948
1989 0.002000 2948
1990 0.002000 2948
1991 0.002000 2948
1992 0.002000 2948
1993 0.002000 2948
1994 0.002000 2948
1995 0.002000 2948
1996 0.002000 2948
1997 0.002000 2948
1998 0.002000 2948
1999 0.002000 2948
2000 0.002000 2948
2001 0.002000 2948
2002 0.002000 2948
2003 0.002000 2948
2004 0.002000 2948
2005 0.002000 2948
2006 0.002000 2948
2007 0.002000 2948
2008 0.002000 2948
2009 0.002000 2948
2010 0.002000 2948
2011 0.002000 2948
2012 0.002000 2948
2013 0.002000 2948
2014 0.002000 2948
2015 0.002000 2948
2016 0.002000 2948
2017 0.002000 2948
2018 0.002000 2948
2019 0.002000 2948
2020 0.002000 2948
2021 0.002000 2948
2022 0.002000 2948
2023 0.002000 2948
2024 0.002000 2948
2025 0.002000 2948
2026 0.002000 2948
2027 0.002000 2948
2028 0.002000 2948
2029 0.002000 2948
2030 0.002000 2948
2031 0.002000 2948
2032 0.002000 2948
2033 0.002000 2948
2034 0.002000 2948
2035 0.002000 2948
2036 0.002000 2948
2037 0.002000 2948
2038 0.002000 2948
2039 0.002000 2948
2040 0.002000 2948
2041 0.002000 2948
2042 0.002000 2948
2043 0.002000 2948
2044 0.002000 2948
2045 0.002000 2948
2046 0.002000 2948
2047 0.002000 2948
2048 0.002000 2948
2049 0.002000 2948
2050 0.002000 2948
2051 0.002000 2948
2052 0.002000 2948
2053 0.002000 2948
2054 0.002000 2948
2055 0.002000 2948
2056 0.002000 2948
2057 0.002000 2948
2058 0.002000 2948
2059 0.002000 2948
2060 0.002000 2948
2061 0.002000 2948
2062 0.002000 2948
2063 0.002000 2948
2064 0.002000 2948
2065 0.002000 2948
2066 0.002000 2948
2067 0.002000 2948
2068 0.002000 2948
2069 0.002000 2948
2070 0.002000 2948
2071 0.002000 2948
2072 0.002000 2948
2073 0.002000 2948
2074 0.002000 2948
2075 0.002000 2948
2076 0.002000 2948
2077 0.002000 2948
2078 0.002000 2948
2079 0.002000 2948
2080 0.002000 2948
2081 0.002000 2948
2082 0.002000 2948
2083 0.002000 2948
2084 0.002000 2948
2085 0.002000 2948
2086 0.002000 2948
2087 0.002000 2948
2088 0.002000 2948
2089 0.002000 2948
2090 0.002000 2948
2091 0.002000 2948
2092 0.002000 2948
2093 0.002000 2948
2094 0.002000 2948
2095 0.002000 2948
2096 0.002000 2948
2097 0.002000 2948
2098 0.002000 2948
2099 0.002000 2948
2100 0.002000 2948
2101 0.002000 2948
2102 0.002000 2948
2103 0.002000 2948
2104 0.002000 2948
2105 0.002000 2948
2106 0.002000 2948
2107 0.002000 2948
2108 0.002000 2948
2109 0.002000 2948
2110 0.002000 2948
2111 0.002000 2948
2112 0.002000 2948
2113 0.002000 2948
2114 0.002000 2948
2115 0.002000 2948
2116 0.002000 2948
2117 0.002000 2948
2118 0.002000 2948
2119 0.002000 2948
2120 0.002000 2948
2121 0.002000 2948
2122 0.002000 2948
2123 0.002000 2948
2124 0.002000 2948
2125 0.002000 2948
2126 0.002000 2948
2127 0.002000 2948
2128 0.002000 2948
2129 0.002000 2948
2130 0.002000 2948
2131 0.002000 2948
2132 0.002000 2948
2133 0.002000 2948
2134 0.002000 2948
2135 0.002000 2948
2136 0.002000 2948
2137 0.002000 2948
2138 0.002000 2948
2139 0.002000 2948
2140 0.002000 2948
2141 0.002000 2948
2142 0.002000 2948
2143 0.002000 2948
2144 0.002000 2948
2145 0.002000 2948
2146 0.002000 2948
2147 0.002000 2948
2148 0.002000 2948
2149 0.002000 2948
2150 0.002000 2948
2151 0.002000 2948
2152 0.002000 2948
2153 0.002000 2948
2154 0.002000 2948
2155 0.002000 2948
2156 0.002000 2948
2157 0.002000 2948
2158 0.002000 2948
2159 0.002000 2948
2160 0.002000 2948
2161 0.002000 2948
2162 0.002000 2948
2163 0.002000 2948
2164 0.002000 2948
2165 0.002000 2948
2166 0.002000 2948
2167 0.002000 2948
2168 0.002000 2948
2169 0.002000 2948
2170 0.002000 2948
2171 0.002000 2948
2172 0.002000 2948
2173 0.002000 2948
2174 0.002000 2948
2175 0.002000 2948
2176 0.002000 2948
2177 0.002000 2948
2178 0.002000 2948
2179 0.002000 2948
2180 0.002000 2948
2181 0.002000 2948
2182 0.002000 2948
2183 0.002000 2948
2184 0.002000 2948
2185 0.002000 2948
2186 0.002000 2948
2187 0.002000 2948
2188 0.002000 2948
2189 0.002000 2948
2190 0.002000 2948
2191 0.002000 2948
2192 0.002000 2948
2193 0.002000 2948
2194 0.002000 2948
2195 0.002000 2948
2196 0.002000 2948
2197 0.002000 2948
2198 0.002000 2948
2199 0.002000 2948
2200 0.002000 2948
2201 0.002000 2948
2202 0.002000 2948
2203 0.002000 2948
2204 0.002000 2948
2205 0.002000 2948
2206 0.002000 2948
2207 0.002000 2948
2208 0.002000 2948
2209 0.002000 2948
2210 0.002000 2948
2211 0.002000 2948
2212 0.002000 2948
2213 0.002000 2948
2214 0.002000 2948
2215 0.002000 2948
2216 0.002000 2948
2217 0.002000 2948
2218 0.002000 2948
2219 0.002000 2948
2220 0.002000 2948
2221 0.002000 2948
2222 0.002000 2948
2223 0.002000 2948
2224 0.002000 2948
2225 0.002000 2948
2226 0.002000 2948
2227 0.002000 2948
2228 0.002000 2948
2229 0.002000 2948
2230 0.002000 2948
2231 0.002000 2948
2232 0.002000 2948
2233 0.002000 2948
2234 0.002000 2948
2235 0.002000 2948
2236 0.002000 2948
2237 0.002000 2948
2238 0.002000 2948
2239 0.002000 2948
2240 0.002000 2948
2241 0.002000 2948
2242 0.002000 2948
2243 0.002000 2948
2244 0.002000 2948
2245 0.002000 2948
2246 0.002000 2948
2247 0.002000 2948
2248 0.002000 2948
2249 0.002000 2948
2250 0.002000 2948
2251 0.002000 2948
2252 0.002000 2948
2253 0.002000 2948
2254 0.003000 2948
2255 0.003000 2948
2256 0.003000 2948
2257 0.003000 2948
2258 0.003000 2948
2259 0.003000 2948
2260 0.003000 2948
2261 0.003000 2948
2262 0.003000 2948
2263 0.003000 2948
2264 0.003000 2948
2265 0.003000 2948
2266 0.003000 2948
2267 0.003000 2948
2268 0.003000 2948
2269 0.003000 2948
2270 0.003000 2948
2271 0.003000 2948
2272 0.003000 2948
2273 0.003000 2948
2274 0.003000 2948
2275 0.003000 2948
2276 0.003000 2948
2277 0.003000 2948
2278 0.003000 2948
2279 0.003000 2948
2280 0.003000 2948
2281 0.003000 2948
2282 0.003000 2948
2283 0.003000 2948
2284 0.003000 2948
2285 0.003000 2948
2286 0.003000 2948
2287 0.003000 2948
2288 0.003000 2948
2289 0.003000 2948
2290 0.003000 2948
2291 0.003000 2948
2292 0.003000 2948
2293 0.003000 2948
2294 0.003000 2948
2295 0.003000 2948
2296 0.003000 2948
2297 0.003000 2948
2298 0.003000 2948
2299 0.003000 2948
2300 0.003000 2948
2301 0.003000 2948
2302 0.003000 2948
2303 0.003000 2948
2304 0.003000 2948
2305 0.003000 2948
2306 0.003000 2948
2307 0.003000 2948
2308 0.003000 2948
2309 0.003000 2948
2310 0.003000 2948
2311 0.003000 2948
2312 0.003000 2948
2313 0.003000 2948
2314 0.003000 2948
2315 0.003000 2948
2316 0.003000 2948
2317 0.003000 2948
2318 0.003000 2948
2319 0.003000 2948
2320 0.003000 2948
2321 0.003000 2948
2322 0.003000 2948
2323 0.003000 2948
2324 0.003000 2948
2325 0.003000 2948
2326 0.003000 2948
2327 0.003000 2948
2328 0.003000 2948
2329 0.003000 2948
2330 0.003000 2948
2331 0.003000 2948
2332 0.003000 2948
2333 0.003000 2948
2334 0.003000 2948
2335 0.003000 2948
2336 0.003000 2948
2337 0.003000 2948
2338 0.003000 2948
2339 0.003000 2948
2340 0.003000 2948
2341 0.003000 2948
2342 0.003000 2948
2343 0.003000 2948
2344 0.003000 2948
2345 0.003000 2948
2346 0.003000 2948
2347 0.003000 2948
2348 0.003000 2948
2349 0.003000 2948
2350 0.003000 2948
2351 0.003000 2948
2352 0.003000 2948
2353 0.003000 2948
2354 0.003000 2948
2355 0.003000 2948
2356 0.003000 2948
2357 0.003000 2948
2358 0.003000 2948
2359 0.003000 2948
2360 0.003000 2948
2361 0.003000 2948
2362 0.003000 2948
2363 0.003000 2948
2364 0.003000 2948
2365 0.003000 2948
2366 0.003000 2948
2367 0.003000 2948
2368 0.003000 2948
2369 0.003000 2948
2370 0.003000 2948
2371 0.003000 2948
2372 0.003000 2948
2373 0.003000 2948
2374 0.003000 2948
2375 0.003000 2948
2376 0.003000 2948
2377 0.003000 2948
2378 0.003000 2948
2379 0.003000 2948
2380 0.003000 2948
2381 0.003000 2948
2382 0.003000 2948
2383 0.003000 2948
2384 0.003000 2948
2385 0.003000 2948
2386 0.003000 2948
2387 0.003000 2948
2388 0.003000 2948
2389 0.003000 2948
2390 0.003000 2948
2391 0.003000 2948
2392 0.003000 2948
2393 0.003000 2948
2394 0.003000 2948
2395 0.003000 2948
2396 0.003000 2948
2397 0.003000 2948
2398 0.003000 2948
2399 0.003000 2948
2400 0.003000 2948
2401 0.003000 2948
2402 0.003000 2948
2403 0.003000 2948
2404 0.003000 2948
2405 0.003000 2948
2406 0.003000 2948
2407 0.003000 2948
2408 0.003000 2948
2409 0.003000 2948
2410 0.003000 2948
2411 0.003000 2948
2412 0.003000 2948
2413 0.003000 2948
2414 0.003000 2948
2415 0.003000 2948
2416 0.003000 2948
2417 0.003000 2948
2418 0.003000 2948
2419 0.003000 2948
2420 0.003000 2948
2421 0.003000 2948
2422 0.003000 2948
2423 0.003000 2948
2424 0.003000 2948
2425 0.003000 2948
2426 0.003000 2948
2427 0.003000 2948
2428 0.003000 2948
2429 0.003000 2948
2430 0.003000 2948
2431 0.003000 2948
2432 0.003000 2948
2433 0.003000 2948
2434 0.003000 2948
2435 0.003000 2948
2436 0.003000 2948
2437 0.003000 2948
2438 0.003000 2948
2439 0.003000 2948
2440 0.003000 2948
2441 0.003000 2948
2442 0.003000 2948
2443 0.003000 2948
2444 0.003000 2948
2445 0.003000 2948
2446 0.003000 2948
2447 0.003000 2948
2448 0.003000 2948
2449 0.003000 2948
2450 0.003000 2948
2451 0.003000 2948
2452 0.003000 2948
2453 0.003000 2948
2454 0.003000 2948
2455 0.003000 2948
2456 0.003000 2948
2457 0.003000 2948
2458 0.003000 2948
2459 0.003000 2948
2460 0.003000 2948
2461 0.003000 2948
2462 0.003000 2948
2463 0.003000 2948
2464 0.003000 2948
2465 0.003000 2948
2466 0.003000 2948
2467 0.003000 2948
2468 0.003000 2948
2469 0.003000 2948
2470 0.003000 2948
2471 0.004000 2948
2472 0.004000 2948
2473 0.004000 2948
2474 0.004000 2948
2475 0.004000 2948
2476 0.004000 2948
2477 0.004000 2948
2478 0.004000 2948
2479 0.004000 2948
2480 0.004000 2948
2481 0.004000 2948
2482 0.004000 2948
2483 0.004000 2948
2484 0.004000 2948
2485 0.004000 2948
2486 0.004000 2948
2487 0.004000 2948
2488 0.004000 2948
2489 0.004000 2948
2490 0.004000 2948
2491 0.004000 2948
2492 0.004000 2948
2493 0.004000 2948
2494 0.004000 2948
2495 0.004000 2948
2496 0.004000 2948
2497 0.004000 2948
2498 0.004000 2948
2499 0.004000 2948
2500 0.004000 2948
2501 0.004000 2948
2502 0.004000 2948
2503 0.004000 2948
2504 0.004000 2948
2505 0.004000 2948
2506 0.004000 2948
2507 0.004000 2948
2508 0.004000 2948
2509 0.004000 2948
2510 0.004000 2948
2511 0.004000 2948
2512 0.004000 2948
2513 0.004000 2948
2514 0.004000 2948
2515 0.004000 2948
2516 0.004000 2948
2517 0.004000 2948
2518 0.004000 2948
2519 0.004000 2948
2520 0.004000 2948
2521 0.004000 2948
2522 0.004000 2948
2523 0.004000 2948
2524 0.004000 2948
2525 0.004000 2948
2526 0.004000 2948
2527 0.004000 2948
2528 0.004000 2948
2529 0.004000 2948
2530 0.004000 2948
2531 0.004000 2948
2532 0.004000 2948
2533 0.004000 2948
2534 0.004000 2948
2535 0.004000 2948
2536 0.004000 2948
2537 0.004000 2948
2538 0.004000 2948
2539 0.004000 2948
2540 0.004000 2948
2541 0.004000 2948
2542 0.004000 2948
2543 0.004000 2948
2544 0.004000 2948
2545 0.004000 2948
2546 0.004000 2948
2547 0.004000 2948
2548 0.004000 2948
2549 0.004000 2948
2550 0.004000 2948
2551 0.004000 2948
2552 0.004000 2948
2553 0.004000 2948
2554 0.004000 2948
2555 0.004000 2948
2556 0.004000 2948
2557 0.004000 2948
2558 0.004000 2948
2559 0.004000 2948
2560 0.004000 2948
2561 0.004000 2948
2562 0.004000 2948
2563 0.004000 2948
2564 0.004000 2948
2565 0.004000 2948
2566 0.004000 2948
2567 0.004000 2948
2568 0.004000 2948
2569 0.004000 2948
2570 0.004000 2948
2571 0.004000 2948
2572 0.004000 2948
2573 0.004000 2948
2574 0.004000 2948
2575 0.004000 2948
2576 0.004000 2948
2577 0.004000 2948
2578 0.004000 2948
2579 0.004000 2948
2580 0.004000 2948
2581 0.004000 2948
2582 0.004000 2948
2583 0.004000 2948
2584 0.004000 2948
2585 0.004000 2948
2586 0.004000 2948
2587 0.004000 2948
2588 0.004000 2948
2589 0.004000 2948
2590 0.004000 2948
2591 0.004000 2948
2592 0.004000 2948
2593 0.004000 2948
2594 0.004000 2948
2595 0.004000 2948
2596 0.004000 2948
2597 0.004000 2948
2598 0.004000 2948
2599 0.004000 2948
2600 0.004000 2948
2601 0.004000 2948
2602 0.004000 2948
2603 0.004000 2948
2604 0.004000 2948
2605 0.004000 2948
2606 0.004000 2948
2607 0.004000 2948
2608 0.004000 2948
2609 0.004000 2948
2610 0.004000 2948
2611 0.004000 2948
2612 0.004000 2948
2613 0.004000 2948
2614 0.004000 2948
2615 0.004000 2948
2616 0.004000 2948
2617 0.004000 2948
2618 0.004000 2948
2619 0.004000 2948
2620 0.004000 2948
2621 0.004000 2948
2622 0.004000 2948
2623 0.004000 2948
2624 0.004000 2948
2625 0.004000 2948
2626 0.004000 2948
2627 0.004000 2948
2628 0.004000 2948
2629 0.004000 2948
2630 0.004000 2948
2631 0.004000 2948
2632 0.004000 2948
2633 0.004000 2948
2634 0.004000 2948
2635 0.004000 2948
2636 0.004000 2948
2637 0.004000 2948
2638 0.004000 2948
2639 0.004000 2948
2640 0.004000 2948
2641 0.004000 2948
2642 0.004000 2948
2643 0.004000 2948
2644 0.004000 2948
2645 0.004000 2948
2646 0.004000 2948
2647 0.004000 2948
2648 0.004000 2948
2649 0.004000 2948
2650 0.004000 2948
2651 0.004000 2948
2652 0.004000 2948
2653 0.004000 2948
2654 0.004000 2948
2655 0.004000 2948
2656 0.004000 2948
2657 0.004000 2948
2658 0.004000 2948
2659 0.004000 2948
2660 0.004000 2948
2661 0.004000 2948
2662 0.004000 2948
2663 0.004000 2948
2664 0.004000 2948
2665 0.004000 2948
2666 0.004000 2948
2667 0.004000 2948
2668 0.004000 2948
2669 0.004000 2948
2670 0.004000 2948
2671 0.004000 2948
2672 0.004000 2948
2673 0.004000 2948
2674 0.004000 2948
2675 0.004000 2948
2676 0.004000 2948
2677 0.004000 2948
2678 0.004000 2948
2679 0.004000 2948
2680 0.004000 2948
2681 0.004000 2948
2682 0.004000 2948
2683 0.004000 2948
2684 0.004000 2948
2685 0.004000 2948
2686 0.004000 2948
2687 0.004000 2948
2688 0.004000 2948
2689 0.004000 2948
2690 0.004000 2948
2691 0.004000 2948
2692 0.004000 2948
2693 0.004000 2948
2694 0.004000 2948
2695 0.004000 2948
2696 0.004000 2948
2697 0.004000 2948
2698 0.004000 2948
2699 0.004000 2948
2700 0.004000 2948
2701 0.004000 2948
2702 0.004000 2948
2703 0.004000 2948
2704 0.004000 2948
2705 0.004000 2948
2706 0.004000 2948
2707 0.004000 2948
2708 0.004000 2948
2709 0.004000 2948
2710 0.004000 2948
2711 0.004000 2948
2712 0.004000 2948
2713 0.004000 2948
2714 0.004000 2948
2715 0.004000 2948
2716 0.004000 2948
2717 0.004000 2948
2718 0.004000 2948
2719 0.004000 2948
2720 0.004000 2948
2721 0.004000 2948
2722 0.004000 2948
2723 0.004000 2948
2724 0.004000 2948
2725 0.004000 2948
2726 0.004000 2948
2727 0.004000 2948
2728 0.004000 2948
2729 0.004000 2948
2730 0.004000 2948
2731 0.004000 2948
2732 0.004000 2948
2733 0.004000 2948
2734 0.004000 2948
2735 0.004000 2948
2736 0.004000 2948
2737 0.004000 2948
2738 0.004000 2948
2739 0.004000 2948
2740 0.004000 2948
2741 0.004000 2948
2742 0.004000 2948
2743 0.004000 2948
2744 0.004000 2948
2745 0.004000 2948
2746 0.004000 2948
2747 0.004000 2948
2748 0.004000 2948
2749 0.004000 2948
2750 0.004000 2948
2751 0.004000 2948
2752 0.004000 2948
2753 0.004000 2948
2754 0.004000 2948
2755 0.004000 2948
2756 0.004000 2948
2757 0.004000 2948
2758 0.004000 2948
2759 0.004000 2948
2760 0.004000 2948
2761 0.004000 2948
2762 0.004000 2948
2763 0.004000 2948
2764 0.004000 2948
2765 0.004000 2948
2766 0.004000 2948
2767 0.004000 2948
2768 0.004000 2948
2769 0.004000 2948
2770 0.004000 2948
2771 0.004000 2948
2772 0.004000 2948
2773 0.004000 2948
2774 0.004000 2948
2775 0.004000 2948
2776 0.004000 2948
2777 0.004000 2948
2778 0.004000 2948
2779 0.004000 2948
2780 0.004000 2948
2781 0.004000 2948
2782 0.004000 2948
2783 0.004000 2948
2784 0.004000 2948
2785 0.004000 2948
2786 0.004000 2948
2787 0.004000 2948
2788 0.004000 2948
2789 0.004000 2948
2790 0.004000 2948
2791 0.004000 2948
2792 0.004000 2948
2793 0.004000 2948
2794 0.004000 2948
2795 0.004000 2948
2796 0.004000 2948
2797 0.004000 2948
2798 0.004000 2948
2799 0.004000 2948
2800 0.004000 2948
2801 0.004000 2948
2802 0.004000 2948
2803 0.004000 2948
2804 0.004000 2948
2805 0.004000 2948
2806 0.004000 2948
2807 0.004000 2948
2808 0.004000 2948
2809 0.004000 2948
2810 0.004000 2948
2811 0.004000 2948
2812 0.004000 2948
2813 0.004000 2948
2814 0.004000 2948
2815 0.004000 2948
2816 0.004000 2948
2817 0.004000 2948
2818 0.004000 2948
2819 0.004000 2948
2820 0.004000 2948
2821 0.004000 2948
2822 0.004000 2948
2823 0.004000 2948
2824 0.004000 2948
2825 0.004000 2948
2826 0.004000 2948
2827 0.004000 2948
2828 0.004000 2948
2829 0.004000 2948
2830 0.004000 2948
2831 0.004000 2948
2832 0.004000 2948
2833 0.004000 2948
2834 0.004000 2948
2835 0.004000 2948
2836 0.004000 2948
2837 0.004000 2948
2838 0.004000 2948
2839 0.004000 2948
2840 0.004000 2948
2841 0.004000 2948
2842 0.004000 2948
2843 0.004000 2948
2844 0.004000 2948
2845 0.004000 2948
2846 0.004000 2948
2847 0.004000 2948
2848 0.004000 2948
2849 0.004000 2948
2850 0.004000 2948
2851 0.004000 2948
2852 0.004000 2948
2853 0.004000 2948
2854 0.004000 2948
2855 0.004000 2948
2856 0.004000 2948
2857 0.004000 2948
2858 0.004000 2948
2859 0.004000 2948
2860 0.004000 2948
2861 0.004000 2948
2862 0.004000 2948
2863 0.004000 2948
2864 0.004000 2948
2865 0.004000 2948
2866 0.004000 2948
2867 0.004000 2948
2868 0.004000 2948
2869 0.004000 2948
2870 0.004000 2948
2871 0.004000 2948
2872 0.004000 2948
2873 0.004000 2948
2874 0.004000 2948
2875 0.004000 2948
2876 0.004000 2948
2877 0.004000 2948
2878 0.004000 2948
2879 0.004000 2948
2880 0.004000 2948
2881 0.004000 2948
2882 0.004000 2948
2883 0.004000 2948
2884 0.004000 2948
2885 0.004000 2948
2886 0.004000 2948
2887 0.004000 2948
2888 0.004000 2948
2889 0.004000 2948
2890 0.004000 2948
2891 0.004000 2948
2892 0.004000 2948
2893 0.004000 2948
2894 0.004000 2948
2895 0.004000 2948
2896 0.004000 2948
2897 0.004000 2948
2898 0.004000 2948
2899 0.004000 2948
2900 0.004000 2948
2901 0.004000 2948
2902 0.004000 2948
2903 0.004000 2948
2904 0.004000 2948
2905 0.004000 2948
2906 0.004000 2948
2907 0.004000 2948
2908 0.004000 2948
2909 0.004000 2948
2910 0.004000 2948
2911 0.004000 2948
2912 0.004000 2948
2913 0.004000 2948
2914 0.004000 2948
2915 0.004000 2948
2916 0.004000 2948
2917 0.004000 2948
2918 0.004000 2948
2919 0.004000 2948
2920 0.004000 2948
2921 0.004000 2948
2922 0.004000 2948
2923 0.004000 2948
2924 0.004000 2948
2925 0.004000 2948
2926 0.004000 2948
2927 0.004000 2948
2928 0.004000 2948
2929 0.004000 2948
2930 0.004000 2948
2931 0.004000 2948
2932 0.004000 2948
2933 0.004000 2948
2934 0.004000 2948
2935 0.004000 2948
2936 0.004000 2948
2937 0.004000 2948
2938 0.004000 2948
2939 0.004000 2948
2940 0.004000 2948
2941 0.004000 2948
2942 0.004000 2948
2943 0.004000 2948
2944 0.004000 2948
2945 0.004000 2948
2946 0.004000 2948
2947 0.004000 2948
2948 0.004000 2948
2949 0.004000 2948
2950 0.004000 2948
2951 0.004000 2948
2952 0.004000 2948
2953 0.004000 2948
2954 0.004000 2948
2955 0.004000 2948
2956 0.004000 2948
2957 0.004000 2948
2958 0.004000 2948
2959 0.004000 2948
2960 0.004000 2948
2961 0.004000 2948
2962 0.004000 2948
2963 0.004000 2948
2964 0.004000 2948
2965 0.004000 2948
2966 0.004000 2948
2967 0.004000 2948
2968 0.004000 2948
2969 0.004000 2948
2970 0.004000 2948
2971 0.004000 2948
2972 0.004000 2948
2973 0.004000 2948
2974 0.004000 2948
2975 0.004000 2948
2976 0.004000 2948
2977 0.004000 2948
2978 0.004000 2948
2979 0.004000 2948
2980 0.004000 2948
2981 0.004000 2948
2982 0.004000 2948
2983 0.004000 2948
2984 0.004000 2948
2985 0.004000 2948
2986 0.004000 2948
2987 0.004000 2948
2988 0.004000 2948
2989 0.004000 2948
2990 0.004000 2948
2991 0.004000 2948
2992 0.004000 2948
2993 0.004000 2948
2994 0.004000 2948
2995 0.004000 2948
2996 0.004000 2948
2997 0.004000 2948
2998 0.004000 2948
2999 0.004000 2948
3000 0.004000 2948
# Final Best Cost: 2948
