# first_value: 1797
# Instance: eil51.tsp
# Method: random-search
# output: time cost
0 1797
1 0.000000 1644
2 0.000000 1644
3 0.000000 1610
4 0.000000 1610
5 0.000000 1610
6 0.000000 1598
7 0.000000 1598
8 0.000000 1598
9 0.000000 1598
10 0.000000 1598
11 0.000000 1598
12 0.000000 1598
13 0.000000 1598
14 0.000000 1598
15 0.000000 1598
16 0.000000 1598
17 0.000000 1598
18 0.000000 1598
19 0.000000 1571
20 0.000000 1562
21 0.000000 1562
22 0.000000 1475
23 0.000000 1475
24 0.000000 1475
25 0.000000 1475
26 0.000000 1475
27 0.000000 1475
28 0.000000 1475
29 0.000000 1475
30 0.000000 1475
31 0.000000 1475
32 0.000000 1475
33 0.000000 1475
34 0.000000 1475
35 0.000000 1475
36 0.000000 1475
37 0.000000 1475
38 0.000000 1475
39 0.000000 1475
40 0.000000 1475
41 0.000000 1475
42 0.000000 1475
43 0.000000 1475
44 0.000000 1475
45 0.000000 1475
46 0.000000 1475
47 0.000000 1475
48 0.000000 1475
49 0.000000 1475
50 0.000000 1475
51 0.000000 1475
52 0.000000 1475
53 0.000000 1475
54 0.000000 1475
55 0.000000 1475
56 0.000000 1475
57 0.000000 1475
58 0.000000 1475
59 0.000000 1475
60 0.000000 1475
61 0.000000 1475
62 0.000000 1475
63 0.000000 1475
64 0.000000 1475
65 0.000000 1475
66 0.000000 1475
67 0.000000 1475
68 0.000000 1475
69 0.000000 1475
70 0.000000 1475
71 0.000000 1475
72 0.000000 1475
73 0.000000 1475
74 0.000000 1475
75 0.000000 1475
76 0.000000 1475
77 0.000000 1475
78 0.000000 1475
79 0.000000 1475
80 0.000000 1475
81 0.000000 1475
82 0.000000 1475
83 0.000000 1475
84 0.000000 1475
85 0.000000 1475
86 0.000000 1475
87 0.000000 1475
88 0.000000 1475
89 0.000000 1475
90 0.000000 1475
91 0.000000 1475
92 0.000000 1475
93 0.000000 1475
94 0.000000 1475
95 0.000000 1475
96 0.000000 1475
97 0.000000 1475
98 0.000000 1475
99 0.000000 1475
100 0.000000 1475
101 0.000000 1475
102 0.000000 1475
103 0.000000 1475
104 0.000000 1475
105 0.000000 1475
106 0.000000 1475
107 0.000000 1475
108 0.000000 1475
109 0.000000 1475
110 0.000000 1475
111 0.000000 1475
112 0.000000 1475
113 0.000000 1475
114 0.000000 1475
115 0.000000 1475
116 0.000000 1475
117 0.000000 1475
118 0.000000 1475
119 0.000000 1475
120 0.000000 1475
121 0.000000 1475
122 0.000000 1475
123 0.000000 1475
124 0.000000 1475
125 0.000000 1475
126 0.000000 1475
127 0.000000 1475
128 0.000000 1475
129 0.000000 1475
130 0.000000 1475
131 0.000000 1475
132 0.000000 1475
133 0.000000 1432
134 0.000000 1432
135 0.000000 1432
136 0.000000 1432
137 0.000000 1432
138 0.000000 1432
139 0.000000 1432
140 0.000000 1432
141 0.000000 1432
142 0.000000 1432
143 0.000000 1432
144 0.000000 1432
145 0.000000 1432
146 0.000000 1432
147 0.000000 1432
148 0.000000 1432
149 0.000000 1432
150 0.000000 1432
151 0.000000 1432
152 0.000000 1432
153 0.000000 1432
154 0.000000 1432
155 0.000000 1432
156 0.000000 1432
157 0.000000 1432
158 0.000000 1432
159 0.000000 1432
160 0.000000 1432
161 0.000000 1432
162 0.000000 1432
163 0.000000 1432
164 0.000000 1432
165 0.000000 1432
166 0.000000 1432
167 0.000000 1432
168 0.000000 1432
169 0.000000 1432
170 0.000000 1432
171 0.000000 1432
172 0.000000 1432
173 0.000000 1432
174 0.000000 1432
175 0.000000 1432
176 0.000000 1432
177 0.000000 1432
178 0.000000 1432
179 0.000000 1432
180 0.000000 1432
181 0.000000 1432
182 0.000000 1432
183 0.000000 1432
184 0.000000 1432
185 0.000000 1432
186 0.000000 1432
187 0.000000 1432
188 0.000000 1432
189 0.000000 1432
190 0.000000 1432
191 0.000000 1432
192 0.000000 1432
193 0.000000 1432
194 0.000000 1432
195 0.000000 1432
196 0.000000 1432
197 0.000000 1432
198 0.000000 1432
199 0.000000 1432
200 0.000000 1432
201 0.000000 1432
202 0.000000 1432
203 0.000000 1432
204 0.000000 1432
205 0.000000 1432
206 0.000000 1432
207 0.000000 1432
208 0.000000 1432
209 0.000000 1432
210 0.000000 1432
211 0.000000 1432
212 0.000000 1432
213 0.000000 1432
214 0.000000 1432
215 0.000000 1432
216 0.000000 1432
217 0.000000 1432
218 0.000000 1432
219 0.000000 1432
220 0.000000 1432
221 0.000000 1432
222 0.000000 1432
223 0.000000 1432
224 0.000000 1432
225 0.000000 1432
226 0.000000 1432
227 0.000000 1432
228 0.000000 1432
229 0.000000 1432
230 0.000000 1432
231 0.000000 1432
232 0.000000 1432
233 0.000000 1432
234 0.000000 1432
235 0.000000 1432
236 0.000000 1432
237 0.000000 1432
238 0.000000 1432
239 0.000000 1432
240 0.000000 1432
241 0.000000 1432
242 0.000000 1432
243 0.000000 1432
244 0.000000 1432
245 0.000000 1432
246 0.000000 1432
247 0.000000 1432
248 0.000000 1432
249 0.000000 1432
250 0.000000 1432
251 0.000000 1432
252 0.000000 1432
253 0.000000 1432
254 0.000000 1432
255 0.000000 1432
256 0.000000 1432
257 0.000000 1432
258 0.000000 1432
259 0.000000 1432
260 0.000000 1432
261 0.000000 1432
262 0.000000 1432
263 0.000000 1432
264 0.000000 1432
265 0.000000 1432
266 0.000000 1432
267 0.000000 1432
268 0.000000 1432
269 0.000000 1432
270 0.000000 1432
271 0.000000 1432
272 0.000000 1432
273 0.000000 1432
274 0.000000 1432
275 0.000000 1432
276 0.000000 1432
277 0.000000 1432
278 0.000000 1432
279 0.000000 1432
280 0.000000 1432
281 0.000000 1432
282 0.000000 1432
283 0.000000 1432
284 0.000000 1432
285 0.000000 1432
286 0.000000 1432
287 0.000000 1432
288 0.000000 1432
289 0.000000 1432
290 0.000000 1432
291 0.000000 1432
292 0.000000 1432
293 0.000000 1432
294 0.000000 1432
295 0.000000 1432
296 0.000000 1432
297 0.000000 1432
298 0.000000 1432
299 0.000000 1366
300 0.000000 1366
301 0.000000 1366
302 0.000000 1366
303 0.000000 1366
304 0.000000 1366
305 0.000000 1366
306 0.000000 1366
307 0.000000 1366
308 0.000000 1366
309 0.000000 1366
310 0.000000 1366
311 0.000000 1366
312 0.000000 1366
313 0.000000 1366
314 0.000000 1366
315 0.000000 1366
316 0.000000 1366
317 0.000000 1366
318 0.000000 1366
319 0.000000 1366
320 0.000000 1366
321 0.000000 1366
322 0.000000 1366
323 0.000000 1366
324 0.000000 1366
325 0.000000 1366
326 0.000000 1366
327 0.000000 1366
328 0.000000 1366
329 0.000000 1366
330 0.000000 1366
331 0.000000 1366
332 0.000000 1366
333 0.000000 1366
334 0.000000 1366
335 0.000000 1366
336 0.000000 1366
337 0.000000 1366
338 0.000000 1366
339 0.000000 1366
340 0.000000 1366
341 0.000000 1366
342 0.000000 1366
343 0.000000 1366
344 0.000000 1366
345 0.000000 1366
346 0.000000 1366
347 0.000000 1366
348 0.000000 1366
349 0.000000 1366
350 0.000000 1366
351 0.000000 1366
352 0.000000 1366
353 0.000000 1366
354 0.000000 1366
355 0.000000 1366
356 0.000000 1366
357 0.000000 1366
358 0.000000 1366
359 0.000000 1366
360 0.000000 1366
361 0.000000 1366
362 0.000000 1366
363 0.000000 1366
364 0.000000 1366
365 0.000000 1366
366 0.000000 1366
367 0.000000 1366
368 0.000000 1366
369 0.000000 1366
370 0.000000 1366
371 0.000000 1366
372 0.000000 1366
373 0.000000 1366
374 0.000000 1366
375 0.000000 1366
376 0.000000 1366
377 0.000000 1366
378 0.000000 1366
379 0.000000 1366
380 0.000000 1366
381 0.000000 1366
382 0.000000 1366
383 0.000000 1366
384 0.000000 1366
385 0.000000 1366
386 0.000000 1366
387 0.000000 1366
388 0.000000 1366
389 0.000000 1366
390 0.000000 1366
391 0.000000 1366
392 0.000000 1366
393 0.000000 1366
394 0.000000 1366
395 0.000000 1366
396 0.000000 1366
397 0.000000 1366
398 0.000000 1366
399 0.000000 1366
400 0.000000 1366
401 0.000000 1366
402 0.000000 1366
403 0.000000 1366
404 0.000000 1366
405 0.000000 1366
406 0.000000 1366
407 0.000000 1366
408 0.000000 1366
409 0.000000 1366
410 0.000000 1366
411 0.000000 1366
412 0.000000 1366
413 0.000000 1366
414 0.000000 1366
415 0.000000 1366
416 0.000000 1366
417 0.000000 1366
418 0.000000 1366
419 0.000000 1366
420 0.000000 1366
421 0.000000 1366
422 0.000000 1366
423 0.000000 1366
424 0.000000 1366
425 0.000000 1366
426 0.000000 1366
427 0.000000 1366
428 0.000000 1366
429 0.000000 1366
430 0.000000 1366
431 0.000000 1366
432 0.000000 1366
433 0.000000 1366
434 0.000000 1366
435 0.000000 1366
436 0.000000 1366
437 0.000000 1366
438 0.000000 1366
439 0.000000 1366
440 0.000000 1366
441 0.000000 1366
442 0.000000 1366
443 0.000000 1366
444 0.000000 1366
445 0.000000 1366
446 0.000000 1366
447 0.000000 1366
448 0.000000 1366
449 0.000000 1366
450 0.000000 1366
451 0.000000 1366
452 0.000000 1366
453 0.000000 1366
454 0.000000 1366
455 0.000000 1366
456 0.000000 1366
457 0.000000 1366
458 0.000000 1366
459 0.000000 1366
460 0.000000 1366
461 0.000000 1366
462 0.000000 1366
463 0.000000 1366
464 0.000000 1366
465 0.000000 1366
466 0.000000 1366
467 0.000000 1366
468 0.000000 1366
469 0.000000 1366
470 0.000000 1366
471 0.000000 1366
472 0.000000 1366
473 0.000000 1366
474 0.000000 1366
475 0.000000 1366
476 0.000000 1366
477 0.000000 1366
478 0.000000 1366
479 0.000000 1366
480 0.000000 1366
481 0.000000 1366
482 0.000000 1366
483 0.000000 1366
484 0.000000 1366
485 0.000000 1366
486 0.000000 1366
487 0.000000 1366
488 0.000000 1366
489 0.000000 1366
490 0.000000 1366
491 0.000000 1366
492 0.000000 1366
493 0.000000 1366
494 0.000000 1366
495 0.000000 1366
496 0.000000 1366
497 0.000000 1366
498 0.000000 1366
499 0.000000 1366
500 0.000000 1366
501 0.000000 1366
502 0.000000 1366
503 0.000000 1366
504 0.000000 1366
505 0.000000 1366
506 0.000000 1366
507 0.000000 1366
508 0.000000 1366
509 0.000000 1366
510 0.000000 1366
511 0.000000 1366
512 0.000000 1366
513 0.000000 1366
514 0.000000 1366
515 0.000000 1366
516 0.000000 1366
517 0.000000 1366
518 0.000000 1366
519 0.000000 1366
520 0.000000 1366
521 0.000000 1366
522 0.000000 1366
523 0.000000 1366
524 0.000000 1366
525 0.000000 1366
526 0.000000 1366
527 0.000000 1366
528 0.000000 1366
529 0.000000 1366
530 0.000000 1366
531 0.000000 1366
532 0.000000 1366
533 0.000000 1366
534 0.000000 1366
535 0.000000 1366
536 0.000000 1366
537 0.000000 1366
538 0.000000 1366
539 0.000000 1366
540 0.000000 1366
541 0.000000 1366
542 0.000000 1366
543 0.000000 1366
544 0.000000 1366
545 0.000000 1366
546 0.000000 1366
547 0.000000 1366
548 0.000000 1366
549 0.000000 1366
550 0.000000 1366
551 0.000000 1366
552 0.000000 1366
553 0.000000 1366
554 0.000000 1366
555 0.000000 1366
556 0.000000 1366
557 0.000000 1366
558 0.000000 1366
559 0.000000 1366
560 0.000000 1366
561 0.000000 1366
562 0.000000 1366
563 0.000000 1366
564 0.000000 1366
565 0.000000 1366
566 0.000000 1366
567 0.000000 1366
568 0.000000 1366
569 0.000000 1366
570 0.000000 1366
571 0.000000 1366
572 0.000000 1366
573 0.000000 1366
574 0.000000 1366
575 0.000000 1366
576 0.000000 1366
577 0.000000 1366
578 0.000000 1366
579 0.000000 1366
580 0.000000 1366
581 0.000000 1366
582 0.000000 1366
583 0.000000 1366
584 0.000000 1366
585 0.000000 1366
586 0.000000 1366
587 0.000000 1366
588 0.000000 1366
589 0.000000 1366
590 0.000000 1366
591 0.000000 1366
592 0.000000 1366
593 0.000000 1366
594 0.000000 1366
595 0.000000 1366
596 0.000000 1366
597 0.000000 1366
598 0.000000 1366
599 0.000000 1366
600 0.000000 1366
601 0.000000 1366
602 0.000000 1366
603 0.000000 1366
604 0.000000 1366
605 0.000000 1366
606 0.000000 1366
607 0.000000 1366
608 0.000000 1366
609 0.000000 1366
610 0.000000 1366
611 0.000000 1366
612 0.000000 1366
613 0.000000 1366
614 0.000000 1366
615 0.000000 1366
616 0.000000 1366
617 0.000000 1366
618 0.000000 1366
619 0.000000 1366
620 0.000000 1366
621 0.000000 1366
622 0.000000 1366
623 0.000000 1366
624 0.000000 1366
625 0.000000 1366
626 0.000000 1366
627 0.000000 1366
628 0.000000 1366
629 0.000000 1366
630 0.000000 1366
631 0.000000 1366
632 0.000000 1366
633 0.000000 1366
634 0.000000 1366
635 0.000000 1366
636 0.000000 1366
637 0.000000 1366
638 0.000000 1366
639 0.000000 1366
640 0.000000 1366
641 0.000000 1366
642 0.000000 1366
643 0.000000 1366
644 0.000000 1366
645 0.000000 1366
646 0.000000 1366
647 0.000000 1366
648 0.000000 1366
649 0.000000 1366
650 0.000000 1366
651 0.000000 1366
652 0.000000 1366
653 0.000000 1366
654 0.000000 1366
655 0.000000 1366
656 0.000000 1366
657 0.000000 1366
658 0.000000 1366
659 0.000000 1366
660 0.000000 1366
661 0.000000 1366
662 0.000000 1366
663 0.000000 1366
664 0.000000 1366
665 0.000000 1366
666 0.000000 1366
667 0.000000 1366
668 0.000000 1366
669 0.000000 1366
670 0.000000 1366
671 0.000000 1366
672 0.000000 1366
673 0.000000 1366
674 0.000000 1366
675 0.000000 1366
676 0.000000 1366
677 0.000000 1366
678 0.000000 1366
679 0.000000 1366
680 0.000000 1366
681 0.000000 1366
682 0.000000 1366
683 0.000000 1366
684 0.000000 1366
685 0.000000 1366
686 0.000000 1366
687 0.000000 1366
688 0.000000 1366
689 0.000000 1366
690 0.000000 1366
691 0.000000 1366
692 0.000000 1366
693 0.000000 1366
694 0.000000 1366
695 0.000000 1366
696 0.000000 1366
697 0.000000 1366
698 0.000000 1366
699 0.000000 1366
700 0.000000 1366
701 0.000000 1366
702 0.000000 1366
703 0.000000 1366
704 0.000000 1366
705 0.000000 1366
706 0.000000 1366
707 0.000000 1366
708 0.000000 1366
709 0.000000 1366
710 0.000000 1366
711 0.000000 1366
712 0.000000 1366
713 0.000000 1366
714 0.000000 1366
715 0.000000 1366
716 0.000000 1366
717 0.000000 1366
718 0.000000 1366
719 0.000000 1366
720 0.000000 1366
721 0.000000 1366
722 0.000000 1366
723 0.000000 1366
724 0.000000 1366
725 0.000000 1366
726 0.000000 1366
727 0.000000 1366
728 0.000000 1366
729 0.000000 1366
730 0.000000 1366
731 0.000000 1366
732 0.000000 1366
733 0.000000 1366
734 0.000000 1366
735 0.000000 1366
736 0.000000 1366
737 0.000000 1366
738 0.000000 1366
739 0.000000 1366
740 0.000000 1366
741 0.000000 1366
742 0.000000 1366
743 0.000000 1366
744 0.000000 1366
745 0.000000 1366
746 0.000000 1366
747 0.000000 1366
748 0.000000 1366
749 0.000000 1366
750 0.000000 1366
751 0.000000 1366
752 0.000000 1366
753 0.000000 1366
754 0.000000 1366
755 0.000000 1366
756 0.000000 1366
757 0.000000 1366
758 0.000000 1366
759 0.000000 1366
760 0.000000 1366
761 0.000000 1366
762 0.000000 1366
763 0.000000 1366
764 0.000000 1366
765 0.000000 1366
766 0.000000 1366
767 0.000000 1366
768 0.000000 1366
769 0.000000 1366
770 0.000000 1366
771 0.000000 1366
772 0.000000 1366
773 0.000000 1366
774 0.000000 1366
775 0.000000 1366
776 0.000000 1366
777 0.000000 1366
778 0.000000 1366
779 0.000000 1366
780 0.000000 1366
781 0.000000 1366
782 0.000000 1366
783 0.000000 1366
784 0.000000 1366
785 0.000000 1366
786 0.000000 1366
787 0.000000 1366
788 0.000000 1366
789 0.000000 1366
790 0.000000 1366
791 0.000000 1366
792 0.000000 1366
793 0.000000 1366
794 0.000000 1366
795 0.000000 1366
796 0.000000 1366
797 0.000000 1366
798 0.000000 1366
799 0.000000 1366
800 0.000000 1366
801 0.000000 1366
802 0.000000 1366
803 0.000000 1366
804 0.000000 1366
805 0.000000 1366
806 0.000000 1366
807 0.000000 1366
808 0.000000 1366
809 0.000000 1366
810 0.000000 1366
811 0.000000 1366
812 0.000000 1366
813 0.000000 1366
814 0.000000 1366
815 0.000000 1366
816 0.000000 1366
817 0.000000 1366
818 0.000000 1366
819 0.000000 1366
820 0.000000 1366
821 0.000000 1366
822 0.000000 1366
823 0.000000 1366
824 0.000000 1366
825 0.000000 1366
826 0.000000 1366
827 0.000000 1366
828 0.000000 1366
829 0.000000 1366
830 0.000000 1366
831 0.000000 1366
832 0.000000 1366
833 0.000000 1366
834 0.000000 1366
835 0.000000 1366
836 0.000000 1366
837 0.000000 1366
838 0.000000 1366
839 0.000000 1366
840 0.000000 1366
841 0.000000 1366
842 0.000000 1366
843 0.000000 1366
844 0.000000 1366
845 0.000000 1366
846 0.000000 1366
847 0.000000 1366
848 0.000000 1366
849 0.000000 1366
850 0.000000 1366
851 0.000000 1366
852 0.000000 1366
853 0.000000 1366
854 0.000000 1366
855 0.000000 1366
856 0.000000 1366
857 0.000000 1366
858 0.000000 1366
859 0.000000 1366
860 0.000000 1366
861 0.000000 1366
862 0.000000 1366
863 0.000000 1366
864 0.000000 1366
865 0.000000 1366
866 0.000000 1366
867 0.000000 1366
868 0.000000 1366
869 0.000000 1366
870 0.000000 1366
871 0.000000 1366
872 0.000000 1366
873 0.000000 1366
874 0.000000 1366
875 0.000000 1366
876 0.000000 1366
877 0.000000 1366
878 0.000000 1366
879 0.000000 1366
880 0.000000 1366
881 0.000000 1366
882 0.000000 1366
883 0.000000 1366
884 0.000000 1366
885 0.000000 1366
886 0.000000 1366
887 0.000000 1366
888 0.000000 1366
889 0.000000 1366
890 0.000000 1366
891 0.000000 1366
892 0.000000 1366
893 0.000000 1366
894 0.000000 1366
895 0.000000 1366
896 0.000000 1366
897 0.000000 1366
898 0.000000 1366
899 0.000000 1366
900 0.000000 1366
901 0.000000 1366
902 0.000000 1366
903 0.000000 1366
904 0.000000 1366
905 0.000000 1366
906 0.000000 1366
907 0.000000 1366
908 0.000000 1366
909 0.000000 1366
910 0.000000 1366
911 0.000000 1366
912 0.000000 1366
913 0.000000 1366
914 0.000000 1366
915 0.000000 1366
916 0.000000 1366
917 0.000000 1366
918 0.000000 1366
919 0.000000 1366
920 0.000000 1366
921 0.000000 1366
922 0.000000 1366
923 0.000000 1366
924 0.000000 1366
925 0.000000 1366
926 0.000000 1366
927 0.000000 1366
928 0.000000 1366
929 0.000000 1366
930 0.000000 1366
931 0.000000 1366
932 0.000000 1366
933 0.000000 1366
934 0.000000 1366
935 0.000000 1366
936 0.000000 1366
937 0.000000 1366
938 0.000000 1366
939 0.000000 1366
940 0.000000 1366
941 0.000000 1366
942 0.000000 1366
943 0.000000 1366
944 0.000000 1366
945 0.000000 1366
946 0.000000 1366
947 0.000000 1366
948 0.000000 1366
949 0.000000 1366
950 0.000000 1366
951 0.000000 1366
952 0.000000 1366
953 0.000000 1366
954 0.000000 1366
955 0.000000 1366
956 0.000000 1366
957 0.000000 1366
958 0.000000 1366
959 0.000000 1366
960 0.000000 1366
961 0.000000 1366
962 0.000000 1366
963 0.000000 1366
964 0.000000 1366
965 0.000000 1366
966 0.000000 1366
967 0.000000 1366
968 0.000000 1366
969 0.000000 1366
970 0.000000 1366
971 0.000000 1366
972 0.000000 1366
973 0.000000 1366
974 0.000000 1366
975 0.000000 1366
976 0.000000 1366
977 0.000000 1366
978 0.000000 1366
979 0.000000 1366
980 0.000000 1366
981 0.000000 1366
982 0.000000 1366
983 0.000000 1366
984 0.000000 1366
985 0.000000 1366
986 0.000000 1366
987 0.000000 1366
988 0.000000 1366
989 0.000000 1366
990 0.000000 1366
991 0.000000 1366
992 0.000000 1366
993 0.000000 1366
994 0.000000 1366
995 0.000000 1366
996 0.000000 1366
997 0.000000 1366
998 0.000000 1366
999 0.000000 1366
1000 0.000000 1366
1001 0.000000 1366
1002 0.000000 1366
1003 0.000000 1366
1004 0.000000 1366
1005 0.000000 1366
1006 0.000000 1366
1007 0.000000 1366
1008 0.000000 1366
1009 0.000000 1366
1010 0.000000 1366
1011 0.000000 1366
1012 0.000000 1366
1013 0.000000 1366
1014 0.000000 1366
1015 0.000000 1366
1016 0.000000 1366
1017 0.000000 1366
1018 0.000000 1366
1019 0.000000 1366
1020 0.000000 1366
1021 0.000000 1366
1022 0.000000 1366
1023 0.000000 1366
1024 0.000000 1366
1025 0.000000 1366
1026 0.000000 1366
1027 0.000000 1352
1028 0.000000 1352
1029 0.000000 1352
1030 0.000000 1352
1031 0.000000 1352
1032 0.000000 1352
1033 0.000000 1352
1034 0.000000 1352
1035 0.000000 1352
1036 0.000000 1352
1037 0.000000 1352
1038 0.000000 1352
1039 0.000000 1352
1040 0.000000 1352
1041 0.000000 1352
1042 0.000000 1352
1043 0.000000 1352
1044 0.000000 1352
1045 0.000000 1352
1046 0.000000 1352
1047 0.000000 1352
1048 0.000000 1352
1049 0.000000 1352
1050 0.000000 1352
1051 0.000000 1352
1052 0.000000 1352
1053 0.000000 1352
1054 0.000000 1352
1055 0.000000 1352
1056 0.000000 1352
1057 0.000000 1352
1058 0.000000 1352
1059 0.000000 1352
1060 0.000000 1352
1061 0.000000 1352
1062 0.000000 1352
1063 0.000000 1352
1064 0.000000 1352
1065 0.000000 1352
1066 0.000000 1352
1067 0.000000 1352
1068 0.000000 1352
1069 0.000000 1352
1070 0.000000 1352
1071 0.000000 1352
1072 0.000000 1352
1073 0.000000 1352
1074 0.000000 1352
1075 0.000000 1352
1076 0.000000 1352
1077 0.000000 1352
1078 0.000000 1352
1079 0.000000 1352
1080 0.000000 1352
1081 0.000000 1352
1082 0.000000 1352
1083 0.000000 1352
1084 0.000000 1352
1085 0.000000 1352
1086 0.000000 1352
1087 0.000000 1352
1088 0.000000 1352
1089 0.000000 1352
1090 0.000000 1352
1091 0.000000 1352
1092 0.000000 1352
1093 0.000000 1352
1094 0.000000 1352
1095 0.000000 1352
1096 0.000000 1352
1097 0.000000 1352
1098 0.000000 1352
1099 0.000000 1352
1100 0.000000 1352
1101 0.000000 1352
1102 0.000000 1352
1103 0.000000 1352
1104 0.000000 1352
1105 0.000000 1352
1106 0.000000 1352
1107 0.000000 1352
1108 0.000000 1352
1109 0.000000 1352
1110 0.000000 1352
1111 0.000000 1352
1112 0.000000 1352
1113 0.000000 1352
1114 0.000000 1352
1115 0.000000 1352
1116 0.000000 1352
1117 0.000000 1352
1118 0.000000 1352
1119 0.000000 1352
1120 0.000000 1352
1121 0.000000 1352
1122 0.000000 1352
1123 0.000000 1352
1124 0.000000 1352
1125 0.000000 1352
1126 0.000000 1352
1127 0.000000 1352
1128 0.000000 1352
1129 0.000000 1352
1130 0.000000 1352
1131 0.000000 1352
1132 0.000000 1352
1133 0.000000 1352
1134 0.000000 1352
1135 0.000000 1352
1136 0.000000 1352
1137 0.000000 1352
1138 0.000000 1352
1139 0.000000 1352
1140 0.000000 1352
1141 0.000000 1352
1142 0.000000 1352
1143 0.000000 1352
1144 0.000000 1352
1145 0.000000 1352
1146 0.000000 1352
1147 0.000000 1352
1148 0.000000 1352
1149 0.000000 1352
1150 0.000000 1352
1151 0.000000 1352
1152 0.000000 1352
1153 0.000000 1352
1154 0.000000 1352
1155 0.000000 1352
1156 0.000000 1352
1157 0.000000 1352
1158 0.000000 1352
1159 0.000000 1352
1160 0.000000 1352
1161 0.000000 1352
1162 0.000000 1352
1163 0.000000 1352
1164 0.000000 1352
1165 0.000000 1352
1166 0.000000 1352
1167 0.000000 1352
1168 0.000000 1352
1169 0.000000 1352
1170 0.000000 1352
1171 0.000000 1352
1172 0.000000 1352
1173 0.000000 1352
1174 0.000000 1352
1175 0.000000 1352
1176 0.000000 1352
1177 0.000000 1352
1178 0.000000 1352
1179 0.000000 1352
1180 0.000000 1352
1181 0.000000 1352
1182 0.000000 1352
1183 0.001000 1352
1184 0.001000 1352
1185 0.001000 1352
1186 0.001000 1352
1187 0.001000 1352
1188 0.001000 1352
1189 0.001000 1352
1190 0.001000 1352
1191 0.001000 1352
1192 0.001000 1352
1193 0.001000 1352
1194 0.001000 1352
1195 0.001000 1352
1196 0.001000 1352
1197 0.001000 1352
1198 0.001000 1352
1199 0.001000 1352
1200 0.001000 1352
1201 0.001000 1352
1202 0.001000 1352
1203 0.001000 1352
1204 0.001000 1352
1205 0.001000 1352
1206 0.001000 1352
1207 0.001000 1352
1208 0.001000 1352
1209 0.001000 1352
1210 0.001000 1352
1211 0.001000 1352
1212 0.001000 1352
1213 0.001000 1352
1214 0.001000 1352
1215 0.001000 1352
1216 0.001000 1352
1217 0.001000 1352
1218 0.001000 1352
1219 0.001000 1352
1220 0.001000 1352
1221 0.001000 1352
1222 0.001000 1352
1223 0.001000 1352
1224 0.001000 1352
1225 0.001000 1352
1226 0.001000 1352
1227 0.001000 1352
1228 0.001000 1352
1229 0.001000 1352
1230 0.001000 1352
1231 0.001000 1352
1232 0.001000 1352
1233 0.001000 1352
1234 0.001000 1352
1235 0.001000 1352
1236 0.001000 1352
1237 0.001000 1352
1238 0.001000 1352
1239 0.001000 1352
1240 0.001000 1352
1241 0.001000 1352
1242 0.001000 1352
1243 0.001000 1352
1244 0.001000 1352
1245 0.001000 1352
1246 0.001000 1352
1247 0.001000 1352
1248 0.001000 1352
1249 0.001000 1352
1250 0.001000 1352
1251 0.001000 1352
1252 0.001000 1352
1253 0.001000 1352
1254 0.001000 1352
1255 0.001000 1352
1256 0.001000 1352
1257 0.001000 1352
1258 0.001000 1352
1259 0.001000 1352
1260 0.001000 1352
1261 0.001000 1352
1262 0.001000 1352
1263 0.001000 1352
1264 0.001000 1352
1265 0.001000 1352
1266 0.001000 1352
1267 0.001000 1352
1268 0.001000 1352
1269 0.001000 1352
1270 0.001000 1352
1271 0.001000 1352
1272 0.001000 1352
1273 0.001000 1352
1274 0.001000 1352
1275 0.001000 1352
1276 0.001000 1352
1277 0.001000 1352
1278 0.001000 1352
1279 0.001000 1352
1280 0.001000 1352
1281 0.001000 1352
1282 0.001000 1352
1283 0.001000 1352
1284 0.001000 1352
1285 0.001000 1352
1286 0.001000 1352
1287 0.001000 1352
1288 0.001000 1352
1289 0.001000 1352
1290 0.001000 1352
1291 0.001000 1352
1292 0.001000 1352
1293 0.001000 1352
1294 0.001000 1352
1295 0.001000 1352
1296 0.001000 1352
1297 0.001000 1352
1298 0.001000 1352
1299 0.001000 1352
1300 0.001000 1352
1301 0.001000 1352
1302 0.001000 1352
1303 0.001000 1352
1304 0.001000 1352
1305 0.001000 1352
1306 0.001000 1352
1307 0.001000 1352
1308 0.001000 1352
1309 0.001000 1352
1310 0.001000 1352
1311 0.001000 1352
1312 0.001000 1352
1313 0.001000 1352
1314 0.001000 1352
1315 0.001000 1352
1316 0.001000 1352
1317 0.001000 1352
1318 0.001000 1352
1319 0.001000 1352
1320 0.001000 1352
1321 0.001000 1352
1322 0.001000 1352
1323 0.001000 1352
1324 0.001000 1352
1325 0.001000 1352
1326 0.001000 1352
1327 0.001000 1352
1328 0.001000 1352
1329 0.001000 1352
1330 0.001000 1352
1331 0.001000 1352
1332 0.001000 1352
1333 0.001000 1352
1334 0.001000 1352
1335 0.001000 1352
1336 0.001000 1352
1337 0.001000 1352
1338 0.001000 1352
1339 0.001000 1352
1340 0.001000 1352
1341 0.001000 1352
1342 0.001000 1352
1343 0.001000 1352
1344 0.001000 1352
1345 0.001000 1352
1346 0.001000 1352
1347 0.001000 1352
1348 0.001000 1352
1349 0.001000 1352
1350 0.001000 1352
1351 0.001000 1352
1352 0.001000 1352
1353 0.001000 1352
1354 0.001000 1352
1355 0.001000 1352
1356 0.001000 1352
1357 0.001000 1352
1358 0.001000 1352
1359 0.001000 1352
1360 0.001000 1352
1361 0.001000 1352
1362 0.001000 1352
1363 0.001000 1352
1364 0.001000 1352
1365 0.001000 1352
1366 0.001000 1352
1367 0.001000 1352
1368 0.001000 1352
1369 0.001000 1352
1370 0.001000 1352
1371 0.001000 1352
1372 0.001000 1352
1373 0.001000 1352
1374 0.001000 1352
1375 0.001000 1352
1376 0.001000 1352
1377 0.001000 1352
1378 0.001000 1352
1379 0.001000 1352
1380 0.001000 1352
1381 0.001000 1352
1382 0.001000 1352
1383 0.001000 1352
1384 0.001000 1352
1385 0.001000 1352
1386 0.001000 1352
1387 0.001000 1352
1388 0.001000 1352
1389 0.001000 1352
1390 0.001000 1352
1391 0.001000 1352
1392 0.001000 1352
1393 0.001000 1352
1394 0.001000 1352
1395 0.001000 1352
1396 0.001000 1352
1397 0.001000 1352
1398 0.001000 1352
1399 0.001000 1352
1400 0.001000 1352
1401 0.001000 1352
1402 0.001000 1352
1403 0.001000 1352
1404 0.001000 1352
1405 0.001000 1352
1406 0.001000 1352
1407 0.001000 1352
1408 0.001000 1352
1409 0.001000 1352
1410 0.001000 1352
1411 0.001000 1352
1412 0.001000 1352
1413 0.001000 1352
1414 0.001000 1352
1415 0.001000 1352
1416 0.001000 1352
1417 0.001000 1352
1418 0.001000 1352
1419 0.001000 1352
1420 0.001000 1352
1421 0.001000 1352
1422 0.001000 1352
1423 0.001000 1352
1424 0.001000 1352
1425 0.001000 1352
1426 0.001000 1352
1427 0.001000 1352
1428 0.001000 1352
1429 0.001000 1352
1430 0.001000 1352
1431 0.001000 1352
1432 0.001000 1352
1433 0.001000 1352
1434 0.001000 1352
1435 0.001000 1352
1436 0.001000 1352
1437 0.001000 1352
1438 0.001000 1352
1439 0.001000 1352
1440 0.001000 1352
1441 0.001000 1352
1442 0.001000 1352
1443 0.001000 1352
1444 0.001000 1352
1445 0.001000 1352
1446 0.001000 1352
1447 0.001000 1352
1448 0.001000 1352
1449 0.001000 1352
1450 0.001000 1352
1451 0.001000 1352
1452 0.001000 1352
1453 0.001000 1352
1454 0.001000 1352
1455 0.001000 1352
1456 0.001000 1352
1457 0.001000 1352
1458 0.001000 1352
1459 0.001000 1352
1460 0.001000 1352
1461 0.001000 1352
1462 0.001000 1352
1463 0.001000 1352
1464 0.001000 1352
1465 0.001000 1352
1466 0.001000 1352
1467 0.001000 1352
1468 0.001000 1352
1469 0.001000 1352
1470 0.001000 1352
1471 0.001000 1352
1472 0.001000 1352
1473 0.001000 1352
1474 0.001000 1352
1475 0.001000 1352
1476 0.001000 1352
1477 0.001000 1352
1478 0.001000 1352
1479 0.001000 1352
1480 0.001000 1352
1481 0.001000 1352
1482 0.001000 1352
1483 0.001000 1352
1484 0.001000 1352
1485 0.001000 1352
1486 0.001000 1352
1487 0.001000 1352
1488 0.001000 1352
1489 0.001000 1352
1490 0.001000 1352
1491 0.001000 1352
1492 0.001000 1352
1493 0.001000 1352
1494 0.001000 1352
1495 0.001000 1352
1496 0.001000 1352
1497 0.001000 1352
1498 0.001000 1352
1499 0.001000 1352
1500 0.001000 1352
1501 0.001000 1352
1502 0.001000 1352
1503 0.001000 1352
1504 0.001000 1352
1505 0.001000 1352
1506 0.001000 1352
1507 0.001000 1352
1508 0.001000 1352
1509 0.001000 1352
1510 0.001000 1352
1511 0.001000 1352
1512 0.001000 1352
1513 0.001000 1352
1514 0.001000 1352
1515 0.001000 1352
1516 0.001000 1352
1517 0.001000 1352
1518 0.001000 1352
1519 0.001000 1352
1520 0.001000 1352
1521 0.001000 1352
1522 0.001000 1352
1523 0.001000 1352
1524 0.001000 1352
1525 0.001000 1352
1526 0.001000 1352
1527 0.001000 1352
1528 0.001000 1352
1529 0.001000 1352
1530 0.001000 1352
1531 0.001000 1352
1532 0.001000 1352
1533 0.001000 1352
1534 0.001000 1352
1535 0.001000 1352
1536 0.001000 1352
1537 0.001000 1352
1538 0.001000 1352
1539 0.001000 1352
1540 0.001000 1352
1541 0.001000 1352
1542 0.001000 1352
1543 0.001000 1352
1544 0.001000 1352
1545 0.001000 1352
1546 0.001000 1352
1547 0.001000 1352
1548 0.001000 1352
1549 0.001000 1352
1550 0.001000 1352
1551 0.001000 1352
1552 0.001000 1352
1553 0.001000 1352
1554 0.001000 1352
1555 0.001000 1352
1556 0.001000 1352
1557 0.001000 1352
1558 0.001000 1352
1559 0.001000 1352
1560 0.001000 1352
1561 0.001000 1352
1562 0.001000 1352
1563 0.001000 1352
1564 0.001000 1352
1565 0.001000 1352
1566 0.001000 1352
1567 0.001000 1352
1568 0.001000 1352
1569 0.001000 1352
1570 0.001000 1352
1571 0.001000 1352
1572 0.001000 1352
1573 0.001000 1352
1574 0.001000 1352
1575 0.001000 1352
1576 0.001000 1352
1577 0.001000 1352
1578 0.001000 1352
1579 0.001000 1352
1580 0.001000 1352
1581 0.001000 1352
1582 0.001000 1352
1583 0.001000 1352
1584 0.001000 1352
1585 0.001000 1352
1586 0.001000 1352
1587 0.001000 1352
1588 0.001000 1352
1589 0.001000 1352
1590 0.001000 1352
1591 0.001000 1352
1592 0.001000 1352
1593 0.001000 1352
1594 0.001000 1352
1595 0.001000 1352
1596 0.001000 1352
1597 0.001000 1352
1598 0.001000 1352
1599 0.001000 1352
1600 0.001000 1352
1601 0.001000 1352
1602 0.001000 1352
1603 0.001000 1352
1604 0.001000 1352
1605 0.001000 1352
1606 0.001000 1352
1607 0.001000 1352
1608 0.001000 1352
1609 0.001000 1352
1610 0.001000 1352
1611 0.001000 1352
1612 0.001000 1352
1613 0.001000 1352
1614 0.001000 1352
1615 0.001000 1352
1616 0.001000 1352
1617 0.001000 1352
1618 0.001000 1352
1619 0.001000 1352
1620 0.001000 1352
1621 0.001000 1352
1622 0.001000 1352
1623 0.001000 1352
1624 0.002000 1352
1625 0.002000 1352
1626 0.002000 1352
1627 0.002000 1352
1628 0.002000 1352
1629 0.002000 1352
1630 0.002000 1352
1631 0.002000 1352
1632 0.002000 1352
1633 0.002000 1352
1634 0.002000 1352
1635 0.002000 1352
1636 0.002000 1352
1637 0.002000 1352
1638 0.002000 1352
1639 0.002000 1352
1640 0.002000 1352
1641 0.002000 1352
1642 0.002000 1352
1643 0.002000 1352
1644 0.002000 1352
1645 0.002000 1352
1646 0.002000 1352
1647 0.002000 1352
1648 0.002000 1352
1649 0.002000 1352
1650 0.002000 1352
1651 0.002000 1352
1652 0.002000 1352
1653 0.002000 1352
1654 0.002000 1352
1655 0.002000 1352
1656 0.002000 1352
1657 0.002000 1352
1658 0.002000 1352
1659 0.002000 1352
1660 0.002000 1352
1661 0.002000 1352
1662 0.002000 1352
1663 0.002000 1352
1664 0.002000 1352
1665 0.002000 1352
1666 0.002000 1352
1667 0.002000 1352
1668 0.002000 1352
1669 0.002000 1352
1670 0.002000 1352
1671 0.002000 1352
1672 0.002000 1352
1673 0.002000 1352
1674 0.002000 1352
1675 0.002000 1352
1676 0.002000 1352
1677 0.002000 1352
1678 0.002000 1352
1679 0.002000 1352
1680 0.002000 1352
1681 0.002000 1352
1682 0.002000 1352
1683 0.002000 1352
1684 0.002000 1352
1685 0.002000 1352
1686 0.002000 1352
1687 0.002000 1352
1688 0.002000 1352
1689 0.002000 1352
1690 0.002000 1352
1691 0.002000 1352
1692 0.002000 1352
1693 0.002000 1352
1694 0.002000 1352
1695 0.002000 1352
1696 0.002000 1352
1697 0.002000 1352
1698 0.002000 1352
1699 0.002000 1352
1700 0.002000 1352
1701 0.002000 1352
1702 0.002000 1352
1703 0.002000 1352
1704 0.002000 1352
1705 0.002000 1352
1706 0.002000 1352
1707 0.002000 1352
1708 0.002000 1352
1709 0.002000 1352
1710 0.002000 1352
1711 0.002000 1352
1712 0.002000 1352
1713 0.002000 1352
1714 0.002000 1352
1715 0.002000 1352
1716 0.002000 1352
1717 0.002000 1352
1718 0.002000 1352
1719 0.002000 1352
1720 0.002000 1352
1721 0.002000 1352
1722 0.002000 1352
1723 0.002000 1352
1724 0.002000 1352
1725 0.002000 1352
1726 0.002000 1352
1727 0.002000 1352
1728 0.002000 1352
1729 0.002000 1352
1730 0.002000 1352
1731 0.002000 1352
1732 0.002000 1352
1733 0.002000 1352
1734 0.002000 1352
1735 0.002000 1352
1736 0.002000 1352
1737 0.002000 1352
1738 0.002000 1352
1739 0.002000 1352
1740 0.002000 1352
1741 0.002000 1352
1742 0.002000 1352
1743 0.002000 1352
1744 0.002000 1352
1745 0.002000 1352
1746 0.002000 1352
1747 0.002000 1352
1748 0.002000 1352
1749 0.002000 1352
1750 0.002000 1352
1751 0.002000 1352
1752 0.002000 1352
1753 0.002000 1352
1754 0.002000 1352
1755 0.002000 1352
1756 0.002000 1352
1757 0.002000 1352
1758 0.002000 1352
1759 0.002000 1352
1760 0.002000 1352
1761 0.002000 1352
1762 0.002000 1352
1763 0.002000 1352
1764 0.002000 1352
1765 0.002000 1352
1766 0.002000 1352
1767 0.002000 1352
1768 0.002000 1352
1769 0.002000 1352
1770 0.002000 1352
1771 0.002000 1352
1772 0.002000 1352
1773 0.002000 1352
1774 0.002000 1352
1775 0.002000 1352
1776 0.002000 1352
1777 0.002000 1352
1778 0.002000 1352
1779 0.002000 1352
1780 0.002000 1352
1781 0.002000 1352
1782 0.002000 1352
1783 0.002000 1352
1784 0.002000 1352
1785 0.002000 1352
1786 0.002000 1352
1787 0.002000 1352
1788 0.002000 1352
1789 0.002000 1352
1790 0.002000 1352
1791 0.002000 1352
1792 0.002000 1352
1793 0.002000 1352
1794 0.002000 1352
1795 0.002000 1352
1796 0.002000 1352
1797 0.002000 1352
1798 0.002000 1352
1799 0.002000 1352
1800 0.002000 1352
1801 0.002000 1352
1802 0.002000 1352
1803 0.002000 1352
1804 0.002000 1352
1805 0.002000 1352
1806 0.002000 1352
1807 0.002000 1352
1808 0.002000 1352
1809 0.002000 1352
1810 0.002000 1352
1811 0.002000 1352
1812 0.002000 1352
1813 0.002000 1352
1814 0.002000 1352
1815 0.002000 1352
1816 0.002000 1352
1817 0.002000 1352
1818 0.002000 1352
1819 0.002000 1352
1820 0.002000 1352
1821 0.002000 1352
1822 0.002000 1352
1823 0.002000 1352
1824 0.002000 1352
1825 0.002000 1352
1826 0.002000 1352
1827 0.002000 1352
1828 0.002000 1352
1829 0.002000 1352
1830 0.002000 1352
1831 0.002000 1352
1832 0.002000 1352
1833 0.002000 1352
1834 0.002000 1352
1835 0.002000 1352
1836 0.002000 1352
1837 0.002000 1352
1838 0.002000 1352
1839 0.002000 1352
1840 0.002000 1352
1841 0.002000 1352
1842 0.002000 1352
1843 0.002000 1352
1844 0.002000 1352
1845 0.002000 1352
1846 0.002000 1352
1847 0.002000 1352
1848 0.002000 1352
1849 0.002000 1352
1850 0.002000 1352
1851 0.002000 1352
1852 0.002000 1352
1853 0.002000 1352
1854 0.002000 1352
1855 0.002000 1352
1856 0.002000 1352
1857 0.002000 1352
1858 0.002000 1352
1859 0.002000 1352
1860 0.002000 1352
1861 0.002000 1352
1862 0.002000 1352
1863 0.002000 1352
1864 0.002000 1352
1865 0.002000 1352
1866 0.002000 1352
1867 0.002000 1352
1868 0.002000 1352
1869 0.002000 1352
1870 0.002000 1352
1871 0.002000 1352
1872 0.002000 1352
1873 0.002000 1352
1874 0.002000 1352
1875 0.002000 1352
1876 0.002000 1352
1877 0.002000 1352
1878 0.002000 1352
1879 0.002000 1352
1880 0.002000 1352
1881 0.002000 1352
1882 0.002000 1352
1883 0.002000 1352
1884 0.002000 1352
1885 0.002000 1352
1886 0.002000 1352
1887 0.002000 1352
1888 0.002000 1352
1889 0.002000 1352
1890 0.002000 1352
1891 0.002000 1352
1892 0.002000 1352
1893 0.002000 1352
1894 0.002000 1352
1895 0.002000 1352
1896 0.002000 1352
1897 0.002000 1352
1898 0.002000 1352
1899 0.002000 1352
1900 0.002000 1352
1901 0.002000 1352
1902 0.002000 1352
1903 0.002000 1352
1904 0.002000 1352
1905 0.002000 1352
1906 0.002000 1352
1907 0.002000 1352
1908 0.002000 1352
1909 0.002000 1352
1910 0.002000 1352
1911 0.002000 1352
1912 0.002000 1352
1913 0.002000 1352
1914 0.002000 1352
1915 0.002000 1352
1916 0.002000 1352
1917 0.002000 1352
1918 0.002000 1352
1919 0.002000 1352
1920 0.002000 1352
1921 0.002000 1352
1922 0.002000 1352
1923 0.002000 1352
1924 0.002000 1352
1925 0.002000 1352
1926 0.002000 1352
1927 0.002000 1352
1928 0.002000 1352
1929 0.002000 1352
1930 0.002000 1352
1931 0.002000 1352
1932 0.002000 1352
1933 0.002000 1352
1934 0.002000 1352
1935 0.002000 1352
1936 0.002000 1352
1937 0.002000 1352
1938 0.002000 1352
1939 0.002000 1352
1940 0.002000 1352
1941 0.002000 1352
1942 0.002000 1352
1943 0.002000 1352
1944 0.002000 1352
1945 0.002000 1352
1946 0.002000 1352
1947 0.002000 1352
1948 0.002000 1352
1949 0.002000 1352
1950 0.002000 1352
1951 0.002000 1352
1952 0.002000 1352
1953 0.002000 1352
1954 0.002000 1352
1955 0.002000 1352
1956 0.002000 1352
1957 0.002000 1352
1958 0.002000 1352
1959 0.003000 1352
1960 0.003000 1352
1961 0.003000 1352
1962 0.003000 1352
1963 0.003000 1352
1964 0.003000 1352
1965 0.003000 1352
1966 0.003000 1352
1967 0.003000 1352
1968 0.003000 1352
1969 0.003000 1352
1970 0.003000 1352
1971 0.003000 1352
1972 0.003000 1352
1973 0.003000 1352
1974 0.003000 1352
1975 0.003000 1352
1976 0.003000 1352
1977 0.003000 1352
1978 0.003000 1352
1979 0.003000 1352
1980 0.003000 1352
1981 0.003000 1352
1982 0.003000 1352
1983 0.003000 1352
1984 0.003000 1352
1985 0.003000 1352
1986 0.003000 1352
1987 0.003000 1352
1988 0.003000 1352
1989 0.003000 1352
1990 0.003000 1352
1991 0.003000 1352
1992 0.003000 1352
1993 0.003000 1352
1994 0.003000 1352
1995 0.003000 1352
1996 0.003000 1352
1997 0.003000 1352
1998 0.003000 1352
1999 0.003000 1352
2000 0.003000 1352
2001 0.003000 1352
2002 0.003000 1352
2003 0.003000 1352
2004 0.003000 1352
2005 0.003000 1352
2006 0.003000 1352
2007 0.003000 1352
2008 0.003000 1352
2009 0.003000 1352
2010 0.003000 1352
2011 0.003000 1352
2012 0.003000 1352
2013 0.003000 1352
2014 0.003000 1352
2015 0.003000 1352
2016 0.003000 1352
2017 0.003000 1352
2018 0.003000 1352
2019 0.003000 1352
2020 0.003000 1352
2021 0.003000 1352
2022 0.003000 1352
2023 0.003000 1352
2024 0.003000 1352
2025 0.003000 1352
2026 0.003000 1352
2027 0.003000 1352
2028 0.003000 1352
2029 0.003000 1352
2030 0.003000 1352
2031 0.003000 1352
2032 0.003000 1352
2033 0.003000 1352
2034 0.003000 1352
2035 0.003000 1352
2036 0.003000 1352
2037 0.003000 1352
2038 0.003000 1352
2039 0.003000 1352
2040 0.003000 1352
2041 0.003000 1352
2042 0.003000 1352
2043 0.003000 1352
2044 0.003000 1352
2045 0.003000 1352
2046 0.003000 1352
2047 0.003000 1352
2048 0.003000 1352
2049 0.003000 1352
2050 0.003000 1352
2051 0.003000 1352
2052 0.003000 1352
2053 0.003000 1352
2054 0.003000 1352
2055 0.003000 1352
2056 0.003000 1352
2057 0.003000 1352
2058 0.003000 1352
2059 0.003000 1352
2060 0.003000 1352
2061 0.003000 1352
2062 0.003000 1352
2063 0.003000 1352
2064 0.003000 1352
2065 0.003000 1352
2066 0.003000 1352
2067 0.003000 1352
2068 0.003000 1352
2069 0.003000 1352
2070 0.003000 1352
2071 0.003000 1352
2072 0.003000 1352
2073 0.003000 1352
2074 0.003000 1352
2075 0.003000 1352
2076 0.003000 1352
2077 0.003000 1352
2078 0.003000 1352
2079 0.003000 1352
2080 0.003000 1352
2081 0.003000 1352
2082 0.003000 1352
2083 0.003000 1352
2084 0.003000 1352
2085 0.003000 1352
2086 0.003000 1352
2087 0.003000 1352
2088 0.003000 1352
2089 0.003000 1352
2090 0.003000 1352
2091 0.003000 1352
2092 0.003000 1352
2093 0.003000 1352
2094 0.003000 1352
2095 0.003000 1352
2096 0.003000 1352
2097 0.003000 1352
2098 0.003000 1352
2099 0.003000 1352
2100 0.003000 1352
2101 0.003000 1352
2102 0.003000 1352
2103 0.003000 1352
2104 0.003000 1352
2105 0.003000 1352
2106 0.003000 1352
2107 0.003000 1352
2108 0.003000 1352
2109 0.003000 1352
2110 0.003000 1352
2111 0.003000 1352
2112 0.003000 1352
2113 0.003000 1352
2114 0.003000 1352
2115 0.003000 1352
2116 0.003000 1352
2117 0.003000 1352
2118 0.003000 1352
2119 0.003000 1352
2120 0.003000 1352
2121 0.003000 1352
2122 0.003000 1352
2123 0.003000 1352
2124 0.003000 1352
2125 0.003000 1352
2126 0.003000 1352
2127 0.003000 1352
2128 0.003000 1352
2129 0.003000 1352
2130 0.003000 1352
2131 0.003000 1352
2132 0.003000 1352
2133 0.003000 1352
2134 0.003000 1352
2135 0.003000 1352
2136 0.003000 1352
2137 0.003000 1352
2138 0.003000 1352
2139 0.003000 1352
2140 0.003000 1352
2141 0.003000 1352
2142 0.003000 1352
2143 0.003000 1352
2144 0.003000 1352
2145 0.003000 1352
2146 0.003000 1352
2147 0.003000 1352
2148 0.003000 1352
2149 0.003000 1352
2150 0.003000 1352
2151 0.003000 1352
2152 0.003000 1352
2153 0.003000 1352
2154 0.003000 1352
2155 0.003000 1352
2156 0.003000 1352
2157 0.003000 1352
2158 0.003000 1352
2159 0.003000 1352
2160 0.003000 1352
2161 0.003000 1352
2162 0.003000 1352
2163 0.003000 1352
2164 0.003000 1352
2165 0.003000 1352
2166 0.003000 1352
2167 0.003000 1352
2168 0.003000 1352
2169 0.003000 1352
2170 0.003000 1352
2171 0.003000 1352
2172 0.003000 1352
2173 0.003000 1352
2174 0.003000 1352
2175 0.003000 1352
2176 0.003000 1352
2177 0.003000 1352
2178 0.003000 1352
2179 0.003000 1352
2180 0.003000 1352
2181 0.003000 1352
2182 0.003000 1352
2183 0.003000 1352
2184 0.003000 1352
2185 0.003000 1352
2186 0.003000 1352
2187 0.003000 1352
2188 0.003000 1352
2189 0.003000 1352
2190 0.003000 1352
2191 0.003000 1352
2192 0.003000 1352
2193 0.003000 1352
2194 0.003000 1352
2195 0.003000 1352
2196 0.003000 1352
2197 0.003000 1352
2198 0.003000 1352
2199 0.003000 1352
2200 0.003000 1352
2201 0.003000 1352
2202 0.003000 1352
2203 0.003000 1352
2204 0.003000 1352
2205 0.003000 1352
2206 0.003000 1352
2207 0.003000 1352
2208 0.003000 1352
2209 0.003000 1352
2210 0.003000 1352
2211 0.003000 1352
2212 0.003000 1352
2213 0.003000 1352
2214 0.003000 1352
2215 0.003000 1352
2216 0.003000 1352
2217 0.003000 1352
2218 0.003000 1352
2219 0.003000 1352
2220 0.003000 1352
2221 0.003000 1352
2222 0.003000 1352
2223 0.003000 1352
2224 0.003000 1352
2225 0.003000 1352
2226 0.003000 1352
2227 0.003000 1352
2228 0.003000 1352
2229 0.003000 1352
2230 0.003000 1352
2231 0.003000 1352
2232 0.003000 1352
2233 0.003000 1352
2234 0.003000 1352
2235 0.003000 1352
2236 0.003000 1352
2237 0.003000 1352
2238 0.003000 1352
2239 0.003000 1352
2240 0.003000 1352
2241 0.003000 1352
2242 0.003000 1352
2243 0.003000 1352
2244 0.003000 1352
2245 0.003000 1352
2246 0.003000 1352
2247 0.003000 1352
2248 0.003000 1352
2249 0.003000 1352
2250 0.003000 1352
2251 0.003000 1352
2252 0.003000 1352
2253 0.003000 1352
2254 0.003000 1352
2255 0.003000 1352
2256 0.003000 1352
2257 0.003000 1352
2258 0.003000 1352
2259 0.003000 1352
2260 0.003000 1352
2261 0.003000 1352
2262 0.003000 1352
2263 0.003000 1352
2264 0.003000 1352
2265 0.003000 1352
2266 0.003000 1352
2267 0.003000 1352
2268 0.003000 1352
2269 0.003000 1352
2270 0.003000 1352
2271 0.003000 1352
2272 0.003000 1352
2273 0.003000 1352
2274 0.003000 1352
2275 0.003000 1352
2276 0.003000 1352
2277 0.003000 1352
2278 0.003000 1352
2279 0.003000 1352
2280 0.003000 1352
2281 0.003000 1352
2282 0.003000 1352
2283 0.003000 1352
2284 0.003000 1352
2285 0.003000 1352
2286 0.003000 1352
2287 0.003000 1352
2288 0.003000 1352
2289 0.003000 1352
2290 0.003000 1352
2291 0.003000 1352
2292 0.003000 1352
2293 0.003000 1352
2294 0.003000 1352
2295 0.003000 1352
2296 0.003000 1352
2297 0.003000 1352
2298 0.003000 1352
2299 0.003000 1352
2300 0.003000 1352
2301 0.003000 1352
2302 0.003000 1352
2303 0.003000 1352
2304 0.003000 1352
2305 0.003000 1352
2306 0.003000 1352
2307 0.003000 1352
2308 0.003000 1352
2309 0.003000 1352
2310 0.003000 1352
2311 0.003000 1352
2312 0.003000 1352
2313 0.003000 1352
2314 0.003000 1352
2315 0.003000 1352
2316 0.003000 1352
2317 0.003000 1352
2318 0.003000 1352
2319 0.003000 1352
2320 0.003000 1352
2321 0.003000 1352
2322 0.003000 1352
2323 0.003000 1352
2324 0.003000 1352
2325 0.003000 1352
2326 0.003000 1352
2327 0.003000 1352
2328 0.003000 1352
2329 0.003000 1352
2330 0.003000 1352
2331 0.003000 1352
2332 0.003000 1352
2333 0.003000 1352
2334 0.003000 1352
2335 0.003000 1352
2336 0.003000 1352
2337 0.003000 1352
2338 0.003000 1352
2339 0.003000 1352
2340 0.003000 1352
2341 0.003000 1352
2342 0.003000 1352
2343 0.003000 1352
2344 0.003000 1352
2345 0.003000 1352
2346 0.003000 1352
2347 0.003000 1352
2348 0.003000 1352
2349 0.003000 1352
2350 0.003000 1352
2351 0.003000 1352
2352 0.003000 1352
2353 0.003000 1352
2354 0.003000 1352
2355 0.003000 1352
2356 0.003000 1352
2357 0.003000 1352
2358 0.003000 1352
2359 0.003000 1352
2360 0.003000 1352
2361 0.003000 1352
2362 0.003000 1352
2363 0.003000 1352
2364 0.003000 1352
2365 0.003000 1352
2366 0.003000 1352
2367 0.003000 1352
2368 0.003000 1352
2369 0.003000 1352
2370 0.003000 1352
2371 0.003000 1352
2372 0.003000 1352
2373 0.003000 1352
2374 0.003000 1352
2375 0.003000 1352
2376 0.003000 1352
2377 0.003000 1352
2378 0.003000 1352
2379 0.003000 1352
2380 0.003000 1352
2381 0.003000 1352
2382 0.003000 1352
2383 0.003000 1352
2384 0.003000 1352
2385 0.003000 1352
2386 0.003000 1352
2387 0.003000 1352
2388 0.003000 1352
2389 0.003000 1352
2390 0.003000 1352
2391 0.003000 1352
2392 0.003000 1352
2393 0.003000 1352
2394 0.003000 1352
2395 0.003000 1352
2396 0.003000 1352
2397 0.003000 1352
2398 0.003000 1352
2399 0.003000 1352
2400 0.003000 1352
2401 0.003000 1352
2402 0.003000 1352
2403 0.003000 1352
2404 0.003000 1352
2405 0.003000 1352
2406 0.003000 1352
2407 0.003000 1352
2408 0.003000 1352
2409 0.003000 1352
2410 0.003000 1352
2411 0.003000 1352
2412 0.003000 1352
2413 0.003000 1352
2414 0.003000 1352
2415 0.003000 1352
2416 0.003000 1352
2417 0.003000 1352
2418 0.003000 1352
2419 0.003000 1352
2420 0.003000 1352
2421 0.003000 1352
2422 0.003000 1352
2423 0.003000 1352
2424 0.003000 1352
2425 0.003000 1352
2426 0.003000 1352
2427 0.003000 1352
2428 0.003000 1352
2429 0.003000 1352
2430 0.003000 1352
2431 0.003000 1352
2432 0.003000 1352
2433 0.003000 1352
2434 0.003000 1352
2435 0.003000 1352
2436 0.003000 1352
2437 0.003000 1352
2438 0.003000 1352
2439 0.003000 1352
2440 0.003000 1352
2441 0.003000 1352
2442 0.003000 1352
2443 0.003000 1352
2444 0.003000 1352
2445 0.003000 1352
2446 0.003000 1352
2447 0.003000 1352
2448 0.003000 1352
2449 0.003000 1352
2450 0.003000 1352
2451 0.003000 1352
2452 0.003000 1352
2453 0.003000 1352
2454 0.003000 1352
2455 0.003000 1352
2456 0.003000 1352
2457 0.003000 1352
2458 0.003000 1352
2459 0.003000 1352
2460 0.003000 1352
2461 0.003000 1352
2462 0.003000 1352
2463 0.003000 1352
2464 0.003000 1352
2465 0.003000 1352
2466 0.003000 1352
2467 0.003000 1352
2468 0.003000 1352
2469 0.003000 1352
2470 0.003000 1352
2471 0.003000 1352
2472 0.003000 1352
2473 0.003000 1352
2474 0.003000 1352
2475 0.003000 1352
2476 0.003000 1352
2477 0.003000 1352
2478 0.003000 1352
2479 0.003000 1352
2480 0.003000 1352
2481 0.003000 1352
2482 0.003000 1352
2483 0.003000 1352
2484 0.003000 1352
2485 0.003000 1352
2486 0.003000 1352
2487 0.003000 1352
2488 0.003000 1352
2489 0.003000 1352
2490 0.003000 1352
2491 0.003000 1352
2492 0.003000 1352
2493 0.003000 1352
2494 0.003000 1352
2495 0.003000 1352
2496 0.003000 1352
2497 0.003000 1352
2498 0.003000 1352
2499 0.003000 1352
2500 0.003000 1352
2501 0.003000 1352
2502 0.003000 1352
2503 0.003000 1352
2504 0.003000 1352
2505 0.003000 1352
2506 0.003000 1352
2507 0.003000 1352
2508 0.003000 1352
2509 0.003000 1352
2510 0.003000 1352
2511 0.003000 1352
2512 0.003000 1352
2513 0.003000 1352
2514 0.003000 1352
2515 0.003000 1352
2516 0.003000 1352
2517 0.003000 1352
2518 0.003000 1352
2519 0.003000 1352
2520 0.003000 1352
2521 0.003000 1352
2522 0.003000 1352
2523 0.003000 1352
2524 0.003000 1352
2525 0.003000 1352
2526 0.003000 1352
2527 0.003000 1352
2528 0.003000 1352
2529 0.003000 1352
2530 0.003000 1352
2531 0.003000 1352
2532 0.003000 1352
2533 0.003000 1352
2534 0.003000 1352
2535 0.003000 1352
2536 0.003000 1352
2537 0.003000 1352
2538 0.003000 1352
2539 0.003000 1352
2540 0.003000 1352
2541 0.003000 1352
2542 0.003000 1352
2543 0.003000 1352
2544 0.003000 1352
2545 0.003000 1352
2546 0.003000 1352
2547 0.003000 1352
2548 0.003000 1352
2549 0.003000 1352
2550 0.003000 1352
2551 0.003000 1352
2552 0.003000 1352
2553 0.003000 1352
2554 0.003000 1352
2555 0.003000 1352
2556 0.003000 1352
2557 0.003000 1352
2558 0.003000 1352
2559 0.003000 1352
2560 0.003000 1352
2561 0.003000 1352
2562 0.003000 1352
2563 0.003000 1352
2564 0.003000 1352
2565 0.003000 1352
2566 0.003000 1352
2567 0.003000 1352
2568 0.003000 1352
2569 0.003000 1352
2570 0.003000 1352
2571 0.003000 1352
2572 0.003000 1352
2573 0.003000 1352
2574 0.003000 1352
2575 0.003000 1352
2576 0.003000 1352
2577 0.003000 1352
2578 0.003000 1352
2579 0.003000 1352
2580 0.003000 1352
2581 0.003000 1352
2582 0.003000 1352
2583 0.003000 1352
2584 0.003000 1352
2585 0.003000 1352
2586 0.003000 1352
2587 0.003000 1352
2588 0.003000 1352
2589 0.003000 1352
2590 0.003000 1352
2591 0.003000 1352
2592 0.003000 1352
2593 0.003000 1352
2594 0.003000 1352
2595 0.003000 1352
2596 0.003000 1352
2597 0.003000 1352
2598 0.003000 1352
2599 0.003000 1352
2600 0.003000 1352
2601 0.003000 1352
2602 0.003000 1352
2603 0.003000 1352
2604 0.003000 1352
2605 0.003000 1352
2606 0.003000 1352
2607 0.003000 1352
2608 0.003000 1352
2609 0.003000 1352
2610 0.003000 1352
2611 0.003000 1352
2612 0.003000 1352
2613 0.003000 1352
2614 0.003000 1352
2615 0.003000 1352
2616 0.003000 1352
2617 0.003000 1352
2618 0.003000 1352
2619 0.003000 1352
2620 0.003000 1352
2621 0.003000 1352
2622 0.003000 1352
2623 0.003000 1352
2624 0.003000 1352
2625 0.003000 1352
2626 0.003000 1352
2627 0.003000 1352
2628 0.003000 1352
2629 0.003000 1352
2630 0.003000 1352
2631 0.003000 1352
2632 0.003000 1352
2633 0.003000 1352
2634 0.003000 1352
2635 0.003000 1352
2636 0.003000 1352
2637 0.003000 1352
2638 0.003000 1352
2639 0.003000 1352
2640 0.003000 1352
2641 0.003000 1352
2642 0.003000 1352
2643 0.003000 1352
2644 0.003000 1352
2645 0.003000 1352
2646 0.003000 1352
2647 0.003000 1352
2648 0.003000 1352
2649 0.003000 1352
2650 0.003000 1352
2651 0.003000 1352
2652 0.003000 1352
2653 0.003000 1352
2654 0.003000 1352
2655 0.003000 1352
2656 0.003000 1352
2657 0.003000 1352
2658 0.003000 1352
2659 0.003000 1352
2660 0.003000 1352
2661 0.003000 1352
2662 0.003000 1352
2663 0.003000 1352
2664 0.003000 1352
2665 0.003000 1352
2666 0.003000 1352
2667 0.003000 1352
2668 0.003000 1352
2669 0.003000 1352
2670 0.003000 1352
2671 0.003000 1352
2672 0.003000 1352
2673 0.003000 1352
2674 0.003000 1352
2675 0.003000 1352
2676 0.003000 1352
2677 0.003000 1352
2678 0.003000 1352
2679 0.003000 1352
2680 0.003000 1352
2681 0.003000 1352
2682 0.003000 1352
2683 0.003000 1352
2684 0.003000 1352
2685 0.003000 1352
2686 0.003000 1352
2687 0.003000 1352
2688 0.003000 1352
2689 0.003000 1352
2690 0.003000 1352
2691 0.003000 1352
2692 0.003000 1352
2693 0.003000 1352
2694 0.003000 1352
2695 0.003000 1352
2696 0.003000 1352
2697 0.003000 1352
2698 0.003000 1352
2699 0.003000 1352
2700 0.003000 1352
2701 0.003000 1352
2702 0.003000 1352
2703 0.003000 1352
2704 0.003000 1352
2705 0.003000 1352
2706 0.003000 1352
2707 0.003000 1352
2708 0.003000 1352
2709 0.003000 1352
2710 0.003000 1352
2711 0.003000 1352
2712 0.003000 1352
2713 0.003000 1352
2714 0.003000 1352
2715 0.003000 1352
2716 0.003000 1352
2717 0.003000 1352
2718 0.003000 1352
2719 0.003000 1352
2720 0.003000 1352
2721 0.003000 1352
2722 0.003000 1352
2723 0.003000 1352
2724 0.003000 1352
2725 0.003000 1352
2726 0.003000 1352
2727 0.003000 1352
2728 0.003000 1352
2729 0.003000 1352
2730 0.003000 1352
2731 0.003000 1352
2732 0.003000 1352
2733 0.003000 1352
2734 0.003000 1352
2735 0.003000 1352
2736 0.003000 1352
2737 0.003000 1352
2738 0.003000 1352
2739 0.003000 1352
2740 0.003000 1352
2741 0.003000 1352
2742 0.003000 1352
2743 0.003000 1352
2744 0.003000 1352
2745 0.003000 1352
2746 0.003000 1352
2747 0.003000 1352
2748 0.003000 1352
2749 0.003000 1352
2750 0.003000 1352
2751 0.003000 1352
2752 0.003000 1352
2753 0.003000 1352
2754 0.003000 1352
2755 0.003000 1352
2756 0.003000 1352
2757 0.003000 1352
2758 0.003000 1352
2759 0.003000 1352
2760 0.003000 1352
2761 0.003000 1352
2762 0.003000 1352
2763 0.003000 1352
2764 0.003000 1352
2765 0.003000 1352
2766 0.003000 1352
2767 0.003000 1352
2768 0.003000 1352
2769 0.003000 1352
2770 0.003000 1352
2771 0.003000 1352
2772 0.003000 1352
2773 0.003000 1352
2774 0.003000 1352
2775 0.003000 1352
2776 0.003000 1352
2777 0.003000 1352
2778 0.003000 1352
2779 0.003000 1352
2780 0.003000 1352
2781 0.003000 1352
2782 0.003000 1352
2783 0.003000 1352
2784 0.003000 1352
2785 0.003000 1352
2786 0.003000 1352
2787 0.003000 1352
2788 0.003000 1352
2789 0.003000 1352
2790 0.003000 1352
2791 0.003000 1352
2792 0.003000 1352
2793 0.003000 1352
2794 0.003000 1352
2795 0.003000 1352
2796 0.003000 1352
2797 0.003000 1352
2798 0.003000 1352
2799 0.003000 1352
2800 0.003000 1352
2801 0.003000 1352
2802 0.003000 1352
2803 0.003000 1352
2804 0.003000 1352
2805 0.003000 1352
2806 0.003000 1352
2807 0.003000 1352
2808 0.003000 1352
2809 0.003000 1352
2810 0.003000 1352
2811 0.003000 1352
2812 0.003000 1352
2813 0.003000 1352
2814 0.003000 1352
2815 0.003000 1352
2816 0.003000 1352
2817 0.003000 1352
2818 0.003000 1352
2819 0.003000 1352
2820 0.003000 1352
2821 0.003000 1352
2822 0.003000 1352
2823 0.003000 1352
2824 0.003000 1352
2825 0.003000 1352
2826 0.003000 1352
2827 0.003000 1352
2828 0.003000 1352
2829 0.003000 1352
2830 0.003000 1352
2831 0.003000 1352
2832 0.003000 1352
2833 0.003000 1352
2834 0.003000 1352
2835 0.003000 1352
2836 0.003000 1352
2837 0.003000 1352
2838 0.003000 1352
2839 0.003000 1352
2840 0.003000 1352
2841 0.003000 1352
2842 0.003000 1352
2843 0.003000 1352
2844 0.003000 1352
2845 0.003000 1352
2846 0.003000 1352
2847 0.003000 1352
2848 0.003000 1352
2849 0.003000 1352
2850 0.003000 1352
2851 0.003000 1352
2852 0.003000 1352
2853 0.003000 1352
2854 0.003000 1352
2855 0.003000 1352
2856 0.003000 1352
2857 0.003000 1352
2858 0.003000 1352
2859 0.003000 1352
2860 0.003000 1352
2861 0.003000 1352
2862 0.003000 1352
2863 0.003000 1352
2864 0.003000 1352
2865 0.003000 1352
2866 0.003000 1352
2867 0.003000 1352
2868 0.003000 1352
2869 0.003000 1352
2870 0.003000 1352
2871 0.003000 1352
2872 0.003000 1352
2873 0.003000 1352
2874 0.003000 1352
2875 0.003000 1352
2876 0.003000 1352
2877 0.003000 1352
2878 0.003000 1352
2879 0.003000 1352
2880 0.003000 1352
2881 0.003000 1352
2882 0.003000 1352
2883 0.003000 1352
2884 0.003000 1352
2885 0.003000 1352
2886 0.003000 1352
2887 0.003000 1352
2888 0.003000 1352
2889 0.003000 1352
2890 0.003000 1352
2891 0.003000 1352
2892 0.003000 1352
2893 0.003000 1352
2894 0.003000 1352
2895 0.003000 1352
2896 0.003000 1352
2897 0.003000 1352
2898 0.003000 1352
2899 0.003000 1352
2900 0.003000 1352
2901 0.003000 1352
2902 0.003000 1352
2903 0.003000 1352
2904 0.003000 1352
2905 0.003000 1352
2906 0.003000 1352
2907 0.003000 1352
2908 0.003000 1352
2909 0.003000 1352
2910 0.003000 1352
2911 0.003000 1352
2912 0.003000 1352
2913 0.003000 1352
2914 0.003000 1352
2915 0.003000 1352
2916 0.003000 1352
2917 0.003000 1352
2918 0.003000 1352
2919 0.003000 1352
2920 0.003000 1352
2921 0.003000 1352
2922 0.003000 1352
2923 0.003000 1352
2924 0.003000 1352
2925 0.003000 1352
2926 0.003000 1352
2927 0.003000 1352
2928 0.003000 1352
2929 0.003000 1352
2930 0.003000 1352
2931 0.003000 1352
2932 0.003000 1352
2933 0.003000 1352
2934 0.003000 1352
2935 0.003000 1352
2936 0.003000 1352
2937 0.003000 1352
2938 0.003000 1352
2939 0.003000 1352
2940 0.003000 1352
2941 0.003000 1352
2942 0.003000 1352
2943 0.003000 1352
2944 0.003000 1352
2945 0.003000 1352
2946 0.003000 1352
2947 0.003000 1352
2948 0.003000 1352
2949 0.003000 1352
2950 0.003000 1352
2951 0.003000 1352
2952 0.003000 1352
2953 0.003000 1352
2954 0.003000 1352
2955 0.003000 1352
2956 0.003000 1352
2957 0.003000 1352
2958 0.003000 1352
2959 0.003000 1352
2960 0.003000 1352
2961 0.003000 1352
2962 0.003000 1352
2963 0.003000 1352
2964 0.003000 1352
2965 0.003000 1352
2966 0.003000 1352
2967 0.003000 1352
2968 0.003000 1352
2969 0.003000 1352
2970 0.003000 1352
2971 0.003000 1352
2972 0.003000 1352
2973 0.003000 1352
2974 0.003000 1352
2975 0.003000 1352
2976 0.003000 1352
2977 0.003000 1352
2978 0.003000 1352
2979 0.003000 1352
2980 0.003000 1352
2981 0.003000 1352
2982 0.003000 1352
2983 0.003000 1352
2984 0.003000 1352
2985 0.003000 1352
2986 0.003000 1352
2987 0.003000 1352
2988 0.003000 1352
2989 0.003000 1352
2990 0.003000 1352
2991 0.003000 1352
2992 0.003000 1352
2993 0.003000 1352
2994 0.003000 1352
2995 0.003000 1352
2996 0.003000 1352
2997 0.003000 1352
2998 0.003000 1352
2999 0.003000 1352
3000 0.003000 1352
# Final Best Cost: 1352
