# first_value: 1432
# Instance: eil51.tsp
# Method: random-search
# output: time cost
0 1432
1 0.000000 1432
2 0.000000 1432
3 0.000000 1432
4 0.000000 1432
5 0.000000 1432
6 0.000000 1432
7 0.000000 1432
8 0.000000 1432
9 0.000000 1432
10 0.000000 1432
11 0.000000 1432
12 0.000000 1432
13 0.000000 1432
14 0.000000 1432
15 0.000000 1432
16 0.000000 1432
17 0.000000 1432
18 0.000000 1432
19 0.000000 1432
20 0.000000 1432
21 0.000000 1432
22 0.000000 1432
23 0.000000 1432
24 0.000000 1432
25 0.000000 1432
26 0.000000 1432
27 0.000000 1432
28 0.000000 1432
29 0.000000 1432
30 0.000000 1432
31 0.000000 1432
32 0.000000 1432
33 0.000000 1432
34 0.000000 1432
35 0.000000 1432
36 0.000000 1432
37 0.000000 1432
38 0.000000 1432
39 0.000000 1432
40 0.000000 1432
41 0.000000 1432
42 0.000000 1432
43 0.000000 1432
44 0.000000 1432
45 0.000000 1432
46 0.000000 1432
47 0.000000 1432
48 0.000000 1432
49 0.000000 1432
50 0.000000 1432
51 0.000000 1432
52 0.000000 1432
53 0.000000 1432
54 0.000000 1432
55 0.000000 1432
56 0.000000 1432
57 0.000000 1432
58 0.000000 1432
59 0.000000 1432
60 0.000000 1432
61 0.000000 1432
62 0.000000 1432
63 0.000000 1432
64 0.000000 1432
65 0.000000 1432
66 0.000000 1432
67 0.000000 1432
68 0.000000 1432
69 0.000000 1432
70 0.000000 1432
71 0.000000 1432
72 0.000000 1432
73 0.000000 1432
74 0.000000 1432
75 0.000000 1432
76 0.000000 1432
77 0.000000 1432
78 0.000000 1432
79 0.000000 1432
80 0.000000 1432
81 0.000000 1432
82 0.000000 1432
83 0.000000 1432
84 0.000000 1432
85 0.000000 1432
86 0.000000 1432
87 0.000000 1432
88 0.000000 1432
89 0.000000 1432
90 0.000000 1432
91 0.000000 1432
92 0.000000 1432
93 0.000000 1432
94 0.000000 1432
95 0.000000 1432
96 0.000000 1432
97 0.000000 1432
98 0.000000 1432
99 0.000000 1432
100 0.000000 1432
101 0.000000 1432
102 0.000000 1432
103 0.000000 1432
104 0.000000 1432
105 0.000000 1432
106 0.000000 1432
107 0.000000 1432
108 0.000000 1432
109 0.000000 1432
110 0.000000 1432
111 0.000000 1432
112 0.000000 1432
113 0.000000 1432
114 0.000000 1432
115 0.000000 1432
116 0.000000 1432
117 0.000000 1432
118 0.000000 1432
119 0.000000 1432
120 0.000000 1432
121 0.000000 1432
122 0.000000 1432
123 0.000000 1432
124 0.000000 1432
125 0.000000 1432
126 0.000000 1432
127 0.000000 1432
128 0.000000 1432
129 0.000000 1432
130 0.000000 1432
131 0.000000 1432
132 0.000000 1432
133 0.000000 1432
134 0.000000 1432
135 0.000000 1432
136 0.000000 1432
137 0.000000 1432
138 0.000000 1432
139 0.000000 1432
140 0.000000 1432
141 0.000000 1432
142 0.000000 1432
143 0.000000 1432
144 0.000000 1432
145 0.000000 1432
146 0.000000 1432
147 0.000000 1432
148 0.000000 1432
149 0.000000 1432
150 0.000000 1432
151 0.000000 1432
152 0.000000 1432
153 0.000000 1432
154 0.000000 1432
155 0.000000 1432
156 0.000000 1432
157 0.000000 1432
158 0.000000 1432
159 0.000000 1432
160 0.000000 1432
161 0.000000 1432
162 0.000000 1432
163 0.000000 1432
164 0.000000 1414
165 0.000000 1414
166 0.000000 1414
167 0.000000 1414
168 0.000000 1414
169 0.000000 1414
170 0.000000 1414
171 0.000000 1414
172 0.000000 1414
173 0.000000 1414
174 0.000000 1414
175 0.000000 1414
176 0.000000 1414
177 0.000000 1414
178 0.000000 1414
179 0.000000 1414
180 0.000000 1414
181 0.000000 1414
182 0.000000 1414
183 0.000000 1414
184 0.000000 1388
185 0.000000 1388
186 0.000000 1388
187 0.000000 1388
188 0.000000 1388
189 0.000000 1388
190 0.000000 1388
191 0.000000 1388
192 0.000000 1388
193 0.000000 1388
194 0.000000 1388
195 0.000000 1388
196 0.000000 1388
197 0.000000 1388
198 0.000000 1388
199 0.000000 1388
200 0.000000 1388
201 0.000000 1388
202 0.000000 1388
203 0.000000 1388
204 0.000000 1388
205 0.000000 1388
206 0.000000 1388
207 0.000000 1388
208 0.000000 1388
209 0.000000 1388
210 0.000000 1388
211 0.000000 1388
212 0.000000 1388
213 0.000000 1388
214 0.000000 1388
215 0.000000 1388
216 0.000000 1388
217 0.000000 1388
218 0.000000 1388
219 0.000000 1388
220 0.000000 1388
221 0.000000 1388
222 0.000000 1388
223 0.000000 1388
224 0.000000 1388
225 0.000000 1388
226 0.000000 1388
227 0.000000 1388
228 0.000000 1388
229 0.000000 1388
230 0.000000 1388
231 0.000000 1388
232 0.000000 1388
233 0.000000 1388
234 0.000000 1388
235 0.000000 1388
236 0.000000 1388
237 0.000000 1388
238 0.000000 1388
239 0.000000 1388
240 0.000000 1388
241 0.000000 1388
242 0.000000 1388
243 0.000000 1388
244 0.000000 1388
245 0.000000 1388
246 0.000000 1388
247 0.000000 1388
248 0.000000 1388
249 0.000000 1388
250 0.000000 1388
251 0.000000 1388
252 0.000000 1388
253 0.000000 1388
254 0.000000 1388
255 0.000000 1388
256 0.000000 1388
257 0.000000 1388
258 0.000000 1388
259 0.000000 1388
260 0.000000 1388
261 0.000000 1388
262 0.000000 1388
263 0.000000 1388
264 0.000000 1388
265 0.000000 1388
266 0.000000 1388
267 0.000000 1388
268 0.000000 1388
269 0.000000 1388
270 0.000000 1388
271 0.000000 1388
272 0.000000 1388
273 0.000000 1388
274 0.000000 1388
275 0.000000 1388
276 0.000000 1388
277 0.000000 1388
278 0.000000 1388
279 0.000000 1388
280 0.000000 1388
281 0.000000 1388
282 0.000000 1388
283 0.000000 1388
284 0.000000 1388
285 0.000000 1388
286 0.000000 1388
287 0.000000 1388
288 0.000000 1388
289 0.000000 1388
290 0.000000 1388
291 0.000000 1388
292 0.000000 1388
293 0.000000 1388
294 0.000000 1388
295 0.000000 1388
296 0.000000 1388
297 0.000000 1388
298 0.000000 1388
299 0.000000 1388
300 0.000000 1388
301 0.000000 1388
302 0.000000 1388
303 0.000000 1388
304 0.000000 1388
305 0.000000 1388
306 0.000000 1388
307 0.000000 1388
308 0.000000 1388
309 0.000000 1388
310 0.000000 1388
311 0.000000 1388
312 0.000000 1388
313 0.000000 1388
314 0.000000 1388
315 0.000000 1388
316 0.000000 1388
317 0.000000 1388
318 0.000000 1388
319 0.000000 1388
320 0.000000 1388
321 0.000000 1388
322 0.000000 1388
323 0.000000 1388
324 0.000000 1388
325 0.000000 1388
326 0.000000 1388
327 0.000000 1388
328 0.000000 1388
329 0.000000 1388
330 0.000000 1388
331 0.000000 1388
332 0.000000 1388
333 0.000000 1388
334 0.000000 1388
335 0.000000 1388
336 0.000000 1388
337 0.000000 1388
338 0.000000 1388
339 0.000000 1388
340 0.000000 1388
341 0.000000 1388
342 0.000000 1388
343 0.000000 1388
344 0.000000 1388
345 0.000000 1388
346 0.000000 1388
347 0.000000 1388
348 0.000000 1388
349 0.000000 1388
350 0.000000 1388
351 0.000000 1388
352 0.000000 1388
353 0.000000 1388
354 0.000000 1388
355 0.000000 1388
356 0.000000 1388
357 0.000000 1388
358 0.000000 1388
359 0.000000 1388
360 0.000000 1388
361 0.000000 1388
362 0.000000 1388
363 0.000000 1388
364 0.000000 1388
365 0.000000 1388
366 0.000000 1388
367 0.000000 1388
368 0.000000 1388
369 0.000000 1388
370 0.000000 1388
371 0.000000 1388
372 0.000000 1388
373 0.000000 1388
374 0.000000 1388
375 0.000000 1388
376 0.000000 1388
377 0.000000 1388
378 0.000000 1388
379 0.000000 1388
380 0.000000 1388
381 0.000000 1388
382 0.000000 1388
383 0.000000 1388
384 0.000000 1388
385 0.000000 1388
386 0.000000 1388
387 0.000000 1388
388 0.000000 1388
389 0.000000 1388
390 0.000000 1388
391 0.000000 1388
392 0.000000 1388
393 0.000000 1388
394 0.000000 1388
395 0.000000 1388
396 0.000000 1388
397 0.000000 1388
398 0.000000 1388
399 0.000000 1388
400 0.000000 1388
401 0.000000 1388
402 0.000000 1388
403 0.000000 1388
404 0.000000 1388
405 0.000000 1388
406 0.000000 1388
407 0.000000 1388
408 0.000000 1388
409 0.000000 1388
410 0.000000 1388
411 0.000000 1388
412 0.000000 1388
413 0.000000 1388
414 0.000000 1388
415 0.000000 1388
416 0.000000 1388
417 0.000000 1388
418 0.000000 1388
419 0.000000 1388
420 0.000000 1388
421 0.000000 1388
422 0.000000 1388
423 0.000000 1388
424 0.000000 1388
425 0.000000 1388
426 0.000000 1388
427 0.000000 1388
428 0.000000 1388
429 0.000000 1388
430 0.000000 1388
431 0.000000 1388
432 0.000000 1388
433 0.000000 1388
434 0.000000 1388
435 0.000000 1388
436 0.000000 1388
437 0.000000 1388
438 0.000000 1388
439 0.000000 1388
440 0.000000 1388
441 0.000000 1388
442 0.000000 1388
443 0.000000 1388
444 0.000000 1388
445 0.000000 1388
446 0.000000 1388
447 0.000000 1388
448 0.000000 1388
449 0.000000 1388
450 0.000000 1388
451 0.000000 1388
452 0.000000 1388
453 0.000000 1388
454 0.000000 1388
455 0.000000 1388
456 0.000000 1388
457 0.000000 1388
458 0.000000 1388
459 0.000000 1388
460 0.000000 1388
461 0.000000 1388
462 0.000000 1388
463 0.000000 1388
464 0.000000 1388
465 0.000000 1388
466 0.000000 1388
467 0.000000 1388
468 0.000000 1388
469 0.000000 1388
470 0.000000 1388
471 0.000000 1388
472 0.000000 1388
473 0.000000 1388
474 0.000000 1388
475 0.000000 1388
476 0.000000 1388
477 0.000000 1388
478 0.000000 1388
479 0.000000 1388
480 0.000000 1388
481 0.000000 1388
482 0.000000 1388
483 0.000000 1388
484 0.000000 1388
485 0.000000 1388
486 0.000000 1388
487 0.000000 1388
488 0.000000 1388
489 0.000000 1388
490 0.000000 1388
491 0.000000 1388
492 0.000000 1388
493 0.000000 1388
494 0.000000 1388
495 0.000000 1388
496 0.000000 1388
497 0.000000 1388
498 0.000000 1388
499 0.000000 1388
500 0.000000 1388
501 0.000000 1388
502 0.000000 1388
503 0.000000 1388
504 0.000000 1388
505 0.000000 1388
506 0.000000 1388
507 0.000000 1388
508 0.000000 1388
509 0.000000 1388
510 0.000000 1388
511 0.000000 1388
512 0.000000 1388
513 0.000000 1388
514 0.000000 1388
515 0.000000 1388
516 0.000000 1388
517 0.000000 1388
518 0.000000 1388
519 0.000000 1388
520 0.000000 1388
521 0.000000 1388
522 0.000000 1388
523 0.000000 1388
524 0.000000 1388
525 0.000000 1388
526 0.000000 1388
527 0.000000 1388
528 0.000000 1388
529 0.000000 1388
530 0.000000 1388
531 0.000000 1388
532 0.000000 1388
533 0.000000 1388
534 0.000000 1388
535 0.000000 1388
536 0.000000 1388
537 0.000000 1388
538 0.000000 1388
539 0.000000 1388
540 0.000000 1388
541 0.000000 1388
542 0.000000 1388
543 0.000000 1388
544 0.000000 1388
545 0.000000 1388
546 0.000000 1388
547 0.000000 1388
548 0.000000 1388
549 0.000000 1388
550 0.000000 1388
551 0.000000 1388
552 0.000000 1388
553 0.000000 1388
554 0.000000 1388
555 0.000000 1388
556 0.000000 1388
557 0.000000 1388
558 0.000000 1388
559 0.000000 1388
560 0.000000 1388
561 0.000000 1388
562 0.000000 1388
563 0.000000 1388
564 0.000000 1388
565 0.000000 1388
566 0.000000 1388
567 0.000000 1388
568 0.000000 1388
569 0.000000 1388
570 0.000000 1388
571 0.000000 1388
572 0.000000 1388
573 0.000000 1388
574 0.000000 1388
575 0.000000 1388
576 0.000000 1388
577 0.000000 1388
578 0.000000 1388
579 0.000000 1388
580 0.000000 1388
581 0.000000 1388
582 0.000000 1388
583 0.000000 1388
584 0.000000 1388
585 0.000000 1388
586 0.001000 1388
587 0.001000 1388
588 0.001000 1388
589 0.001000 1388
590 0.001000 1388
591 0.001000 1388
592 0.001000 1388
593 0.001000 1388
594 0.001000 1388
595 0.001000 1388
596 0.001000 1388
597 0.001000 1388
598 0.001000 1388
599 0.001000 1388
600 0.001000 1388
601 0.001000 1388
602 0.001000 1388
603 0.001000 1388
604 0.001000 1388
605 0.001000 1388
606 0.001000 1388
607 0.001000 1388
608 0.001000 1388
609 0.001000 1388
610 0.001000 1388
611 0.001000 1388
612 0.001000 1388
613 0.001000 1388
614 0.001000 1388
615 0.001000 1388
616 0.001000 1388
617 0.001000 1388
618 0.001000 1388
619 0.001000 1388
620 0.001000 1388
621 0.001000 1388
622 0.001000 1388
623 0.001000 1388
624 0.001000 1388
625 0.001000 1388
626 0.001000 1388
627 0.001000 1388
628 0.001000 1388
629 0.001000 1388
630 0.001000 1388
631 0.001000 1388
632 0.001000 1388
633 0.001000 1388
634 0.001000 1388
635 0.001000 1388
636 0.001000 1388
637 0.001000 1388
638 0.001000 1388
639 0.001000 1388
640 0.001000 1388
641 0.001000 1388
642 0.001000 1388
643 0.001000 1388
644 0.001000 1388
645 0.001000 1388
646 0.001000 1388
647 0.001000 1388
648 0.001000 1388
649 0.001000 1388
650 0.001000 1388
651 0.001000 1388
652 0.001000 1388
653 0.001000 1388
654 0.001000 1388
655 0.001000 1388
656 0.001000 1388
657 0.001000 1388
658 0.001000 1388
659 0.001000 1388
660 0.001000 1388
661 0.001000 1388
662 0.001000 1388
663 0.001000 1388
664 0.001000 1388
665 0.001000 1388
666 0.001000 1388
667 0.001000 1388
668 0.001000 1388
669 0.001000 1388
670 0.001000 1388
671 0.001000 1388
672 0.001000 1388
673 0.001000 1388
674 0.001000 1388
675 0.001000 1388
676 0.001000 1388
677 0.001000 1388
678 0.001000 1388
679 0.001000 1388
680 0.001000 1388
681 0.001000 1388
682 0.001000 1388
683 0.001000 1388
684 0.001000 1388
685 0.001000 1388
686 0.001000 1388
687 0.001000 1388
688 0.001000 1388
689 0.001000 1388
690 0.001000 1388
691 0.001000 1388
692 0.001000 1388
693 0.001000 1388
694 0.001000 1388
695 0.001000 1388
696 0.001000 1388
697 0.001000 1388
698 0.001000 1388
699 0.001000 1388
700 0.001000 1388
701 0.001000 1388
702 0.001000 1388
703 0.001000 1388
704 0.001000 1388
705 0.001000 1388
706 0.001000 1388
707 0.001000 1388
708 0.001000 1388
709 0.001000 1388
710 0.001000 1388
711 0.001000 1388
712 0.001000 1388
713 0.001000 1388
714 0.001000 1388
715 0.001000 1388
716 0.001000 1388
717 0.001000 1388
718 0.001000 1388
719 0.001000 1388
720 0.001000 1388
721 0.001000 1388
722 0.001000 1388
723 0.001000 1388
724 0.001000 1388
725 0.001000 1388
726 0.001000 1388
727 0.001000 1388
728 0.001000 1388
729 0.001000 1388
730 0.001000 1388
731 0.001000 1388
732 0.001000 1388
733 0.001000 1388
734 0.001000 1388
735 0.001000 1388
736 0.001000 1388
737 0.001000 1388
738 0.001000 1388
739 0.001000 1388
740 0.001000 1388
741 0.001000 1388
742 0.001000 1388
743 0.001000 1388
744 0.001000 1388
745 0.001000 1388
746 0.001000 1388
747 0.001000 1388
748 0.001000 1388
749 0.001000 1388
750 0.001000 1388
751 0.001000 1388
752 0.001000 1388
753 0.001000 1388
754 0.001000 1388
755 0.001000 1388
756 0.001000 1388
757 0.001000 1388
758 0.001000 1388
759 0.001000 1388
760 0.001000 1388
761 0.001000 1388
762 0.001000 1388
763 0.001000 1388
764 0.001000 1388
765 0.001000 1388
766 0.001000 1388
767 0.001000 1388
768 0.001000 1388
769 0.001000 1388
770 0.001000 1388
771 0.001000 1388
772 0.001000 1388
773 0.001000 1388
774 0.001000 1388
775 0.001000 1388
776 0.001000 1388
777 0.001000 1388
778 0.001000 1388
779 0.001000 1388
780 0.001000 1388
781 0.001000 1388
782 0.001000 1388
783 0.001000 1388
784 0.001000 1388
785 0.001000 1388
786 0.001000 1388
787 0.001000 1388
788 0.001000 1388
789 0.001000 1388
790 0.001000 1388
791 0.001000 1388
792 0.001000 1388
793 0.001000 1388
794 0.001000 1388
795 0.001000 1388
796 0.001000 1388
797 0.001000 1388
798 0.001000 1388
799 0.001000 1388
800 0.001000 1388
801 0.001000 1388
802 0.001000 1388
803 0.001000 1388
804 0.001000 1388
805 0.001000 1388
806 0.001000 1388
807 0.001000 1388
808 0.001000 1388
809 0.001000 1388
810 0.001000 1388
811 0.001000 1388
812 0.001000 1388
813 0.001000 1388
814 0.001000 1388
815 0.001000 1388
816 0.001000 1388
817 0.001000 1388
818 0.001000 1388
819 0.001000 1388
820 0.001000 1388
821 0.001000 1388
822 0.001000 1388
823 0.001000 1388
824 0.001000 1388
825 0.001000 1388
826 0.001000 1388
827 0.001000 1388
828 0.001000 1388
829 0.001000 1388
830 0.001000 1388
831 0.001000 1388
832 0.001000 1388
833 0.001000 1388
834 0.001000 1388
835 0.001000 1388
836 0.001000 1388
837 0.001000 1388
838 0.001000 1388
839 0.001000 1388
840 0.001000 1388
841 0.001000 1388
842 0.001000 1388
843 0.001000 1388
844 0.001000 1388
845 0.001000 1388
846 0.001000 1388
847 0.001000 1388
848 0.001000 1388
849 0.001000 1388
850 0.001000 1388
851 0.001000 1388
852 0.001000 1388
853 0.001000 1388
854 0.001000 1388
855 0.001000 1388
856 0.001000 1388
857 0.001000 1388
858 0.001000 1388
859 0.001000 1388
860 0.001000 1388
861 0.001000 1388
862 0.001000 1388
863 0.001000 1388
864 0.001000 1388
865 0.001000 1388
866 0.001000 1388
867 0.001000 1388
868 0.001000 1388
869 0.001000 1388
870 0.001000 1388
871 0.001000 1388
872 0.001000 1388
873 0.001000 1388
874 0.001000 1388
875 0.001000 1388
876 0.001000 1388
877 0.001000 1388
878 0.001000 1388
879 0.001000 1388
880 0.001000 1388
881 0.001000 1388
882 0.001000 1388
883 0.001000 1388
884 0.001000 1388
885 0.001000 1388
886 0.001000 1388
887 0.001000 1388
888 0.001000 1388
889 0.001000 1388
890 0.001000 1388
891 0.001000 1388
892 0.001000 1388
893 0.001000 1388
894 0.001000 1388
895 0.001000 1388
896 0.001000 1388
897 0.001000 1388
898 0.001000 1388
899 0.001000 1388
900 0.001000 1388
901 0.001000 1388
902 0.001000 1388
903 0.001000 1388
904 0.001000 1388
905 0.001000 1388
906 0.001000 1388
907 0.001000 1388
908 0.001000 1388
909 0.001000 1388
910 0.001000 1388
911 0.001000 1388
912 0.001000 1388
913 0.001000 1388
914 0.001000 1388
915 0.001000 1388
916 0.001000 1388
917 0.001000 1388
918 0.001000 1388
919 0.001000 1388
920 0.001000 1388
921 0.001000 1388
922 0.001000 1388
923 0.001000 1388
924 0.001000 1388
925 0.001000 1388
926 0.001000 1388
927 0.001000 1388
928 0.001000 1388
929 0.001000 1388
930 0.001000 1388
931 0.001000 1388
932 0.001000 1388
933 0.001000 1388
934 0.001000 1388
935 0.001000 1388
936 0.001000 1388
937 0.001000 1388
938 0.001000 1388
939 0.001000 1388
940 0.001000 1388
941 0.001000 1388
942 0.001000 1388
943 0.001000 1388
944 0.001000 1388
945 0.001000 1388
946 0.001000 1388
947 0.001000 1388
948 0.001000 1388
949 0.001000 1388
950 0.001000 1388
951 0.001000 1388
952 0.001000 1388
953 0.001000 1388
954 0.001000 1388
955 0.001000 1388
956 0.001000 1388
957 0.001000 1388
958 0.001000 1388
959 0.001000 1388
960 0.001000 1388
961 0.001000 1388
962 0.001000 1388
963 0.001000 1388
964 0.001000 1388
965 0.001000 1388
966 0.001000 1388
967 0.001000 1388
968 0.001000 1388
969 0.001000 1388
970 0.001000 1388
971 0.001000 1388
972 0.001000 1388
973 0.001000 1388
974 0.001000 1388
975 0.001000 1388
976 0.001000 1388
977 0.001000 1388
978 0.001000 1388
979 0.001000 1388
980 0.001000 1388
981 0.001000 1388
982 0.001000 1388
983 0.001000 1388
984 0.001000 1388
985 0.001000 1388
986 0.001000 1388
987 0.001000 1388
988 0.001000 1388
989 0.001000 1388
990 0.001000 1388
991 0.001000 1388
992 0.001000 1388
993 0.001000 1388
994 0.001000 1388
995 0.001000 1388
996 0.001000 1388
997 0.001000 1388
998 0.001000 1388
999 0.001000 1388
1000 0.001000 1388
1001 0.001000 1388
1002 0.001000 1388
1003 0.001000 1388
1004 0.001000 1388
1005 0.001000 1388
1006 0.001000 1388
1007 0.001000 1388
1008 0.001000 1388
1009 0.001000 1388
1010 0.001000 1388
1011 0.001000 1388
1012 0.001000 1388
1013 0.001000 1388
1014 0.001000 1388
1015 0.001000 1388
1016 0.001000 1388
1017 0.001000 1388
1018 0.001000 1388
1019 0.001000 1388
1020 0.001000 1388
1021 0.001000 1388
1022 0.001000 1388
1023 0.001000 1388
1024 0.001000 1388
1025 0.001000 1388
1026 0.001000 1388
1027 0.001000 1388
1028 0.001000 1388
1029 0.001000 1388
1030 0.001000 1388
1031 0.001000 1388
1032 0.001000 1388
1033 0.001000 1388
1034 0.001000 1388
1035 0.001000 1388
1036 0.001000 1388
1037 0.001000 1388
1038 0.001000 1388
1039 0.001000 1388
1040 0.001000 1388
1041 0.001000 1388
1042 0.001000 1388
1043 0.001000 1388
1044 0.001000 1388
1045 0.001000 1388
1046 0.001000 1388
1047 0.001000 1388
1048 0.001000 1388
1049 0.001000 1388
1050 0.001000 1388
1051 0.001000 1388
1052 0.001000 1388
1053 0.001000 1388
1054 0.001000 1388
1055 0.001000 1388
1056 0.001000 1388
1057 0.001000 1388
1058 0.001000 1388
1059 0.001000 1388
1060 0.001000 1388
1061 0.001000 1388
1062 0.001000 1388
1063 0.001000 1388
1064 0.001000 1388
1065 0.001000 1388
1066 0.001000 1388
1067 0.001000 1388
1068 0.001000 1388
1069 0.001000 1388
1070 0.001000 1388
1071 0.001000 1388
1072 0.001000 1388
1073 0.001000 1388
1074 0.001000 1388
1075 0.001000 1388
1076 0.001000 1388
1077 0.001000 1388
1078 0.001000 1388
1079 0.001000 1388
1080 0.001000 1388
1081 0.001000 1388
1082 0.001000 1388
1083 0.001000 1388
1084 0.001000 1388
1085 0.001000 1388
1086 0.001000 1388
1087 0.001000 1388
1088 0.001000 1388
1089 0.001000 1388
1090 0.001000 1388
1091 0.001000 1388
1092 0.001000 1388
1093 0.001000 1388
1094 0.001000 1388
1095 0.001000 1388
1096 0.001000 1388
1097 0.001000 1388
1098 0.001000 1388
1099 0.001000 1388
1100 0.001000 1388
1101 0.001000 1388
1102 0.001000 1388
1103 0.001000 1388
1104 0.001000 1388
1105 0.001000 1388
1106 0.001000 1388
1107 0.001000 1388
1108 0.001000 1388
1109 0.001000 1388
1110 0.001000 1388
1111 0.001000 1388
1112 0.001000 1388
1113 0.001000 1388
1114 0.001000 1388
1115 0.001000 1388
1116 0.001000 1388
1117 0.001000 1388
1118 0.001000 1388
1119 0.001000 1388
1120 0.001000 1388
1121 0.001000 1388
1122 0.001000 1388
1123 0.001000 1388
1124 0.001000 1388
1125 0.001000 1388
1126 0.001000 1388
1127 0.001000 1388
1128 0.001000 1388
1129 0.001000 1388
1130 0.001000 1388
1131 0.001000 1388
1132 0.001000 1388
1133 0.001000 1388
1134 0.001000 1388
1135 0.001000 1388
1136 0.001000 1388
1137 0.001000 1388
1138 0.001000 1388
1139 0.001000 1388
1140 0.001000 1388
1141 0.001000 1388
1142 0.001000 1388
1143 0.001000 1388
1144 0.001000 1388
1145 0.001000 1388
1146 0.001000 1388
1147 0.001000 1388
1148 0.001000 1388
1149 0.001000 1388
1150 0.001000 1388
1151 0.001000 1388
1152 0.001000 1388
1153 0.001000 1388
1154 0.001000 1388
1155 0.001000 1388
1156 0.001000 1388
1157 0.001000 1388
1158 0.001000 1388
1159 0.001000 1388
1160 0.001000 1388
1161 0.001000 1388
1162 0.001000 1388
1163 0.001000 1388
1164 0.001000 1388
1165 0.001000 1388
1166 0.001000 1388
1167 0.001000 1388
1168 0.001000 1388
1169 0.001000 1388
1170 0.001000 1388
1171 0.001000 1388
1172 0.001000 1388
1173 0.001000 1388
1174 0.001000 1388
1175 0.001000 1388
1176 0.001000 1388
1177 0.001000 1388
1178 0.001000 1388
1179 0.001000 1388
1180 0.001000 1388
1181 0.001000 1388
1182 0.001000 1388
1183 0.001000 1388
1184 0.001000 1388
1185 0.001000 1388
1186 0.001000 1388
1187 0.001000 1388
1188 0.001000 1388
1189 0.001000 1388
1190 0.001000 1388
1191 0.001000 1388
1192 0.001000 1388
1193 0.001000 1388
1194 0.001000 1388
1195 0.001000 1388
1196 0.001000 1388
1197 0.001000 1388
1198 0.001000 1388
1199 0.001000 1388
1200 0.001000 1388
1201 0.001000 1388
1202 0.001000 1388
1203 0.001000 1388
1204 0.001000 1388
1205 0.001000 1388
1206 0.001000 1388
1207 0.001000 1388
1208 0.001000 1388
1209 0.001000 1388
1210 0.001000 1388
1211 0.001000 1388
1212 0.001000 1388
1213 0.001000 1388
1214 0.001000 1388
1215 0.001000 1388
1216 0.001000 1388
1217 0.001000 1388
1218 0.001000 1388
1219 0.001000 1388
1220 0.001000 1388
1221 0.001000 1388
1222 0.001000 1388
1223 0.001000 1388
1224 0.001000 1388
1225 0.001000 1388
1226 0.001000 1388
1227 0.001000 1388
1228 0.001000 1388
1229 0.001000 1388
1230 0.001000 1388
1231 0.001000 1388
1232 0.001000 1388
1233 0.001000 1388
1234 0.001000 1388
1235 0.001000 1388
1236 0.001000 1388
1237 0.001000 1388
1238 0.001000 1388
1239 0.001000 1388
1240 0.001000 1388
1241 0.001000 1388
1242 0.001000 1388
1243 0.001000 1388
1244 0.001000 1388
1245 0.001000 1388
1246 0.001000 1388
1247 0.001000 1388
1248 0.001000 1388
1249 0.001000 1388
1250 0.001000 1388
1251 0.001000 1388
1252 0.001000 1388
1253 0.001000 1388
1254 0.001000 1388
1255 0.001000 1388
1256 0.001000 1388
1257 0.001000 1388
1258 0.001000 1388
1259 0.001000 1388
1260 0.001000 1388
1261 0.001000 1388
1262 0.001000 1388
1263 0.001000 1388
1264 0.001000 1388
1265 0.001000 1388
1266 0.001000 1388
1267 0.001000 1388
1268 0.001000 1388
1269 0.001000 1388
1270 0.001000 1388
1271 0.001000 1388
1272 0.001000 1388
1273 0.001000 1388
1274 0.001000 1388
1275 0.001000 1388
1276 0.001000 1388
1277 0.001000 1388
1278 0.001000 1388
1279 0.001000 1388
1280 0.001000 1388
1281 0.001000 1388
1282 0.001000 1388
1283 0.001000 1388
1284 0.001000 1388
1285 0.001000 1388
1286 0.001000 1388
1287 0.001000 1388
1288 0.001000 1388
1289 0.001000 1388
1290 0.001000 1388
1291 0.001000 1388
1292 0.001000 1388
1293 0.001000 1388
1294 0.001000 1388
1295 0.001000 1388
1296 0.001000 1388
1297 0.001000 1388
1298 0.001000 1388
1299 0.001000 1388
1300 0.001000 1388
1301 0.001000 1388
1302 0.001000 1388
1303 0.001000 1388
1304 0.001000 1388
1305 0.001000 1388
1306 0.001000 1388
1307 0.001000 1388
1308 0.001000 1388
1309 0.001000 1388
1310 0.001000 1388
1311 0.001000 1388
1312 0.001000 1388
1313 0.001000 1388
1314 0.001000 1388
1315 0.001000 1388
1316 0.001000 1388
1317 0.001000 1388
1318 0.001000 1388
1319 0.001000 1388
1320 0.001000 1388
1321 0.001000 1354
1322 0.001000 1354
1323 0.001000 1354
1324 0.001000 1354
1325 0.001000 1354
1326 0.001000 1354
1327 0.001000 1354
1328 0.001000 1354
1329 0.001000 1354
1330 0.001000 1354
1331 0.001000 1354
1332 0.001000 1354
1333 0.001000 1354
1334 0.001000 1354
1335 0.001000 1354
1336 0.001000 1354
1337 0.001000 1354
1338 0.001000 1354
1339 0.001000 1354
1340 0.001000 1354
1341 0.001000 1354
1342 0.001000 1354
1343 0.001000 1354
1344 0.001000 1354
1345 0.001000 1354
1346 0.001000 1354
1347 0.001000 1354
1348 0.001000 1354
1349 0.001000 1354
1350 0.001000 1354
1351 0.001000 1354
1352 0.001000 1354
1353 0.001000 1354
1354 0.001000 1354
1355 0.001000 1354
1356 0.001000 1354
1357 0.001000 1354
1358 0.001000 1354
1359 0.001000 1354
1360 0.001000 1354
1361 0.001000 1354
1362 0.001000 1354
1363 0.001000 1354
1364 0.001000 1354
1365 0.001000 1354
1366 0.001000 1354
1367 0.001000 1354
1368 0.001000 1354
1369 0.001000 1354
1370 0.001000 1354
1371 0.001000 1354
1372 0.001000 1354
1373 0.001000 1354
1374 0.001000 1354
1375 0.001000 1354
1376 0.001000 1354
1377 0.001000 1354
1378 0.001000 1354
1379 0.001000 1354
1380 0.001000 1354
1381 0.001000 1354
1382 0.001000 1354
1383 0.001000 1354
1384 0.001000 1354
1385 0.001000 1354
1386 0.001000 1354
1387 0.001000 1354
1388 0.001000 1354
1389 0.001000 1354
1390 0.001000 1354
1391 0.001000 1354
1392 0.001000 1354
1393 0.001000 1354
1394 0.001000 1354
1395 0.001000 1354
1396 0.001000 1354
1397 0.001000 1354
1398 0.001000 1354
1399 0.001000 1354
1400 0.001000 1354
1401 0.001000 1354
1402 0.001000 1354
1403 0.001000 1354
1404 0.001000 1354
1405 0.001000 1354
1406 0.001000 1354
1407 0.001000 1354
1408 0.001000 1354
1409 0.001000 1354
1410 0.001000 1354
1411 0.001000 1354
1412 0.001000 1354
1413 0.001000 1354
1414 0.001000 1354
1415 0.001000 1354
1416 0.001000 1354
1417 0.001000 1354
1418 0.001000 1354
1419 0.001000 1354
1420 0.001000 1354
1421 0.001000 1354
1422 0.001000 1354
1423 0.001000 1354
1424 0.001000 1354
1425 0.001000 1354
1426 0.001000 1354
1427 0.001000 1354
1428 0.001000 1354
1429 0.001000 1354
1430 0.001000 1354
1431 0.001000 1354
1432 0.001000 1354
1433 0.001000 1354
1434 0.001000 1354
1435 0.001000 1354
1436 0.001000 1354
1437 0.001000 1354
1438 0.001000 1354
1439 0.001000 1354
1440 0.001000 1354
1441 0.001000 1354
1442 0.001000 1354
1443 0.001000 1354
1444 0.001000 1354
1445 0.001000 1354
1446 0.001000 1354
1447 0.001000 1354
1448 0.001000 1354
1449 0.001000 1354
1450 0.001000 1354
1451 0.001000 1354
1452 0.001000 1354
1453 0.001000 1354
1454 0.001000 1354
1455 0.001000 1354
1456 0.001000 1354
1457 0.001000 1354
1458 0.001000 1354
1459 0.001000 1354
1460 0.001000 1354
1461 0.001000 1354
1462 0.001000 1354
1463 0.001000 1354
1464 0.001000 1354
1465 0.001000 1354
1466 0.001000 1354
1467 0.001000 1354
1468 0.001000 1354
1469 0.001000 1354
1470 0.001000 1354
1471 0.001000 1354
1472 0.001000 1354
1473 0.001000 1354
1474 0.001000 1354
1475 0.001000 1354
1476 0.001000 1354
1477 0.001000 1354
1478 0.001000 1354
1479 0.001000 1354
1480 0.001000 1354
1481 0.001000 1354
1482 0.001000 1354
1483 0.001000 1354
1484 0.001000 1354
1485 0.001000 1354
1486 0.001000 1354
1487 0.001000 1354
1488 0.001000 1354
1489 0.001000 1354
1490 0.001000 1354
1491 0.001000 1354
1492 0.001000 1354
1493 0.001000 1354
1494 0.001000 1354
1495 0.001000 1354
1496 0.001000 1354
1497 0.001000 1354
1498 0.001000 1354
1499 0.001000 1354
1500 0.001000 1354
1501 0.001000 1354
1502 0.001000 1354
1503 0.001000 1354
1504 0.001000 1354
1505 0.001000 1354
1506 0.001000 1354
1507 0.001000 1354
1508 0.001000 1354
1509 0.001000 1354
1510 0.001000 1354
1511 0.001000 1354
1512 0.001000 1354
1513 0.001000 1354
1514 0.001000 1354
1515 0.001000 1354
1516 0.001000 1354
1517 0.001000 1354
1518 0.001000 1354
1519 0.001000 1354
1520 0.001000 1354
1521 0.001000 1354
1522 0.001000 1354
1523 0.001000 1354
1524 0.001000 1354
1525 0.001000 1354
1526 0.001000 1354
1527 0.001000 1354
1528 0.001000 1354
1529 0.001000 1354
1530 0.001000 1354
1531 0.001000 1354
1532 0.001000 1354
1533 0.001000 1354
1534 0.001000 1354
1535 0.001000 1354
1536 0.001000 1354
1537 0.001000 1354
1538 0.001000 1354
1539 0.001000 1354
1540 0.001000 1354
1541 0.001000 1354
1542 0.001000 1354
1543 0.001000 1354
1544 0.001000 1354
1545 0.001000 1354
1546 0.001000 1354
1547 0.001000 1354
1548 0.001000 1354
1549 0.001000 1354
1550 0.001000 1354
1551 0.001000 1354
1552 0.001000 1354
1553 0.001000 1354
1554 0.001000 1354
1555 0.001000 1354
1556 0.001000 1354
1557 0.001000 1354
1558 0.001000 1354
1559 0.001000 1354
1560 0.001000 1354
1561 0.001000 1354
1562 0.001000 1354
1563 0.001000 1354
1564 0.001000 1354
1565 0.001000 1354
1566 0.001000 1354
1567 0.001000 1354
1568 0.001000 1354
1569 0.001000 1354
1570 0.001000 1354
1571 0.001000 1354
1572 0.001000 1354
1573 0.001000 1354
1574 0.001000 1354
1575 0.001000 1354
1576 0.001000 1354
1577 0.001000 1354
1578 0.001000 1354
1579 0.001000 1354
1580 0.001000 1354
1581 0.001000 1354
1582 0.001000 1354
1583 0.001000 1354
1584 0.001000 1354
1585 0.001000 1354
1586 0.001000 1354
1587 0.001000 1354
1588 0.001000 1354
1589 0.001000 1354
1590 0.001000 1354
1591 0.001000 1354
1592 0.001000 1354
1593 0.001000 1354
1594 0.001000 1354
1595 0.001000 1354
1596 0.001000 1354
1597 0.001000 1354
1598 0.001000 1354
1599 0.001000 1354
1600 0.001000 1354
1601 0.001000 1354
1602 0.001000 1354
1603 0.001000 1354
1604 0.001000 1354
1605 0.001000 1354
1606 0.001000 1354
1607 0.001000 1354
1608 0.001000 1354
1609 0.001000 1354
1610 0.001000 1354
1611 0.001000 1354
1612 0.001000 1354
1613 0.001000 1354
1614 0.001000 1354
1615 0.001000 1354
1616 0.001000 1354
1617 0.001000 1354
1618 0.001000 1354
1619 0.001000 1354
1620 0.001000 1354
1621 0.001000 1354
1622 0.001000 1354
1623 0.001000 1354
1624 0.001000 1354
1625 0.001000 1354
1626 0.001000 1354
1627 0.001000 1354
1628 0.001000 1354
1629 0.001000 1354
1630 0.001000 1354
1631 0.001000 1354
1632 0.001000 1354
1633 0.001000 1354
1634 0.001000 1354
1635 0.001000 1354
1636 0.001000 1354
1637 0.001000 1354
1638 0.001000 1354
1639 0.001000 1354
1640 0.001000 1354
1641 0.001000 1354
1642 0.001000 1354
1643 0.001000 1354
1644 0.001000 1354
1645 0.001000 1354
1646 0.001000 1354
1647 0.001000 1354
1648 0.001000 1354
1649 0.001000 1354
1650 0.001000 1354
1651 0.001000 1354
1652 0.001000 1354
1653 0.001000 1354
1654 0.001000 1354
1655 0.001000 1354
1656 0.001000 1354
1657 0.001000 1354
1658 0.001000 1354
1659 0.001000 1354
1660 0.001000 1354
1661 0.001000 1354
1662 0.001000 1354
1663 0.001000 1354
1664 0.001000 1354
1665 0.001000 1354
1666 0.001000 1354
1667 0.001000 1354
1668 0.001000 1354
1669 0.001000 1354
1670 0.001000 1354
1671 0.001000 1354
1672 0.001000 1354
1673 0.001000 1354
1674 0.001000 1354
1675 0.001000 1354
1676 0.001000 1354
1677 0.001000 1354
1678 0.001000 1354
1679 0.001000 1354
1680 0.001000 1354
1681 0.001000 1354
1682 0.001000 1354
1683 0.001000 1354
1684 0.001000 1354
1685 0.001000 1354
1686 0.001000 1354
1687 0.001000 1354
1688 0.001000 1354
1689 0.001000 1354
1690 0.001000 1354
1691 0.001000 1354
1692 0.001000 1354
1693 0.001000 1354
1694 0.001000 1354
1695 0.001000 1354
1696 0.001000 1354
1697 0.001000 1354
1698 0.001000 1354
1699 0.001000 1354
1700 0.001000 1354
1701 0.001000 1354
1702 0.001000 1354
1703 0.001000 1354
1704 0.001000 1354
1705 0.001000 1354
1706 0.001000 1354
1707 0.001000 1354
1708 0.001000 1354
1709 0.001000 1354
1710 0.001000 1354
1711 0.001000 1354
1712 0.001000 1354
1713 0.001000 1354
1714 0.001000 1354
1715 0.001000 1354
1716 0.001000 1354
1717 0.001000 1354
1718 0.001000 1354
1719 0.001000 1354
1720 0.001000 1354
1721 0.001000 1354
1722 0.001000 1354
1723 0.001000 1354
1724 0.001000 1354
1725 0.001000 1354
1726 0.001000 1354
1727 0.001000 1354
1728 0.001000 1354
1729 0.001000 1354
1730 0.001000 1354
1731 0.001000 1354
1732 0.001000 1354
1733 0.001000 1354
1734 0.001000 1354
1735 0.001000 1354
1736 0.001000 1354
1737 0.001000 1354
1738 0.001000 1354
1739 0.001000 1354
1740 0.001000 1354
1741 0.001000 1354
1742 0.001000 1354
1743 0.001000 1354
1744 0.001000 1354
1745 0.001000 1354
1746 0.001000 1354
1747 0.001000 1354
1748 0.001000 1354
1749 0.001000 1354
1750 0.001000 1354
1751 0.001000 1354
1752 0.001000 1354
1753 0.001000 1354
1754 0.001000 1354
1755 0.001000 1354
1756 0.001000 1354
1757 0.001000 1354
1758 0.001000 1354
1759 0.001000 1354
1760 0.001000 1354
1761 0.001000 1354
1762 0.001000 1354
1763 0.001000 1354
1764 0.001000 1354
1765 0.001000 1354
1766 0.001000 1354
1767 0.001000 1354
1768 0.001000 1354
1769 0.001000 1354
1770 0.001000 1354
1771 0.001000 1354
1772 0.001000 1354
1773 0.001000 1354
1774 0.001000 1354
1775 0.001000 1354
1776 0.001000 1354
1777 0.001000 1354
1778 0.001000 1354
1779 0.001000 1354
1780 0.001000 1354
1781 0.001000 1354
1782 0.001000 1354
1783 0.001000 1354
1784 0.001000 1354
1785 0.001000 1354
1786 0.001000 1354
1787 0.001000 1354
1788 0.001000 1354
1789 0.001000 1354
1790 0.001000 1354
1791 0.001000 1354
1792 0.001000 1354
1793 0.001000 1354
1794 0.001000 1354
1795 0.001000 1354
1796 0.001000 1354
1797 0.001000 1354
1798 0.001000 1354
1799 0.001000 1354
1800 0.001000 1354
1801 0.001000 1354
1802 0.001000 1354
1803 0.001000 1354
1804 0.001000 1354
1805 0.001000 1354
1806 0.001000 1354
1807 0.001000 1354
1808 0.001000 1354
1809 0.001000 1354
1810 0.001000 1354
1811 0.001000 1354
1812 0.001000 1354
1813 0.001000 1354
1814 0.001000 1354
1815 0.001000 1354
1816 0.001000 1354
1817 0.001000 1354
1818 0.001000 1354
1819 0.001000 1354
1820 0.001000 1354
1821 0.001000 1354
1822 0.001000 1354
1823 0.002000 1354
1824 0.002000 1354
1825 0.002000 1354
1826 0.002000 1354
1827 0.002000 1354
1828 0.002000 1354
1829 0.002000 1354
1830 0.002000 1354
1831 0.002000 1354
1832 0.002000 1354
1833 0.002000 1354
1834 0.002000 1354
1835 0.002000 1354
1836 0.002000 1354
1837 0.002000 1354
1838 0.002000 1354
1839 0.002000 1354
1840 0.002000 1354
1841 0.002000 1354
1842 0.002000 1354
1843 0.002000 1354
1844 0.002000 1354
1845 0.002000 1354
1846 0.002000 1354
1847 0.002000 1354
1848 0.002000 1354
1849 0.002000 1354
1850 0.002000 1354
1851 0.002000 1354
1852 0.002000 1354
1853 0.002000 1354
1854 0.002000 1354
1855 0.002000 1354
1856 0.002000 1354
1857 0.002000 1354
1858 0.002000 1354
1859 0.002000 1354
1860 0.002000 1354
1861 0.002000 1354
1862 0.002000 1354
1863 0.002000 1354
1864 0.002000 1354
1865 0.002000 1354
1866 0.002000 1354
1867 0.002000 1354
1868 0.002000 1354
1869 0.002000 1354
1870 0.002000 1354
1871 0.002000 1354
1872 0.002000 1354
1873 0.002000 1354
1874 0.002000 1354
1875 0.002000 1354
1876 0.002000 1354
1877 0.002000 1354
1878 0.002000 1354
1879 0.002000 1354
1880 0.002000 1354
1881 0.002000 1354
1882 0.002000 1354
1883 0.002000 1354
1884 0.002000 1354
1885 0.002000 1354
1886 0.002000 1354
1887 0.002000 1354
1888 0.002000 1354
1889 0.002000 1354
1890 0.002000 1354
1891 0.002000 1354
1892 0.002000 1354
1893 0.002000 1354
1894 0.002000 1354
1895 0.002000 1354
1896 0.002000 1354
1897 0.002000 1354
1898 0.002000 1354
1899 0.002000 1354
1900 0.002000 1354
1901 0.002000 1354
1902 0.002000 1354
1903 0.002000 1354
1904 0.002000 1354
1905 0.002000 1354
1906 0.002000 1354
1907 0.002000 1354
1908 0.002000 1354
1909 0.002000 1354
1910 0.002000 1354
1911 0.002000 1354
1912 0.002000 1354
1913 0.002000 1354
1914 0.002000 1354
1915 0.002000 1354
1916 0.002000 1354
1917 0.002000 1354
1918 0.002000 1354
1919 0.002000 1354
1920 0.002000 1354
1921 0.002000 1354
1922 0.002000 1354
1923 0.002000 1354
1924 0.002000 1354
1925 0.002000 1354
1926 0.002000 1354
1927 0.002000 1354
1928 0.002000 1354
1929 0.002000 1354
1930 0.002000 1354
1931 0.002000 1354
1932 0.002000 1354
1933 0.002000 1354
1934 0.002000 1354
1935 0.002000 1354
1936 0.002000 1354
1937 0.002000 1354
1938 0.002000 1354
1939 0.002000 1354
1940 0.002000 1354
1941 0.002000 1354
1942 0.002000 1354
1943 0.002000 1354
1944 0.002000 1354
1945 0.002000 1354
1946 0.002000 1354
1947 0.002000 1354
1948 0.002000 1354
1949 0.002000 1354
1950 0.002000 1354
1951 0.002000 1354
1952 0.002000 1354
1953 0.002000 1354
1954 0.002000 1354
1955 0.002000 1354
1956 0.002000 1354
1957 0.002000 1354
1958 0.002000 1354
1959 0.002000 1354
1960 0.002000 1354
1961 0.002000 1354
1962 0.002000 1354
1963 0.002000 1354
1964 0.002000 1354
1965 0.002000 1354
1966 0.002000 1354
1967 0.002000 1354
1968 0.002000 1354
1969 0.002000 1354
1970 0.002000 1354
1971 0.002000 1354
1972 0.002000 1354
1973 0.002000 1354
1974 0.002000 1354
1975 0.002000 1354
1976 0.002000 1354
1977 0.002000 1354
1978 0.002000 1354
1979 0.002000 1354
1980 0.002000 1354
1981 0.002000 1354
1982 0.002000 1354
1983 0.002000 1354
1984 0.002000 1354
1985 0.002000 1354
1986 0.002000 1354
1987 0.002000 1354
1988 0.002000 1354
1989 0.002000 1354
1990 0.002000 1354
1991 0.002000 1354
1992 0.002000 1354
1993 0.002000 1354
1994 0.002000 1354
1995 0.002000 1354
1996 0.002000 1354
1997 0.002000 1354
1998 0.002000 1354
1999 0.002000 1354
2000 0.002000 1354
2001 0.002000 1354
2002 0.002000 1354
2003 0.002000 1354
2004 0.002000 1354
2005 0.002000 1354
2006 0.002000 1354
2007 0.002000 1354
2008 0.002000 1354
2009 0.002000 1354
2010 0.002000 1354
2011 0.002000 1354
2012 0.002000 1354
2013 0.002000 1354
2014 0.002000 1354
2015 0.002000 1354
2016 0.002000 1354
2017 0.002000 1354
2018 0.002000 1354
2019 0.002000 1354
2020 0.002000 1354
2021 0.002000 1354
2022 0.002000 1354
2023 0.002000 1354
2024 0.002000 1354
2025 0.002000 1354
2026 0.002000 1354
2027 0.002000 1354
2028 0.002000 1354
2029 0.002000 1354
2030 0.002000 1354
2031 0.002000 1354
2032 0.002000 1354
2033 0.002000 1354
2034 0.002000 1354
2035 0.002000 1354
2036 0.002000 1354
2037 0.002000 1354
2038 0.002000 1354
2039 0.002000 1354
2040 0.002000 1354
2041 0.002000 1354
2042 0.002000 1354
2043 0.002000 1354
2044 0.002000 1354
2045 0.002000 1354
2046 0.002000 1354
2047 0.002000 1354
2048 0.002000 1354
2049 0.002000 1354
2050 0.002000 1354
2051 0.002000 1354
2052 0.002000 1354
2053 0.002000 1354
2054 0.002000 1354
2055 0.002000 1354
2056 0.002000 1354
2057 0.002000 1354
2058 0.002000 1354
2059 0.002000 1354
2060 0.002000 1354
2061 0.002000 1354
2062 0.002000 1354
2063 0.002000 1354
2064 0.002000 1354
2065 0.002000 1354
2066 0.002000 1354
2067 0.002000 1354
2068 0.002000 1354
2069 0.002000 1354
2070 0.002000 1354
2071 0.002000 1354
2072 0.002000 1354
2073 0.002000 1354
2074 0.002000 1354
2075 0.002000 1354
2076 0.002000 1354
2077 0.002000 1354
2078 0.002000 1354
2079 0.002000 1354
2080 0.002000 1354
2081 0.002000 1354
2082 0.002000 1354
2083 0.002000 1354
2084 0.002000 1354
2085 0.002000 1354
2086 0.002000 1354
2087 0.002000 1354
2088 0.002000 1354
2089 0.002000 1354
2090 0.002000 1354
2091 0.002000 1354
2092 0.002000 1354
2093 0.002000 1354
2094 0.002000 1354
2095 0.002000 1354
2096 0.002000 1354
2097 0.002000 1354
2098 0.002000 1354
2099 0.002000 1354
2100 0.002000 1354
2101 0.002000 1354
2102 0.002000 1354
2103 0.002000 1354
2104 0.002000 1354
2105 0.002000 1354
2106 0.002000 1354
2107 0.002000 1354
2108 0.002000 1354
2109 0.002000 1354
2110 0.002000 1354
2111 0.002000 1354
2112 0.002000 1354
2113 0.002000 1354
2114 0.002000 1354
2115 0.002000 1354
2116 0.002000 1354
2117 0.002000 1354
2118 0.002000 1354
2119 0.002000 1354
2120 0.002000 1354
2121 0.002000 1354
2122 0.002000 1354
2123 0.002000 1354
2124 0.002000 1354
2125 0.002000 1354
2126 0.002000 1354
2127 0.002000 1354
2128 0.002000 1354
2129 0.002000 1354
2130 0.002000 1354
2131 0.002000 1354
2132 0.002000 1354
2133 0.002000 1354
2134 0.002000 1354
2135 0.002000 1354
2136 0.002000 1354
2137 0.002000 1354
2138 0.002000 1354
2139 0.002000 1354
2140 0.002000 1354
2141 0.002000 1354
2142 0.002000 1354
2143 0.002000 1354
2144 0.002000 1354
2145 0.002000 1354
2146 0.002000 1354
2147 0.002000 1354
2148 0.002000 1354
2149 0.002000 1354
2150 0.002000 1354
2151 0.002000 1354
2152 0.002000 1354
2153 0.002000 1354
2154 0.002000 1354
2155 0.002000 1354
2156 0.002000 1354
2157 0.002000 1354
2158 0.002000 1354
2159 0.002000 1354
2160 0.002000 1354
2161 0.002000 1354
2162 0.002000 1354
2163 0.002000 1354
2164 0.002000 1354
2165 0.002000 1354
2166 0.002000 1354
2167 0.002000 1354
2168 0.002000 1354
2169 0.002000 1354
2170 0.002000 1354
2171 0.002000 1354
2172 0.002000 1354
2173 0.002000 1354
2174 0.002000 1354
2175 0.002000 1354
2176 0.002000 1354
2177 0.002000 1354
2178 0.002000 1354
2179 0.002000 1354
2180 0.002000 1354
2181 0.002000 1354
2182 0.002000 1354
2183 0.002000 1354
2184 0.002000 1354
2185 0.002000 1354
2186 0.002000 1354
2187 0.002000 1354
2188 0.002000 1354
2189 0.002000 1354
2190 0.002000 1354
2191 0.002000 1354
2192 0.002000 1354
2193 0.002000 1354
2194 0.002000 1354
2195 0.002000 1354
2196 0.002000 1354
2197 0.002000 1354
2198 0.002000 1354
2199 0.002000 1354
2200 0.002000 1354
2201 0.002000 1354
2202 0.002000 1354
2203 0.002000 1354
2204 0.002000 1354
2205 0.002000 1354
2206 0.002000 1354
2207 0.002000 1354
2208 0.002000 1354
2209 0.002000 1354
2210 0.002000 1354
2211 0.002000 1354
2212 0.002000 1354
2213 0.002000 1354
2214 0.002000 1354
2215 0.002000 1354
2216 0.002000 1354
2217 0.002000 1354
2218 0.002000 1354
2219 0.002000 1354
2220 0.002000 1354
2221 0.002000 1354
2222 0.002000 1354
2223 0.002000 1354
2224 0.002000 1354
2225 0.002000 1354
2226 0.002000 1354
2227 0.002000 1354
2228 0.002000 1354
2229 0.002000 1354
2230 0.002000 1354
2231 0.002000 1354
2232 0.002000 1354
2233 0.002000 1354
2234 0.002000 1354
2235 0.002000 1354
2236 0.002000 1354
2237 0.002000 1354
2238 0.002000 1354
2239 0.002000 1354
2240 0.002000 1354
2241 0.002000 1354
2242 0.002000 1354
2243 0.002000 1354
2244 0.002000 1354
2245 0.002000 1354
2246 0.002000 1354
2247 0.002000 1354
2248 0.002000 1354
2249 0.002000 1354
2250 0.002000 1354
2251 0.002000 1354
2252 0.002000 1354
2253 0.002000 1354
2254 0.002000 1354
2255 0.002000 1354
2256 0.002000 1354
2257 0.002000 1354
2258 0.002000 1354
2259 0.002000 1354
2260 0.002000 1354
2261 0.002000 1354
2262 0.002000 1354
2263 0.002000 1354
2264 0.002000 1354
2265 0.002000 1354
2266 0.002000 1354
2267 0.002000 1354
2268 0.002000 1354
2269 0.002000 1354
2270 0.002000 1354
2271 0.002000 1354
2272 0.002000 1354
2273 0.002000 1354
2274 0.002000 1354
2275 0.002000 1354
2276 0.002000 1354
2277 0.002000 1354
2278 0.002000 1354
2279 0.002000 1354
2280 0.002000 1354
2281 0.002000 1354
2282 0.002000 1354
2283 0.002000 1354
2284 0.002000 1354
2285 0.002000 1354
2286 0.002000 1354
2287 0.002000 1354
2288 0.002000 1354
2289 0.002000 1354
2290 0.002000 1354
2291 0.002000 1354
2292 0.002000 1354
2293 0.002000 1354
2294 0.002000 1354
2295 0.002000 1354
2296 0.002000 1354
2297 0.002000 1354
2298 0.002000 1354
2299 0.002000 1354
2300 0.002000 1354
2301 0.002000 1354
2302 0.002000 1354
2303 0.002000 1354
2304 0.002000 1354
2305 0.002000 1354
2306 0.002000 1354
2307 0.002000 1354
2308 0.002000 1354
2309 0.002000 1354
2310 0.002000 1354
2311 0.002000 1354
2312 0.002000 1354
2313 0.002000 1354
2314 0.002000 1354
2315 0.002000 1354
2316 0.002000 1354
2317 0.002000 1354
2318 0.002000 1354
2319 0.002000 1354
2320 0.002000 1354
2321 0.002000 1354
2322 0.002000 1354
2323 0.002000 1354
2324 0.002000 1354
2325 0.002000 1354
2326 0.002000 1354
2327 0.002000 1354
2328 0.002000 1354
2329 0.002000 1354
2330 0.002000 1354
2331 0.002000 1354
2332 0.002000 1354
2333 0.002000 1354
2334 0.002000 1354
2335 0.002000 1354
2336 0.002000 1354
2337 0.002000 1354
2338 0.002000 1354
2339 0.002000 1354
2340 0.002000 1354
2341 0.002000 1354
2342 0.002000 1354
2343 0.002000 1354
2344 0.002000 1354
2345 0.002000 1354
2346 0.002000 1354
2347 0.002000 1354
2348 0.002000 1354
2349 0.002000 1354
2350 0.002000 1354
2351 0.002000 1354
2352 0.002000 1354
2353 0.002000 1354
2354 0.002000 1354
2355 0.002000 1354
2356 0.002000 1354
2357 0.002000 1354
2358 0.002000 1354
2359 0.002000 1354
2360 0.002000 1354
2361 0.002000 1354
2362 0.002000 1354
2363 0.002000 1354
2364 0.002000 1354
2365 0.002000 1354
2366 0.002000 1354
2367 0.002000 1354
2368 0.002000 1354
2369 0.002000 1354
2370 0.002000 1354
2371 0.002000 1354
2372 0.002000 1354
2373 0.002000 1354
2374 0.002000 1354
2375 0.002000 1354
2376 0.002000 1354
2377 0.002000 1354
2378 0.002000 1354
2379 0.002000 1354
2380 0.002000 1354
2381 0.002000 1354
2382 0.002000 1354
2383 0.002000 1354
2384 0.002000 1354
2385 0.002000 1354
2386 0.002000 1354
2387 0.002000 1354
2388 0.002000 1354
2389 0.002000 1354
2390 0.002000 1354
2391 0.002000 1354
2392 0.002000 1354
2393 0.002000 1354
2394 0.002000 1354
2395 0.002000 1354
2396 0.002000 1354
2397 0.002000 1354
2398 0.002000 1354
2399 0.002000 1354
2400 0.002000 1354
2401 0.002000 1354
2402 0.002000 1354
2403 0.002000 1354
2404 0.002000 1354
2405 0.002000 1354
2406 0.002000 1354
2407 0.002000 1354
2408 0.002000 1354
2409 0.002000 1354
2410 0.002000 1354
2411 0.002000 1354
2412 0.002000 1354
2413 0.002000 1354
2414 0.002000 1354
2415 0.002000 1354
2416 0.002000 1354
2417 0.002000 1354
2418 0.002000 1354
2419 0.002000 1354
2420 0.002000 1354
2421 0.002000 1354
2422 0.002000 1354
2423 0.002000 1354
2424 0.002000 1354
2425 0.002000 1354
2426 0.002000 1354
2427 0.002000 1354
2428 0.002000 1354
2429 0.002000 1354
2430 0.002000 1354
2431 0.002000 1354
2432 0.002000 1354
2433 0.002000 1354
2434 0.002000 1354
2435 0.002000 1354
2436 0.002000 1354
2437 0.002000 1354
2438 0.002000 1354
2439 0.002000 1354
2440 0.002000 1354
2441 0.002000 1354
2442 0.002000 1354
2443 0.002000 1354
2444 0.002000 1354
2445 0.002000 1354
2446 0.002000 1354
2447 0.002000 1354
2448 0.002000 1354
2449 0.002000 1354
2450 0.002000 1354
2451 0.002000 1354
2452 0.002000 1354
2453 0.002000 1354
2454 0.002000 1354
2455 0.002000 1354
2456 0.002000 1354
2457 0.002000 1354
2458 0.002000 1354
2459 0.002000 1354
2460 0.002000 1354
2461 0.002000 1354
2462 0.002000 1354
2463 0.002000 1354
2464 0.002000 1354
2465 0.002000 1354
2466 0.002000 1354
2467 0.002000 1354
2468 0.002000 1354
2469 0.002000 1354
2470 0.002000 1354
2471 0.002000 1354
2472 0.002000 1354
2473 0.002000 1354
2474 0.002000 1354
2475 0.002000 1354
2476 0.002000 1354
2477 0.002000 1354
2478 0.002000 1354
2479 0.002000 1354
2480 0.002000 1354
2481 0.002000 1354
2482 0.002000 1354
2483 0.002000 1354
2484 0.002000 1354
2485 0.002000 1354
2486 0.002000 1354
2487 0.002000 1354
2488 0.002000 1354
2489 0.002000 1354
2490 0.002000 1354
2491 0.002000 1354
2492 0.002000 1354
2493 0.002000 1354
2494 0.002000 1354
2495 0.002000 1354
2496 0.002000 1354
2497 0.002000 1354
2498 0.002000 1354
2499 0.002000 1354
2500 0.002000 1354
2501 0.002000 1354
2502 0.002000 1354
2503 0.002000 1354
2504 0.002000 1354
2505 0.002000 1354
2506 0.002000 1354
2507 0.002000 1354
2508 0.002000 1354
2509 0.002000 1354
2510 0.002000 1354
2511 0.002000 1354
2512 0.002000 1354
2513 0.002000 1354
2514 0.002000 1354
2515 0.002000 1354
2516 0.002000 1354
2517 0.002000 1354
2518 0.002000 1354
2519 0.002000 1354
2520 0.002000 1354
2521 0.002000 1354
2522 0.002000 1354
2523 0.002000 1354
2524 0.002000 1354
2525 0.002000 1354
2526 0.002000 1354
2527 0.002000 1354
2528 0.002000 1354
2529 0.002000 1354
2530 0.002000 1354
2531 0.002000 1354
2532 0.002000 1354
2533 0.002000 1354
2534 0.002000 1354
2535 0.002000 1354
2536 0.002000 1354
2537 0.002000 1354
2538 0.002000 1354
2539 0.002000 1354
2540 0.002000 1354
2541 0.002000 1354
2542 0.002000 1354
2543 0.002000 1354
2544 0.002000 1354
2545 0.002000 1354
2546 0.002000 1354
2547 0.002000 1354
2548 0.002000 1354
2549 0.002000 1354
2550 0.002000 1354
2551 0.002000 1354
2552 0.002000 1354
2553 0.002000 1354
2554 0.002000 1354
2555 0.002000 1354
2556 0.002000 1354
2557 0.002000 1354
2558 0.002000 1354
2559 0.002000 1354
2560 0.002000 1354
2561 0.002000 1354
2562 0.002000 1354
2563 0.002000 1354
2564 0.002000 1354
2565 0.002000 1354
2566 0.002000 1354
2567 0.002000 1354
2568 0.002000 1354
2569 0.002000 1354
2570 0.002000 1354
2571 0.002000 1354
2572 0.002000 1354
2573 0.002000 1354
2574 0.002000 1354
2575 0.002000 1354
2576 0.002000 1354
2577 0.002000 1354
2578 0.002000 1354
2579 0.002000 1354
2580 0.002000 1354
2581 0.002000 1354
2582 0.002000 1354
2583 0.002000 1354
2584 0.002000 1354
2585 0.002000 1354
2586 0.002000 1354
2587 0.002000 1354
2588 0.002000 1354
2589 0.002000 1354
2590 0.002000 1354
2591 0.002000 1354
2592 0.002000 1354
2593 0.002000 1354
2594 0.002000 1354
2595 0.002000 1354
2596 0.002000 1354
2597 0.002000 1354
2598 0.002000 1354
2599 0.002000 1354
2600 0.002000 1354
2601 0.002000 1354
2602 0.002000 1354
2603 0.002000 1354
2604 0.002000 1354
2605 0.002000 1354
2606 0.002000 1354
2607 0.002000 1354
2608 0.002000 1354
2609 0.002000 1354
2610 0.002000 1354
2611 0.002000 1354
2612 0.002000 1354
2613 0.002000 1354
2614 0.002000 1354
2615 0.002000 1354
2616 0.002000 1354
2617 0.002000 1354
2618 0.002000 1354
2619 0.002000 1354
2620 0.002000 1354
2621 0.002000 1354
2622 0.002000 1354
2623 0.002000 1354
2624 0.002000 1354
2625 0.002000 1354
2626 0.002000 1354
2627 0.002000 1354
2628 0.002000 1354
2629 0.002000 1354
2630 0.002000 1354
2631 0.002000 1354
2632 0.002000 1354
2633 0.002000 1354
2634 0.002000 1354
2635 0.002000 1354
2636 0.002000 1354
2637 0.002000 1354
2638 0.002000 1354
2639 0.002000 1354
2640 0.002000 1354
2641 0.002000 1354
2642 0.002000 1354
2643 0.002000 1354
2644 0.002000 1354
2645 0.002000 1354
2646 0.002000 1354
2647 0.002000 1354
2648 0.002000 1354
2649 0.002000 1354
2650 0.002000 1354
2651 0.002000 1354
2652 0.002000 1354
2653 0.002000 1354
2654 0.002000 1354
2655 0.002000 1354
2656 0.002000 1354
2657 0.002000 1354
2658 0.002000 1354
2659 0.002000 1354
2660 0.002000 1354
2661 0.002000 1354
2662 0.002000 1354
2663 0.002000 1354
2664 0.002000 1354
2665 0.002000 1354
2666 0.002000 1354
2667 0.002000 1354
2668 0.002000 1354
2669 0.002000 1354
2670 0.002000 1354
2671 0.002000 1354
2672 0.002000 1354
2673 0.002000 1354
2674 0.002000 1354
2675 0.002000 1354
2676 0.002000 1354
2677 0.002000 1354
2678 0.002000 1354
2679 0.002000 1354
2680 0.002000 1354
2681 0.002000 1354
2682 0.002000 1354
2683 0.002000 1354
2684 0.002000 1354
2685 0.002000 1354
2686 0.002000 1354
2687 0.002000 1354
2688 0.002000 1354
2689 0.002000 1354
2690 0.002000 1354
2691 0.002000 1354
2692 0.002000 1354
2693 0.002000 1354
2694 0.002000 1354
2695 0.002000 1354
2696 0.002000 1354
2697 0.002000 1354
2698 0.002000 1354
2699 0.002000 1354
2700 0.002000 1354
2701 0.002000 1354
2702 0.002000 1354
2703 0.002000 1354
2704 0.002000 1354
2705 0.002000 1354
2706 0.002000 1354
2707 0.002000 1354
2708 0.002000 1354
2709 0.002000 1354
2710 0.002000 1354
2711 0.002000 1354
2712 0.002000 1354
2713 0.002000 1354
2714 0.002000 1354
2715 0.002000 1354
2716 0.002000 1354
2717 0.002000 1354
2718 0.002000 1354
2719 0.002000 1354
2720 0.002000 1354
2721 0.002000 1354
2722 0.002000 1354
2723 0.002000 1354
2724 0.002000 1354
2725 0.002000 1354
2726 0.002000 1354
2727 0.002000 1354
2728 0.002000 1354
2729 0.002000 1354
2730 0.002000 1354
2731 0.002000 1354
2732 0.002000 1354
2733 0.002000 1354
2734 0.002000 1354
2735 0.002000 1354
2736 0.002000 1354
2737 0.002000 1354
2738 0.002000 1354
2739 0.002000 1354
2740 0.002000 1354
2741 0.002000 1354
2742 0.002000 1354
2743 0.002000 1354
2744 0.002000 1354
2745 0.002000 1354
2746 0.002000 1354
2747 0.002000 1354
2748 0.002000 1354
2749 0.002000 1354
2750 0.002000 1354
2751 0.002000 1354
2752 0.002000 1354
2753 0.002000 1354
2754 0.002000 1354
2755 0.002000 1354
2756 0.002000 1354
2757 0.002000 1354
2758 0.002000 1354
2759 0.002000 1354
2760 0.002000 1354
2761 0.002000 1354
2762 0.002000 1354
2763 0.002000 1354
2764 0.002000 1354
2765 0.002000 1354
2766 0.002000 1354
2767 0.002000 1354
2768 0.002000 1354
2769 0.002000 1354
2770 0.002000 1354
2771 0.002000 1354
2772 0.002000 1354
2773 0.002000 1354
2774 0.002000 1354
2775 0.002000 1354
2776 0.002000 1354
2777 0.002000 1354
2778 0.002000 1354
2779 0.002000 1354
2780 0.002000 1354
2781 0.002000 1354
2782 0.002000 1354
2783 0.002000 1354
2784 0.002000 1354
2785 0.002000 1354
2786 0.002000 1354
2787 0.002000 1354
2788 0.002000 1354
2789 0.002000 1354
2790 0.002000 1354
2791 0.002000 1354
2792 0.002000 1354
2793 0.002000 1354
2794 0.002000 1354
2795 0.002000 1354
2796 0.002000 1354
2797 0.002000 1354
2798 0.002000 1354
2799 0.002000 1354
2800 0.002000 1354
2801 0.002000 1354
2802 0.002000 1354
2803 0.002000 1354
2804 0.002000 1354
2805 0.002000 1354
2806 0.002000 1354
2807 0.002000 1354
2808 0.002000 1354
2809 0.002000 1354
2810 0.002000 1354
2811 0.002000 1354
2812 0.002000 1354
2813 0.002000 1354
2814 0.002000 1354
2815 0.002000 1354
2816 0.002000 1354
2817 0.002000 1354
2818 0.002000 1354
2819 0.002000 1354
2820 0.002000 1354
2821 0.002000 1354
2822 0.002000 1354
2823 0.002000 1354
2824 0.002000 1354
2825 0.002000 1354
2826 0.002000 1354
2827 0.002000 1354
2828 0.002000 1354
2829 0.002000 1354
2830 0.002000 1354
2831 0.002000 1354
2832 0.002000 1354
2833 0.002000 1354
2834 0.002000 1354
2835 0.002000 1354
2836 0.002000 1354
2837 0.002000 1354
2838 0.002000 1354
2839 0.002000 1354
2840 0.002000 1354
2841 0.002000 1354
2842 0.002000 1354
2843 0.002000 1354
2844 0.002000 1354
2845 0.002000 1354
2846 0.002000 1354
2847 0.002000 1354
2848 0.002000 1354
2849 0.002000 1354
2850 0.002000 1354
2851 0.002000 1354
2852 0.002000 1354
2853 0.002000 1354
2854 0.002000 1354
2855 0.002000 1354
2856 0.002000 1354
2857 0.002000 1354
2858 0.002000 1354
2859 0.002000 1354
2860 0.002000 1354
2861 0.002000 1354
2862 0.002000 1354
2863 0.002000 1354
2864 0.002000 1354
2865 0.002000 1354
2866 0.002000 1354
2867 0.002000 1354
2868 0.002000 1354
2869 0.002000 1354
2870 0.002000 1354
2871 0.002000 1354
2872 0.002000 1354
2873 0.002000 1354
2874 0.002000 1354
2875 0.002000 1354
2876 0.002000 1354
2877 0.002000 1354
2878 0.002000 1354
2879 0.002000 1354
2880 0.002000 1354
2881 0.002000 1354
2882 0.002000 1354
2883 0.002000 1354
2884 0.002000 1354
2885 0.002000 1354
2886 0.002000 1354
2887 0.002000 1354
2888 0.002000 1354
2889 0.002000 1354
2890 0.002000 1354
2891 0.002000 1354
2892 0.002000 1354
2893 0.002000 1354
2894 0.002000 1354
2895 0.002000 1354
2896 0.002000 1354
2897 0.002000 1354
2898 0.002000 1354
2899 0.002000 1354
2900 0.002000 1354
2901 0.002000 1354
2902 0.002000 1354
2903 0.002000 1354
2904 0.002000 1354
2905 0.002000 1354
2906 0.002000 1354
2907 0.002000 1354
2908 0.002000 1354
2909 0.002000 1354
2910 0.002000 1354
2911 0.002000 1354
2912 0.002000 1354
2913 0.002000 1354
2914 0.002000 1354
2915 0.002000 1354
2916 0.002000 1354
2917 0.002000 1354
2918 0.002000 1354
2919 0.002000 1354
2920 0.002000 1354
2921 0.002000 1354
2922 0.002000 1354
2923 0.002000 1354
2924 0.002000 1354
2925 0.002000 1354
2926 0.002000 1354
2927 0.002000 1354
2928 0.002000 1354
2929 0.002000 1354
2930 0.002000 1354
2931 0.002000 1354
2932 0.002000 1354
2933 0.002000 1354
2934 0.002000 1354
2935 0.002000 1354
2936 0.002000 1354
2937 0.002000 1354
2938 0.002000 1354
2939 0.002000 1354
2940 0.002000 1354
2941 0.002000 1354
2942 0.002000 1354
2943 0.002000 1354
2944 0.002000 1354
2945 0.002000 1354
2946 0.002000 1354
2947 0.002000 1354
2948 0.002000 1354
2949 0.002000 1354
2950 0.002000 1354
2951 0.002000 1354
2952 0.002000 1354
2953 0.002000 1354
2954 0.002000 1354
2955 0.002000 1354
2956 0.002000 1354
2957 0.002000 1354
2958 0.002000 1354
2959 0.002000 1354
2960 0.002000 1354
2961 0.002000 1354
2962 0.002000 1354
2963 0.002000 1354
2964 0.002000 1354
2965 0.002000 1354
2966 0.002000 1354
2967 0.002000 1354
2968 0.002000 1354
2969 0.002000 1354
2970 0.002000 1354
2971 0.002000 1354
2972 0.002000 1354
2973 0.002000 1354
2974 0.002000 1354
2975 0.002000 1354
2976 0.002000 1354
2977 0.002000 1354
2978 0.002000 1354
2979 0.002000 1354
2980 0.002000 1354
2981 0.002000 1354
2982 0.002000 1354
2983 0.002000 1354
2984 0.002000 1354
2985 0.002000 1354
2986 0.002000 1354
2987 0.002000 1354
2988 0.002000 1354
2989 0.002000 1354
2990 0.002000 1354
2991 0.002000 1354
2992 0.002000 1354
2993 0.002000 1354
2994 0.002000 1354
2995 0.002000 1354
2996 0.002000 1354
2997 0.002000 1354
2998 0.002000 1354
2999 0.002000 1354
3000 0.002000 1354
# Final Best Cost: 1354
