# first_value: 1652
# Instance: eil51.tsp
# Method: random-search
# output: time cost
0 1652
1 0.000000 1652
2 0.000000 1652
3 0.000000 1652
4 0.000000 1652
5 0.000000 1652
6 0.000000 1516
7 0.000000 1516
8 0.000000 1417
9 0.000000 1417
10 0.000000 1417
11 0.000000 1417
12 0.000000 1417
13 0.000000 1417
14 0.000000 1417
15 0.000000 1417
16 0.000000 1417
17 0.000000 1417
18 0.000000 1417
19 0.000000 1417
20 0.000000 1417
21 0.000000 1417
22 0.000000 1417
23 0.000000 1417
24 0.000000 1417
25 0.000000 1417
26 0.000000 1417
27 0.000000 1417
28 0.000000 1417
29 0.000000 1417
30 0.000000 1417
31 0.000000 1417
32 0.000000 1417
33 0.000000 1383
34 0.000000 1383
35 0.000000 1383
36 0.000000 1383
37 0.000000 1383
38 0.000000 1383
39 0.000000 1383
40 0.000000 1383
41 0.000000 1383
42 0.000000 1383
43 0.000000 1383
44 0.000000 1383
45 0.000000 1383
46 0.000000 1383
47 0.000000 1383
48 0.000000 1383
49 0.000000 1383
50 0.000000 1383
51 0.000000 1383
52 0.000000 1383
53 0.000000 1383
54 0.000000 1383
55 0.000000 1383
56 0.000000 1383
57 0.000000 1383
58 0.000000 1383
59 0.000000 1383
60 0.000000 1383
61 0.000000 1383
62 0.000000 1383
63 0.000000 1383
64 0.000000 1383
65 0.000000 1383
66 0.000000 1383
67 0.000000 1383
68 0.000000 1383
69 0.000000 1383
70 0.000000 1383
71 0.000000 1383
72 0.000000 1383
73 0.000000 1383
74 0.000000 1383
75 0.000000 1383
76 0.000000 1383
77 0.000000 1383
78 0.000000 1383
79 0.000000 1383
80 0.000000 1383
81 0.000000 1383
82 0.000000 1383
83 0.000000 1383
84 0.000000 1383
85 0.000000 1383
86 0.000000 1383
87 0.000000 1383
88 0.000000 1383
89 0.000000 1383
90 0.000000 1383
91 0.000000 1383
92 0.000000 1383
93 0.000000 1383
94 0.000000 1383
95 0.000000 1383
96 0.000000 1383
97 0.000000 1383
98 0.000000 1383
99 0.000000 1383
100 0.000000 1383
101 0.000000 1383
102 0.000000 1383
103 0.000000 1383
104 0.000000 1383
105 0.000000 1383
106 0.000000 1383
107 0.000000 1383
108 0.000000 1383
109 0.000000 1383
110 0.000000 1383
111 0.000000 1383
112 0.000000 1383
113 0.000000 1383
114 0.000000 1383
115 0.000000 1383
116 0.000000 1383
117 0.000000 1383
118 0.000000 1383
119 0.000000 1383
120 0.000000 1383
121 0.000000 1383
122 0.000000 1383
123 0.000000 1383
124 0.000000 1383
125 0.000000 1383
126 0.000000 1383
127 0.000000 1383
128 0.000000 1383
129 0.000000 1383
130 0.000000 1383
131 0.000000 1383
132 0.000000 1383
133 0.000000 1383
134 0.000000 1383
135 0.000000 1383
136 0.000000 1383
137 0.000000 1383
138 0.000000 1383
139 0.000000 1383
140 0.000000 1383
141 0.000000 1383
142 0.000000 1383
143 0.000000 1383
144 0.000000 1383
145 0.000000 1383
146 0.000000 1383
147 0.000000 1383
148 0.000000 1383
149 0.000000 1383
150 0.000000 1383
151 0.000000 1383
152 0.000000 1383
153 0.000000 1383
154 0.000000 1383
155 0.000000 1383
156 0.000000 1383
157 0.000000 1383
158 0.000000 1383
159 0.000000 1383
160 0.000000 1383
161 0.000000 1383
162 0.000000 1383
163 0.000000 1383
164 0.000000 1383
165 0.000000 1383
166 0.000000 1383
167 0.000000 1383
168 0.000000 1383
169 0.000000 1383
170 0.000000 1383
171 0.000000 1383
172 0.000000 1383
173 0.000000 1383
174 0.000000 1383
175 0.000000 1383
176 0.000000 1383
177 0.000000 1383
178 0.000000 1383
179 0.000000 1383
180 0.000000 1383
181 0.000000 1383
182 0.000000 1383
183 0.000000 1383
184 0.000000 1383
185 0.000000 1383
186 0.000000 1383
187 0.000000 1383
188 0.000000 1383
189 0.000000 1383
190 0.000000 1383
191 0.000000 1383
192 0.000000 1383
193 0.000000 1383
194 0.000000 1383
195 0.000000 1383
196 0.000000 1383
197 0.000000 1383
198 0.000000 1383
199 0.000000 1383
200 0.000000 1383
201 0.000000 1383
202 0.000000 1383
203 0.000000 1383
204 0.000000 1383
205 0.000000 1383
206 0.000000 1383
207 0.000000 1383
208 0.000000 1383
209 0.000000 1383
210 0.000000 1383
211 0.000000 1383
212 0.000000 1383
213 0.000000 1383
214 0.000000 1383
215 0.000000 1383
216 0.000000 1383
217 0.000000 1383
218 0.000000 1383
219 0.000000 1383
220 0.000000 1383
221 0.000000 1383
222 0.000000 1383
223 0.000000 1383
224 0.000000 1383
225 0.000000 1383
226 0.000000 1383
227 0.000000 1383
228 0.000000 1383
229 0.000000 1383
230 0.000000 1383
231 0.000000 1383
232 0.000000 1383
233 0.000000 1383
234 0.000000 1383
235 0.000000 1383
236 0.000000 1383
237 0.000000 1383
238 0.000000 1383
239 0.000000 1383
240 0.000000 1383
241 0.000000 1383
242 0.000000 1383
243 0.000000 1383
244 0.000000 1383
245 0.000000 1383
246 0.000000 1383
247 0.000000 1383
248 0.000000 1383
249 0.000000 1383
250 0.000000 1383
251 0.000000 1383
252 0.000000 1383
253 0.000000 1383
254 0.000000 1383
255 0.000000 1383
256 0.000000 1383
257 0.000000 1383
258 0.000000 1383
259 0.000000 1383
260 0.000000 1383
261 0.000000 1383
262 0.000000 1383
263 0.000000 1383
264 0.000000 1383
265 0.000000 1367
266 0.000000 1367
267 0.000000 1367
268 0.000000 1367
269 0.000000 1367
270 0.000000 1367
271 0.000000 1367
272 0.000000 1367
273 0.000000 1367
274 0.000000 1367
275 0.000000 1367
276 0.000000 1367
277 0.000000 1367
278 0.000000 1367
279 0.000000 1367
280 0.000000 1367
281 0.000000 1367
282 0.000000 1367
283 0.000000 1367
284 0.000000 1367
285 0.000000 1367
286 0.000000 1367
287 0.000000 1367
288 0.000000 1367
289 0.000000 1367
290 0.000000 1367
291 0.000000 1367
292 0.000000 1367
293 0.000000 1367
294 0.000000 1367
295 0.000000 1367
296 0.000000 1367
297 0.000000 1367
298 0.000000 1367
299 0.000000 1367
300 0.000000 1367
301 0.000000 1367
302 0.000000 1367
303 0.000000 1367
304 0.000000 1367
305 0.000000 1367
306 0.000000 1367
307 0.000000 1367
308 0.000000 1367
309 0.000000 1367
310 0.000000 1367
311 0.000000 1367
312 0.000000 1367
313 0.000000 1367
314 0.000000 1367
315 0.000000 1367
316 0.000000 1367
317 0.000000 1367
318 0.000000 1367
319 0.000000 1367
320 0.000000 1367
321 0.000000 1367
322 0.000000 1367
323 0.000000 1367
324 0.000000 1367
325 0.000000 1367
326 0.000000 1367
327 0.000000 1367
328 0.000000 1367
329 0.000000 1367
330 0.000000 1367
331 0.000000 1367
332 0.000000 1367
333 0.000000 1367
334 0.000000 1367
335 0.000000 1367
336 0.000000 1367
337 0.000000 1367
338 0.000000 1367
339 0.000000 1367
340 0.000000 1367
341 0.000000 1367
342 0.000000 1367
343 0.000000 1367
344 0.000000 1367
345 0.000000 1367
346 0.000000 1367
347 0.000000 1367
348 0.000000 1367
349 0.000000 1367
350 0.000000 1367
351 0.000000 1367
352 0.000000 1367
353 0.000000 1367
354 0.000000 1367
355 0.000000 1367
356 0.000000 1367
357 0.000000 1367
358 0.000000 1367
359 0.000000 1367
360 0.000000 1367
361 0.000000 1367
362 0.000000 1367
363 0.000000 1367
364 0.000000 1367
365 0.000000 1367
366 0.000000 1367
367 0.000000 1367
368 0.000000 1367
369 0.000000 1367
370 0.000000 1367
371 0.000000 1367
372 0.000000 1367
373 0.000000 1367
374 0.000000 1367
375 0.000000 1367
376 0.000000 1367
377 0.000000 1367
378 0.000000 1367
379 0.000000 1367
380 0.000000 1367
381 0.000000 1367
382 0.000000 1367
383 0.000000 1367
384 0.000000 1367
385 0.000000 1367
386 0.000000 1367
387 0.000000 1367
388 0.000000 1367
389 0.000000 1367
390 0.000000 1367
391 0.000000 1367
392 0.000000 1367
393 0.000000 1367
394 0.000000 1367
395 0.000000 1367
396 0.000000 1367
397 0.000000 1367
398 0.000000 1367
399 0.000000 1367
400 0.000000 1367
401 0.000000 1367
402 0.000000 1367
403 0.000000 1367
404 0.000000 1367
405 0.000000 1367
406 0.000000 1367
407 0.000000 1367
408 0.000000 1367
409 0.000000 1367
410 0.000000 1367
411 0.000000 1367
412 0.000000 1367
413 0.000000 1367
414 0.000000 1367
415 0.000000 1367
416 0.000000 1367
417 0.000000 1367
418 0.000000 1367
419 0.000000 1367
420 0.000000 1367
421 0.000000 1367
422 0.000000 1367
423 0.000000 1367
424 0.000000 1367
425 0.000000 1367
426 0.000000 1367
427 0.000000 1367
428 0.000000 1367
429 0.000000 1367
430 0.000000 1367
431 0.000000 1367
432 0.000000 1367
433 0.000000 1367
434 0.000000 1367
435 0.000000 1367
436 0.000000 1367
437 0.000000 1367
438 0.000000 1367
439 0.000000 1367
440 0.000000 1367
441 0.000000 1367
442 0.000000 1367
443 0.000000 1367
444 0.000000 1367
445 0.000000 1367
446 0.000000 1367
447 0.000000 1367
448 0.000000 1367
449 0.000000 1367
450 0.000000 1367
451 0.000000 1367
452 0.000000 1367
453 0.000000 1367
454 0.000000 1367
455 0.000000 1367
456 0.000000 1367
457 0.000000 1367
458 0.000000 1367
459 0.000000 1367
460 0.000000 1367
461 0.000000 1367
462 0.000000 1367
463 0.000000 1367
464 0.000000 1367
465 0.000000 1367
466 0.000000 1367
467 0.000000 1367
468 0.000000 1367
469 0.000000 1367
470 0.000000 1367
471 0.000000 1367
472 0.000000 1367
473 0.000000 1367
474 0.000000 1367
475 0.000000 1367
476 0.000000 1367
477 0.000000 1367
478 0.000000 1367
479 0.000000 1367
480 0.000000 1367
481 0.000000 1367
482 0.000000 1367
483 0.000000 1367
484 0.000000 1367
485 0.000000 1367
486 0.000000 1367
487 0.000000 1367
488 0.000000 1367
489 0.000000 1367
490 0.000000 1367
491 0.000000 1367
492 0.000000 1367
493 0.000000 1367
494 0.000000 1367
495 0.000000 1367
496 0.000000 1367
497 0.000000 1367
498 0.000000 1367
499 0.000000 1367
500 0.000000 1367
501 0.000000 1367
502 0.000000 1367
503 0.000000 1367
504 0.000000 1367
505 0.000000 1367
506 0.000000 1367
507 0.000000 1367
508 0.000000 1367
509 0.000000 1367
510 0.000000 1367
511 0.000000 1367
512 0.000000 1367
513 0.000000 1367
514 0.000000 1367
515 0.000000 1367
516 0.000000 1367
517 0.000000 1367
518 0.000000 1367
519 0.000000 1367
520 0.000000 1367
521 0.000000 1367
522 0.000000 1367
523 0.000000 1367
524 0.000000 1367
525 0.000000 1367
526 0.000000 1367
527 0.000000 1367
528 0.000000 1367
529 0.000000 1367
530 0.000000 1367
531 0.000000 1367
532 0.000000 1367
533 0.000000 1367
534 0.000000 1367
535 0.000000 1367
536 0.000000 1367
537 0.000000 1367
538 0.000000 1367
539 0.000000 1367
540 0.000000 1367
541 0.000000 1367
542 0.000000 1367
543 0.000000 1367
544 0.000000 1367
545 0.000000 1367
546 0.000000 1367
547 0.000000 1367
548 0.000000 1367
549 0.000000 1367
550 0.000000 1367
551 0.000000 1367
552 0.000000 1367
553 0.000000 1367
554 0.000000 1367
555 0.000000 1367
556 0.000000 1367
557 0.000000 1367
558 0.000000 1367
559 0.000000 1367
560 0.000000 1367
561 0.000000 1367
562 0.000000 1367
563 0.000000 1367
564 0.000000 1367
565 0.000000 1367
566 0.000000 1367
567 0.000000 1367
568 0.000000 1367
569 0.000000 1367
570 0.000000 1367
571 0.000000 1367
572 0.000000 1367
573 0.000000 1367
574 0.000000 1367
575 0.000000 1367
576 0.000000 1367
577 0.000000 1367
578 0.000000 1367
579 0.000000 1367
580 0.000000 1367
581 0.000000 1367
582 0.000000 1367
583 0.000000 1367
584 0.000000 1367
585 0.000000 1367
586 0.000000 1367
587 0.000000 1367
588 0.000000 1367
589 0.000000 1367
590 0.000000 1367
591 0.000000 1367
592 0.000000 1367
593 0.000000 1367
594 0.000000 1367
595 0.000000 1367
596 0.000000 1367
597 0.000000 1367
598 0.000000 1367
599 0.000000 1367
600 0.000000 1367
601 0.000000 1367
602 0.000000 1367
603 0.000000 1367
604 0.000000 1367
605 0.000000 1367
606 0.000000 1367
607 0.000000 1367
608 0.000000 1367
609 0.000000 1367
610 0.000000 1367
611 0.000000 1367
612 0.000000 1367
613 0.000000 1367
614 0.000000 1367
615 0.000000 1367
616 0.000000 1367
617 0.000000 1367
618 0.000000 1367
619 0.000000 1367
620 0.000000 1367
621 0.000000 1367
622 0.000000 1367
623 0.000000 1367
624 0.000000 1367
625 0.000000 1367
626 0.000000 1367
627 0.000000 1367
628 0.000000 1367
629 0.000000 1367
630 0.000000 1367
631 0.000000 1367
632 0.000000 1367
633 0.000000 1367
634 0.000000 1367
635 0.000000 1367
636 0.000000 1367
637 0.000000 1367
638 0.000000 1367
639 0.000000 1367
640 0.000000 1367
641 0.000000 1367
642 0.000000 1367
643 0.000000 1367
644 0.000000 1367
645 0.000000 1367
646 0.000000 1367
647 0.000000 1367
648 0.000000 1367
649 0.000000 1367
650 0.000000 1367
651 0.000000 1367
652 0.000000 1367
653 0.000000 1367
654 0.000000 1367
655 0.000000 1367
656 0.000000 1367
657 0.000000 1367
658 0.000000 1367
659 0.000000 1367
660 0.000000 1367
661 0.000000 1367
662 0.000000 1367
663 0.000000 1367
664 0.000000 1367
665 0.000000 1367
666 0.000000 1367
667 0.000000 1367
668 0.000000 1367
669 0.000000 1367
670 0.000000 1367
671 0.000000 1367
672 0.000000 1367
673 0.000000 1367
674 0.000000 1367
675 0.000000 1367
676 0.000000 1367
677 0.000000 1367
678 0.000000 1367
679 0.000000 1367
680 0.000000 1367
681 0.000000 1367
682 0.000000 1367
683 0.000000 1367
684 0.000000 1367
685 0.000000 1367
686 0.000000 1367
687 0.000000 1367
688 0.000000 1367
689 0.000000 1367
690 0.000000 1367
691 0.000000 1367
692 0.000000 1367
693 0.000000 1367
694 0.000000 1367
695 0.000000 1367
696 0.000000 1367
697 0.000000 1367
698 0.000000 1367
699 0.000000 1367
700 0.000000 1367
701 0.000000 1367
702 0.000000 1367
703 0.000000 1367
704 0.000000 1367
705 0.000000 1367
706 0.000000 1367
707 0.000000 1367
708 0.000000 1367
709 0.000000 1367
710 0.000000 1367
711 0.000000 1367
712 0.000000 1367
713 0.000000 1367
714 0.000000 1367
715 0.000000 1367
716 0.000000 1367
717 0.000000 1367
718 0.000000 1367
719 0.000000 1367
720 0.000000 1367
721 0.000000 1367
722 0.000000 1367
723 0.000000 1367
724 0.000000 1367
725 0.000000 1367
726 0.000000 1367
727 0.000000 1367
728 0.000000 1367
729 0.000000 1367
730 0.000000 1367
731 0.000000 1367
732 0.000000 1367
733 0.000000 1367
734 0.000000 1367
735 0.000000 1367
736 0.000000 1367
737 0.000000 1367
738 0.000000 1367
739 0.000000 1367
740 0.000000 1367
741 0.000000 1367
742 0.000000 1367
743 0.000000 1367
744 0.000000 1367
745 0.000000 1367
746 0.000000 1367
747 0.000000 1367
748 0.000000 1367
749 0.000000 1367
750 0.000000 1367
751 0.000000 1367
752 0.000000 1367
753 0.000000 1367
754 0.000000 1367
755 0.000000 1367
756 0.000000 1367
757 0.000000 1367
758 0.000000 1367
759 0.000000 1367
760 0.000000 1367
761 0.000000 1367
762 0.000000 1367
763 0.000000 1367
764 0.000000 1367
765 0.000000 1367
766 0.000000 1367
767 0.000000 1367
768 0.000000 1367
769 0.000000 1367
770 0.000000 1367
771 0.000000 1367
772 0.000000 1367
773 0.000000 1367
774 0.000000 1367
775 0.000000 1367
776 0.000000 1367
777 0.000000 1367
778 0.000000 1367
779 0.000000 1367
780 0.000000 1367
781 0.000000 1367
782 0.000000 1367
783 0.000000 1367
784 0.000000 1367
785 0.000000 1367
786 0.000000 1367
787 0.000000 1367
788 0.000000 1367
789 0.000000 1367
790 0.000000 1367
791 0.000000 1367
792 0.000000 1367
793 0.000000 1367
794 0.000000 1367
795 0.000000 1367
796 0.000000 1367
797 0.000000 1367
798 0.000000 1367
799 0.000000 1367
800 0.000000 1367
801 0.000000 1367
802 0.000000 1367
803 0.000000 1367
804 0.000000 1367
805 0.000000 1367
806 0.000000 1367
807 0.000000 1367
808 0.000000 1367
809 0.000000 1367
810 0.000000 1367
811 0.000000 1367
812 0.000000 1367
813 0.000000 1367
814 0.000000 1367
815 0.000000 1367
816 0.000000 1367
817 0.000000 1367
818 0.000000 1367
819 0.000000 1367
820 0.000000 1367
821 0.000000 1367
822 0.000000 1367
823 0.000000 1367
824 0.000000 1367
825 0.000000 1367
826 0.000000 1367
827 0.000000 1367
828 0.000000 1367
829 0.000000 1367
830 0.000000 1367
831 0.000000 1367
832 0.000000 1367
833 0.000000 1367
834 0.000000 1367
835 0.000000 1367
836 0.000000 1367
837 0.000000 1367
838 0.000000 1367
839 0.000000 1367
840 0.000000 1367
841 0.000000 1367
842 0.000000 1367
843 0.000000 1367
844 0.000000 1367
845 0.000000 1367
846 0.000000 1367
847 0.000000 1367
848 0.000000 1367
849 0.000000 1367
850 0.000000 1367
851 0.000000 1367
852 0.000000 1367
853 0.000000 1367
854 0.000000 1367
855 0.000000 1367
856 0.000000 1367
857 0.000000 1367
858 0.000000 1367
859 0.000000 1367
860 0.000000 1367
861 0.000000 1367
862 0.000000 1367
863 0.000000 1367
864 0.000000 1367
865 0.000000 1367
866 0.000000 1367
867 0.000000 1367
868 0.000000 1367
869 0.000000 1367
870 0.000000 1367
871 0.000000 1367
872 0.000000 1367
873 0.000000 1367
874 0.000000 1367
875 0.000000 1367
876 0.000000 1367
877 0.000000 1367
878 0.000000 1367
879 0.000000 1367
880 0.000000 1367
881 0.000000 1367
882 0.000000 1367
883 0.000000 1367
884 0.000000 1367
885 0.000000 1367
886 0.000000 1367
887 0.000000 1367
888 0.000000 1367
889 0.000000 1367
890 0.000000 1367
891 0.000000 1367
892 0.000000 1367
893 0.000000 1367
894 0.000000 1367
895 0.000000 1367
896 0.000000 1367
897 0.000000 1367
898 0.000000 1367
899 0.000000 1367
900 0.000000 1367
901 0.000000 1367
902 0.000000 1367
903 0.000000 1367
904 0.000000 1367
905 0.000000 1367
906 0.000000 1367
907 0.000000 1367
908 0.000000 1367
909 0.000000 1367
910 0.000000 1367
911 0.000000 1367
912 0.000000 1367
913 0.000000 1367
914 0.000000 1367
915 0.000000 1367
916 0.000000 1367
917 0.000000 1367
918 0.000000 1367
919 0.000000 1367
920 0.000000 1367
921 0.000000 1367
922 0.000000 1367
923 0.000000 1367
924 0.000000 1367
925 0.000000 1367
926 0.000000 1367
927 0.000000 1367
928 0.000000 1367
929 0.000000 1367
930 0.000000 1367
931 0.000000 1367
932 0.000000 1367
933 0.000000 1367
934 0.000000 1367
935 0.000000 1367
936 0.000000 1367
937 0.000000 1367
938 0.000000 1367
939 0.000000 1367
940 0.000000 1367
941 0.000000 1367
942 0.000000 1367
943 0.000000 1367
944 0.000000 1367
945 0.000000 1367
946 0.000000 1367
947 0.000000 1367
948 0.000000 1367
949 0.000000 1367
950 0.000000 1367
951 0.000000 1367
952 0.000000 1367
953 0.000000 1367
954 0.000000 1367
955 0.000000 1367
956 0.000000 1367
957 0.000000 1367
958 0.000000 1367
959 0.000000 1367
960 0.000000 1367
961 0.000000 1367
962 0.000000 1367
963 0.000000 1367
964 0.000000 1367
965 0.000000 1367
966 0.000000 1367
967 0.000000 1367
968 0.000000 1367
969 0.000000 1367
970 0.000000 1367
971 0.000000 1367
972 0.000000 1367
973 0.000000 1367
974 0.000000 1367
975 0.000000 1367
976 0.000000 1367
977 0.000000 1367
978 0.000000 1367
979 0.000000 1367
980 0.000000 1367
981 0.000000 1367
982 0.000000 1367
983 0.000000 1367
984 0.000000 1367
985 0.000000 1367
986 0.000000 1367
987 0.000000 1367
988 0.000000 1367
989 0.000000 1367
990 0.000000 1367
991 0.000000 1367
992 0.000000 1367
993 0.000000 1367
994 0.000000 1367
995 0.000000 1367
996 0.000000 1367
997 0.000000 1367
998 0.000000 1367
999 0.000000 1367
1000 0.000000 1367
1001 0.000000 1367
1002 0.000000 1367
1003 0.000000 1367
1004 0.000000 1367
1005 0.000000 1367
1006 0.000000 1367
1007 0.000000 1367
1008 0.000000 1367
1009 0.000000 1367
1010 0.000000 1367
1011 0.000000 1367
1012 0.000000 1367
1013 0.000000 1367
1014 0.000000 1367
1015 0.000000 1367
1016 0.000000 1367
1017 0.000000 1367
1018 0.000000 1367
1019 0.000000 1367
1020 0.000000 1367
1021 0.000000 1367
1022 0.000000 1367
1023 0.000000 1367
1024 0.000000 1367
1025 0.000000 1367
1026 0.000000 1367
1027 0.000000 1367
1028 0.000000 1367
1029 0.000000 1367
1030 0.000000 1367
1031 0.000000 1367
1032 0.000000 1367
1033 0.000000 1367
1034 0.000000 1367
1035 0.000000 1367
1036 0.000000 1367
1037 0.000000 1367
1038 0.000000 1367
1039 0.000000 1367
1040 0.000000 1367
1041 0.000000 1367
1042 0.000000 1367
1043 0.000000 1367
1044 0.000000 1367
1045 0.000000 1367
1046 0.000000 1367
1047 0.000000 1367
1048 0.000000 1367
1049 0.000000 1367
1050 0.000000 1367
1051 0.000000 1367
1052 0.000000 1367
1053 0.000000 1367
1054 0.000000 1367
1055 0.000000 1367
1056 0.000000 1367
1057 0.000000 1367
1058 0.000000 1367
1059 0.000000 1367
1060 0.000000 1367
1061 0.000000 1367
1062 0.000000 1367
1063 0.000000 1367
1064 0.000000 1367
1065 0.000000 1367
1066 0.000000 1367
1067 0.000000 1367
1068 0.000000 1367
1069 0.000000 1367
1070 0.000000 1367
1071 0.000000 1367
1072 0.000000 1367
1073 0.000000 1367
1074 0.000000 1367
1075 0.000000 1367
1076 0.000000 1367
1077 0.000000 1367
1078 0.000000 1367
1079 0.000000 1367
1080 0.000000 1367
1081 0.000000 1367
1082 0.000000 1367
1083 0.000000 1367
1084 0.000000 1367
1085 0.000000 1367
1086 0.000000 1367
1087 0.000000 1367
1088 0.000000 1367
1089 0.000000 1367
1090 0.000000 1367
1091 0.000000 1367
1092 0.000000 1367
1093 0.000000 1367
1094 0.000000 1367
1095 0.000000 1367
1096 0.000000 1367
1097 0.000000 1367
1098 0.000000 1367
1099 0.000000 1367
1100 0.000000 1367
1101 0.000000 1367
1102 0.000000 1367
1103 0.000000 1367
1104 0.000000 1367
1105 0.000000 1367
1106 0.000000 1367
1107 0.000000 1367
1108 0.000000 1367
1109 0.000000 1367
1110 0.000000 1367
1111 0.000000 1367
1112 0.000000 1367
1113 0.000000 1367
1114 0.000000 1367
1115 0.000000 1367
1116 0.000000 1367
1117 0.000000 1367
1118 0.000000 1367
1119 0.000000 1367
1120 0.000000 1367
1121 0.000000 1367
1122 0.000000 1367
1123 0.000000 1367
1124 0.000000 1367
1125 0.000000 1367
1126 0.000000 1367
1127 0.000000 1367
1128 0.000000 1367
1129 0.000000 1367
1130 0.000000 1367
1131 0.000000 1367
1132 0.000000 1367
1133 0.000000 1367
1134 0.000000 1367
1135 0.000000 1367
1136 0.000000 1367
1137 0.000000 1367
1138 0.000000 1367
1139 0.000000 1367
1140 0.000000 1367
1141 0.000000 1367
1142 0.000000 1367
1143 0.000000 1367
1144 0.000000 1367
1145 0.000000 1367
1146 0.000000 1367
1147 0.000000 1367
1148 0.000000 1367
1149 0.000000 1367
1150 0.000000 1367
1151 0.000000 1367
1152 0.000000 1367
1153 0.000000 1367
1154 0.000000 1367
1155 0.000000 1367
1156 0.000000 1367
1157 0.000000 1367
1158 0.000000 1367
1159 0.000000 1367
1160 0.000000 1367
1161 0.000000 1367
1162 0.000000 1367
1163 0.000000 1367
1164 0.000000 1367
1165 0.000000 1367
1166 0.000000 1367
1167 0.000000 1367
1168 0.000000 1367
1169 0.000000 1367
1170 0.001000 1367
1171 0.001000 1367
1172 0.001000 1367
1173 0.001000 1367
1174 0.001000 1367
1175 0.001000 1367
1176 0.001000 1367
1177 0.001000 1367
1178 0.001000 1367
1179 0.001000 1367
1180 0.001000 1367
1181 0.001000 1367
1182 0.001000 1367
1183 0.001000 1367
1184 0.001000 1367
1185 0.001000 1367
1186 0.001000 1367
1187 0.001000 1367
1188 0.001000 1367
1189 0.001000 1367
1190 0.001000 1367
1191 0.001000 1367
1192 0.001000 1367
1193 0.001000 1367
1194 0.001000 1367
1195 0.001000 1367
1196 0.001000 1367
1197 0.001000 1367
1198 0.001000 1367
1199 0.001000 1367
1200 0.001000 1367
1201 0.001000 1367
1202 0.001000 1367
1203 0.001000 1367
1204 0.001000 1367
1205 0.001000 1367
1206 0.001000 1367
1207 0.001000 1367
1208 0.001000 1367
1209 0.001000 1367
1210 0.001000 1367
1211 0.001000 1367
1212 0.001000 1367
1213 0.001000 1367
1214 0.001000 1367
1215 0.001000 1367
1216 0.001000 1367
1217 0.001000 1367
1218 0.001000 1367
1219 0.001000 1367
1220 0.001000 1367
1221 0.001000 1367
1222 0.001000 1367
1223 0.001000 1367
1224 0.001000 1367
1225 0.001000 1367
1226 0.001000 1367
1227 0.001000 1367
1228 0.001000 1367
1229 0.001000 1367
1230 0.001000 1367
1231 0.001000 1367
1232 0.001000 1367
1233 0.001000 1367
1234 0.001000 1367
1235 0.001000 1367
1236 0.001000 1367
1237 0.001000 1367
1238 0.001000 1367
1239 0.001000 1367
1240 0.001000 1367
1241 0.001000 1367
1242 0.001000 1367
1243 0.001000 1367
1244 0.001000 1367
1245 0.001000 1367
1246 0.001000 1367
1247 0.001000 1367
1248 0.001000 1367
1249 0.001000 1367
1250 0.001000 1367
1251 0.001000 1367
1252 0.001000 1367
1253 0.001000 1367
1254 0.001000 1367
1255 0.001000 1367
1256 0.001000 1367
1257 0.001000 1367
1258 0.001000 1367
1259 0.001000 1367
1260 0.001000 1367
1261 0.001000 1367
1262 0.001000 1367
1263 0.001000 1367
1264 0.001000 1367
1265 0.001000 1367
1266 0.001000 1367
1267 0.001000 1367
1268 0.001000 1367
1269 0.001000 1367
1270 0.001000 1367
1271 0.001000 1367
1272 0.001000 1367
1273 0.001000 1367
1274 0.001000 1367
1275 0.001000 1367
1276 0.001000 1367
1277 0.001000 1367
1278 0.001000 1367
1279 0.001000 1367
1280 0.001000 1367
1281 0.001000 1367
1282 0.001000 1367
1283 0.001000 1367
1284 0.001000 1367
1285 0.001000 1367
1286 0.001000 1367
1287 0.001000 1367
1288 0.001000 1367
1289 0.001000 1367
1290 0.001000 1367
1291 0.001000 1367
1292 0.001000 1367
1293 0.001000 1367
1294 0.001000 1367
1295 0.001000 1367
1296 0.001000 1367
1297 0.001000 1367
1298 0.001000 1367
1299 0.001000 1367
1300 0.001000 1367
1301 0.001000 1367
1302 0.001000 1367
1303 0.001000 1367
1304 0.001000 1367
1305 0.001000 1367
1306 0.001000 1367
1307 0.001000 1367
1308 0.001000 1367
1309 0.001000 1367
1310 0.001000 1367
1311 0.001000 1367
1312 0.001000 1367
1313 0.001000 1367
1314 0.001000 1367
1315 0.001000 1367
1316 0.001000 1367
1317 0.001000 1367
1318 0.001000 1367
1319 0.001000 1367
1320 0.001000 1367
1321 0.001000 1367
1322 0.001000 1367
1323 0.001000 1367
1324 0.001000 1367
1325 0.001000 1367
1326 0.001000 1367
1327 0.001000 1367
1328 0.001000 1367
1329 0.001000 1367
1330 0.001000 1367
1331 0.001000 1367
1332 0.001000 1367
1333 0.001000 1367
1334 0.001000 1367
1335 0.001000 1367
1336 0.001000 1367
1337 0.001000 1367
1338 0.001000 1367
1339 0.001000 1367
1340 0.001000 1367
1341 0.001000 1367
1342 0.001000 1367
1343 0.001000 1367
1344 0.001000 1367
1345 0.001000 1367
1346 0.001000 1367
1347 0.001000 1367
1348 0.001000 1367
1349 0.001000 1367
1350 0.001000 1367
1351 0.001000 1367
1352 0.001000 1367
1353 0.001000 1367
1354 0.001000 1367
1355 0.001000 1367
1356 0.001000 1367
1357 0.001000 1367
1358 0.001000 1367
1359 0.001000 1367
1360 0.001000 1367
1361 0.001000 1367
1362 0.001000 1367
1363 0.001000 1367
1364 0.001000 1367
1365 0.001000 1367
1366 0.001000 1367
1367 0.001000 1367
1368 0.001000 1367
1369 0.001000 1367
1370 0.001000 1367
1371 0.001000 1367
1372 0.001000 1367
1373 0.001000 1367
1374 0.001000 1367
1375 0.001000 1367
1376 0.001000 1367
1377 0.001000 1367
1378 0.001000 1367
1379 0.001000 1367
1380 0.001000 1367
1381 0.001000 1367
1382 0.001000 1367
1383 0.001000 1367
1384 0.001000 1367
1385 0.001000 1367
1386 0.001000 1367
1387 0.001000 1367
1388 0.001000 1367
1389 0.001000 1367
1390 0.001000 1367
1391 0.001000 1367
1392 0.001000 1367
1393 0.001000 1367
1394 0.001000 1367
1395 0.001000 1367
1396 0.001000 1367
1397 0.001000 1367
1398 0.001000 1367
1399 0.001000 1367
1400 0.001000 1367
1401 0.001000 1367
1402 0.001000 1367
1403 0.001000 1367
1404 0.001000 1367
1405 0.001000 1367
1406 0.001000 1367
1407 0.001000 1367
1408 0.001000 1367
1409 0.001000 1367
1410 0.001000 1367
1411 0.001000 1367
1412 0.001000 1367
1413 0.001000 1367
1414 0.001000 1367
1415 0.001000 1367
1416 0.001000 1367
1417 0.001000 1367
1418 0.001000 1367
1419 0.001000 1367
1420 0.001000 1367
1421 0.001000 1367
1422 0.001000 1367
1423 0.001000 1367
1424 0.001000 1367
1425 0.001000 1367
1426 0.001000 1367
1427 0.001000 1367
1428 0.001000 1367
1429 0.001000 1367
1430 0.001000 1367
1431 0.001000 1367
1432 0.001000 1367
1433 0.001000 1367
1434 0.001000 1367
1435 0.001000 1367
1436 0.001000 1367
1437 0.001000 1367
1438 0.001000 1367
1439 0.001000 1367
1440 0.001000 1367
1441 0.001000 1367
1442 0.001000 1367
1443 0.001000 1367
1444 0.001000 1367
1445 0.001000 1367
1446 0.001000 1367
1447 0.001000 1367
1448 0.001000 1367
1449 0.001000 1367
1450 0.001000 1367
1451 0.001000 1367
1452 0.001000 1367
1453 0.001000 1367
1454 0.001000 1367
1455 0.001000 1367
1456 0.001000 1367
1457 0.001000 1367
1458 0.001000 1367
1459 0.001000 1367
1460 0.001000 1367
1461 0.001000 1367
1462 0.001000 1367
1463 0.001000 1367
1464 0.001000 1367
1465 0.001000 1367
1466 0.001000 1367
1467 0.001000 1367
1468 0.001000 1367
1469 0.001000 1367
1470 0.001000 1367
1471 0.001000 1367
1472 0.001000 1367
1473 0.001000 1367
1474 0.001000 1367
1475 0.001000 1367
1476 0.001000 1367
1477 0.001000 1367
1478 0.001000 1367
1479 0.001000 1367
1480 0.001000 1367
1481 0.001000 1367
1482 0.001000 1367
1483 0.001000 1367
1484 0.001000 1367
1485 0.001000 1367
1486 0.001000 1367
1487 0.001000 1367
1488 0.001000 1367
1489 0.001000 1367
1490 0.001000 1367
1491 0.001000 1367
1492 0.001000 1367
1493 0.001000 1367
1494 0.001000 1367
1495 0.001000 1367
1496 0.001000 1367
1497 0.001000 1367
1498 0.001000 1367
1499 0.001000 1367
1500 0.001000 1367
1501 0.001000 1367
1502 0.001000 1367
1503 0.001000 1367
1504 0.001000 1367
1505 0.001000 1367
1506 0.001000 1367
1507 0.001000 1367
1508 0.001000 1367
1509 0.001000 1367
1510 0.001000 1367
1511 0.001000 1367
1512 0.001000 1367
1513 0.001000 1367
1514 0.001000 1359
1515 0.001000 1359
1516 0.001000 1359
1517 0.001000 1359
1518 0.001000 1359
1519 0.001000 1359
1520 0.001000 1359
1521 0.001000 1359
1522 0.001000 1359
1523 0.001000 1359
1524 0.001000 1359
1525 0.001000 1359
1526 0.001000 1359
1527 0.001000 1359
1528 0.001000 1359
1529 0.001000 1359
1530 0.001000 1359
1531 0.001000 1359
1532 0.001000 1359
1533 0.001000 1359
1534 0.001000 1359
1535 0.001000 1359
1536 0.001000 1359
1537 0.001000 1359
1538 0.001000 1359
1539 0.001000 1359
1540 0.001000 1359
1541 0.001000 1359
1542 0.001000 1359
1543 0.001000 1359
1544 0.001000 1359
1545 0.001000 1359
1546 0.001000 1359
1547 0.001000 1359
1548 0.001000 1359
1549 0.001000 1359
1550 0.001000 1359
1551 0.001000 1359
1552 0.001000 1359
1553 0.001000 1359
1554 0.001000 1359
1555 0.001000 1359
1556 0.001000 1359
1557 0.001000 1359
1558 0.001000 1359
1559 0.001000 1359
1560 0.001000 1359
1561 0.001000 1359
1562 0.001000 1359
1563 0.001000 1359
1564 0.001000 1359
1565 0.001000 1359
1566 0.001000 1359
1567 0.001000 1359
1568 0.001000 1359
1569 0.001000 1359
1570 0.001000 1359
1571 0.001000 1359
1572 0.001000 1359
1573 0.001000 1359
1574 0.001000 1359
1575 0.001000 1359
1576 0.001000 1359
1577 0.001000 1359
1578 0.001000 1359
1579 0.001000 1359
1580 0.001000 1359
1581 0.001000 1359
1582 0.001000 1359
1583 0.001000 1359
1584 0.001000 1359
1585 0.001000 1359
1586 0.001000 1359
1587 0.001000 1359
1588 0.001000 1359
1589 0.001000 1359
1590 0.001000 1359
1591 0.001000 1359
1592 0.001000 1359
1593 0.001000 1359
1594 0.001000 1359
1595 0.001000 1359
1596 0.001000 1359
1597 0.001000 1359
1598 0.001000 1359
1599 0.001000 1359
1600 0.001000 1359
1601 0.001000 1359
1602 0.001000 1359
1603 0.001000 1359
1604 0.001000 1359
1605 0.001000 1359
1606 0.001000 1359
1607 0.001000 1359
1608 0.001000 1359
1609 0.001000 1359
1610 0.001000 1359
1611 0.001000 1359
1612 0.001000 1359
1613 0.001000 1359
1614 0.001000 1359
1615 0.001000 1359
1616 0.001000 1359
1617 0.001000 1359
1618 0.001000 1359
1619 0.001000 1359
1620 0.001000 1359
1621 0.001000 1359
1622 0.001000 1359
1623 0.001000 1359
1624 0.001000 1359
1625 0.001000 1359
1626 0.001000 1359
1627 0.001000 1359
1628 0.001000 1359
1629 0.001000 1359
1630 0.001000 1359
1631 0.001000 1359
1632 0.001000 1359
1633 0.001000 1359
1634 0.001000 1359
1635 0.001000 1359
1636 0.001000 1359
1637 0.001000 1359
1638 0.001000 1359
1639 0.001000 1359
1640 0.001000 1359
1641 0.001000 1359
1642 0.001000 1359
1643 0.001000 1359
1644 0.001000 1359
1645 0.001000 1359
1646 0.001000 1359
1647 0.001000 1359
1648 0.001000 1359
1649 0.001000 1359
1650 0.001000 1359
1651 0.001000 1359
1652 0.001000 1359
1653 0.001000 1359
1654 0.001000 1359
1655 0.001000 1359
1656 0.001000 1359
1657 0.001000 1359
1658 0.001000 1359
1659 0.001000 1359
1660 0.001000 1359
1661 0.001000 1359
1662 0.001000 1359
1663 0.001000 1359
1664 0.001000 1359
1665 0.001000 1359
1666 0.001000 1359
1667 0.001000 1359
1668 0.001000 1359
1669 0.001000 1359
1670 0.001000 1359
1671 0.001000 1359
1672 0.001000 1359
1673 0.001000 1359
1674 0.001000 1359
1675 0.001000 1359
1676 0.001000 1359
1677 0.001000 1359
1678 0.001000 1359
1679 0.001000 1359
1680 0.001000 1359
1681 0.001000 1359
1682 0.001000 1359
1683 0.001000 1359
1684 0.001000 1359
1685 0.001000 1359
1686 0.001000 1359
1687 0.001000 1359
1688 0.001000 1359
1689 0.001000 1359
1690 0.001000 1359
1691 0.001000 1359
1692 0.001000 1359
1693 0.001000 1359
1694 0.001000 1359
1695 0.001000 1359
1696 0.001000 1359
1697 0.001000 1359
1698 0.001000 1359
1699 0.001000 1359
1700 0.001000 1359
1701 0.001000 1359
1702 0.001000 1359
1703 0.001000 1359
1704 0.001000 1359
1705 0.001000 1359
1706 0.001000 1359
1707 0.001000 1359
1708 0.001000 1359
1709 0.001000 1359
1710 0.001000 1359
1711 0.001000 1359
1712 0.001000 1359
1713 0.001000 1359
1714 0.001000 1359
1715 0.001000 1359
1716 0.001000 1359
1717 0.001000 1359
1718 0.001000 1359
1719 0.001000 1359
1720 0.001000 1359
1721 0.001000 1359
1722 0.001000 1359
1723 0.001000 1359
1724 0.001000 1359
1725 0.001000 1359
1726 0.001000 1359
1727 0.001000 1359
1728 0.001000 1359
1729 0.001000 1359
1730 0.001000 1359
1731 0.001000 1359
1732 0.001000 1359
1733 0.001000 1359
1734 0.001000 1359
1735 0.001000 1359
1736 0.001000 1359
1737 0.001000 1359
1738 0.001000 1359
1739 0.001000 1359
1740 0.001000 1359
1741 0.001000 1359
1742 0.001000 1359
1743 0.001000 1359
1744 0.001000 1359
1745 0.001000 1359
1746 0.001000 1359
1747 0.001000 1359
1748 0.001000 1359
1749 0.001000 1359
1750 0.001000 1359
1751 0.001000 1359
1752 0.001000 1359
1753 0.001000 1359
1754 0.001000 1359
1755 0.001000 1359
1756 0.001000 1359
1757 0.001000 1359
1758 0.001000 1359
1759 0.001000 1359
1760 0.001000 1359
1761 0.001000 1359
1762 0.001000 1359
1763 0.001000 1359
1764 0.001000 1359
1765 0.001000 1359
1766 0.001000 1359
1767 0.001000 1359
1768 0.001000 1359
1769 0.001000 1359
1770 0.001000 1359
1771 0.001000 1359
1772 0.001000 1359
1773 0.001000 1359
1774 0.001000 1359
1775 0.001000 1359
1776 0.001000 1359
1777 0.001000 1359
1778 0.001000 1359
1779 0.001000 1359
1780 0.001000 1359
1781 0.001000 1359
1782 0.001000 1359
1783 0.001000 1359
1784 0.001000 1359
1785 0.001000 1359
1786 0.001000 1359
1787 0.001000 1359
1788 0.001000 1359
1789 0.001000 1359
1790 0.001000 1359
1791 0.001000 1359
1792 0.001000 1359
1793 0.001000 1359
1794 0.001000 1359
1795 0.001000 1359
1796 0.001000 1359
1797 0.001000 1359
1798 0.001000 1359
1799 0.001000 1359
1800 0.001000 1359
1801 0.001000 1359
1802 0.001000 1359
1803 0.001000 1359
1804 0.001000 1359
1805 0.001000 1359
1806 0.001000 1359
1807 0.001000 1359
1808 0.001000 1359
1809 0.001000 1359
1810 0.001000 1359
1811 0.001000 1359
1812 0.001000 1359
1813 0.001000 1359
1814 0.001000 1359
1815 0.001000 1359
1816 0.001000 1359
1817 0.001000 1359
1818 0.001000 1359
1819 0.001000 1359
1820 0.001000 1359
1821 0.001000 1359
1822 0.001000 1359
1823 0.001000 1359
1824 0.001000 1359
1825 0.001000 1359
1826 0.001000 1359
1827 0.001000 1359
1828 0.001000 1359
1829 0.001000 1359
1830 0.001000 1359
1831 0.001000 1359
1832 0.001000 1359
1833 0.001000 1359
1834 0.001000 1359
1835 0.001000 1359
1836 0.001000 1359
1837 0.001000 1359
1838 0.001000 1359
1839 0.001000 1359
1840 0.001000 1359
1841 0.001000 1359
1842 0.001000 1359
1843 0.001000 1359
1844 0.001000 1359
1845 0.001000 1359
1846 0.001000 1359
1847 0.001000 1359
1848 0.001000 1359
1849 0.001000 1359
1850 0.001000 1359
1851 0.001000 1359
1852 0.001000 1359
1853 0.001000 1359
1854 0.001000 1359
1855 0.001000 1359
1856 0.001000 1359
1857 0.001000 1359
1858 0.001000 1359
1859 0.001000 1359
1860 0.001000 1359
1861 0.001000 1359
1862 0.001000 1359
1863 0.001000 1359
1864 0.001000 1359
1865 0.001000 1359
1866 0.001000 1359
1867 0.001000 1359
1868 0.001000 1359
1869 0.001000 1359
1870 0.001000 1359
1871 0.001000 1359
1872 0.001000 1359
1873 0.001000 1359
1874 0.001000 1359
1875 0.001000 1359
1876 0.001000 1359
1877 0.001000 1359
1878 0.001000 1359
1879 0.001000 1359
1880 0.001000 1359
1881 0.001000 1359
1882 0.001000 1359
1883 0.001000 1359
1884 0.001000 1359
1885 0.001000 1359
1886 0.001000 1359
1887 0.001000 1359
1888 0.001000 1359
1889 0.001000 1359
1890 0.001000 1359
1891 0.001000 1359
1892 0.001000 1359
1893 0.001000 1359
1894 0.001000 1359
1895 0.001000 1359
1896 0.001000 1359
1897 0.001000 1359
1898 0.001000 1359
1899 0.001000 1359
1900 0.001000 1359
1901 0.001000 1359
1902 0.001000 1359
1903 0.001000 1359
1904 0.001000 1359
1905 0.001000 1359
1906 0.001000 1359
1907 0.001000 1359
1908 0.001000 1359
1909 0.001000 1359
1910 0.001000 1359
1911 0.001000 1359
1912 0.001000 1359
1913 0.001000 1359
1914 0.001000 1359
1915 0.001000 1359
1916 0.001000 1359
1917 0.001000 1359
1918 0.001000 1359
1919 0.001000 1359
1920 0.001000 1359
1921 0.001000 1359
1922 0.001000 1359
1923 0.001000 1359
1924 0.001000 1359
1925 0.001000 1359
1926 0.001000 1359
1927 0.001000 1359
1928 0.001000 1359
1929 0.001000 1359
1930 0.001000 1359
1931 0.001000 1359
1932 0.001000 1359
1933 0.001000 1359
1934 0.001000 1359
1935 0.001000 1359
1936 0.001000 1359
1937 0.001000 1359
1938 0.001000 1359
1939 0.001000 1359
1940 0.001000 1359
1941 0.001000 1359
1942 0.001000 1359
1943 0.001000 1359
1944 0.001000 1359
1945 0.001000 1359
1946 0.001000 1359
1947 0.001000 1359
1948 0.001000 1359
1949 0.001000 1359
1950 0.001000 1359
1951 0.001000 1359
1952 0.001000 1359
1953 0.001000 1359
1954 0.001000 1359
1955 0.001000 1359
1956 0.001000 1359
1957 0.001000 1359
1958 0.001000 1359
1959 0.001000 1359
1960 0.001000 1359
1961 0.001000 1359
1962 0.001000 1359
1963 0.001000 1359
1964 0.001000 1359
1965 0.001000 1359
1966 0.001000 1359
1967 0.001000 1359
1968 0.001000 1359
1969 0.001000 1359
1970 0.001000 1359
1971 0.001000 1359
1972 0.001000 1359
1973 0.001000 1359
1974 0.001000 1359
1975 0.001000 1359
1976 0.001000 1359
1977 0.001000 1359
1978 0.001000 1359
1979 0.001000 1359
1980 0.001000 1359
1981 0.001000 1359
1982 0.001000 1359
1983 0.001000 1359
1984 0.001000 1359
1985 0.001000 1359
1986 0.001000 1359
1987 0.001000 1359
1988 0.001000 1359
1989 0.001000 1359
1990 0.001000 1359
1991 0.001000 1359
1992 0.001000 1359
1993 0.001000 1359
1994 0.001000 1359
1995 0.001000 1359
1996 0.001000 1359
1997 0.001000 1359
1998 0.001000 1359
1999 0.001000 1359
2000 0.001000 1359
2001 0.001000 1359
2002 0.001000 1359
2003 0.001000 1359
2004 0.001000 1359
2005 0.001000 1359
2006 0.001000 1359
2007 0.001000 1359
2008 0.001000 1359
2009 0.001000 1359
2010 0.001000 1359
2011 0.001000 1359
2012 0.001000 1359
2013 0.001000 1359
2014 0.001000 1359
2015 0.001000 1359
2016 0.001000 1359
2017 0.001000 1359
2018 0.001000 1359
2019 0.001000 1359
2020 0.001000 1359
2021 0.001000 1359
2022 0.001000 1359
2023 0.001000 1359
2024 0.001000 1359
2025 0.001000 1359
2026 0.001000 1359
2027 0.001000 1359
2028 0.001000 1359
2029 0.001000 1359
2030 0.001000 1359
2031 0.001000 1359
2032 0.001000 1359
2033 0.001000 1359
2034 0.001000 1359
2035 0.001000 1359
2036 0.001000 1359
2037 0.001000 1359
2038 0.001000 1359
2039 0.001000 1359
2040 0.001000 1359
2041 0.001000 1359
2042 0.001000 1359
2043 0.001000 1359
2044 0.001000 1359
2045 0.001000 1359
2046 0.001000 1359
2047 0.001000 1359
2048 0.001000 1359
2049 0.001000 1359
2050 0.001000 1359
2051 0.001000 1359
2052 0.001000 1359
2053 0.001000 1359
2054 0.001000 1359
2055 0.001000 1359
2056 0.001000 1359
2057 0.001000 1359
2058 0.001000 1359
2059 0.001000 1359
2060 0.001000 1359
2061 0.001000 1359
2062 0.001000 1359
2063 0.001000 1359
2064 0.001000 1359
2065 0.001000 1359
2066 0.001000 1359
2067 0.001000 1359
2068 0.001000 1359
2069 0.001000 1359
2070 0.001000 1359
2071 0.001000 1359
2072 0.001000 1359
2073 0.001000 1359
2074 0.001000 1359
2075 0.001000 1359
2076 0.001000 1359
2077 0.001000 1359
2078 0.001000 1359
2079 0.001000 1359
2080 0.001000 1359
2081 0.001000 1359
2082 0.001000 1359
2083 0.001000 1359
2084 0.001000 1359
2085 0.001000 1359
2086 0.001000 1359
2087 0.001000 1359
2088 0.001000 1359
2089 0.001000 1359
2090 0.001000 1359
2091 0.001000 1359
2092 0.001000 1359
2093 0.001000 1359
2094 0.001000 1359
2095 0.001000 1359
2096 0.001000 1359
2097 0.001000 1359
2098 0.001000 1359
2099 0.001000 1359
2100 0.001000 1359
2101 0.001000 1359
2102 0.001000 1359
2103 0.001000 1359
2104 0.001000 1359
2105 0.001000 1359
2106 0.001000 1359
2107 0.001000 1359
2108 0.001000 1359
2109 0.001000 1359
2110 0.001000 1359
2111 0.001000 1359
2112 0.001000 1359
2113 0.001000 1359
2114 0.001000 1359
2115 0.001000 1359
2116 0.001000 1359
2117 0.001000 1359
2118 0.001000 1359
2119 0.001000 1359
2120 0.001000 1359
2121 0.001000 1359
2122 0.001000 1359
2123 0.001000 1359
2124 0.001000 1359
2125 0.001000 1359
2126 0.001000 1359
2127 0.001000 1359
2128 0.001000 1359
2129 0.001000 1359
2130 0.001000 1359
2131 0.001000 1359
2132 0.001000 1359
2133 0.001000 1359
2134 0.001000 1359
2135 0.001000 1359
2136 0.001000 1359
2137 0.001000 1359
2138 0.001000 1359
2139 0.001000 1359
2140 0.001000 1359
2141 0.001000 1359
2142 0.001000 1359
2143 0.001000 1359
2144 0.001000 1359
2145 0.001000 1359
2146 0.001000 1359
2147 0.001000 1359
2148 0.001000 1359
2149 0.001000 1359
2150 0.001000 1359
2151 0.001000 1359
2152 0.001000 1359
2153 0.001000 1359
2154 0.001000 1359
2155 0.001000 1359
2156 0.001000 1359
2157 0.001000 1359
2158 0.001000 1359
2159 0.001000 1359
2160 0.001000 1359
2161 0.001000 1359
2162 0.001000 1359
2163 0.001000 1359
2164 0.001000 1359
2165 0.001000 1359
2166 0.001000 1359
2167 0.001000 1359
2168 0.001000 1359
2169 0.001000 1359
2170 0.001000 1359
2171 0.001000 1359
2172 0.001000 1359
2173 0.001000 1359
2174 0.001000 1359
2175 0.001000 1359
2176 0.001000 1359
2177 0.001000 1359
2178 0.001000 1359
2179 0.001000 1359
2180 0.001000 1359
2181 0.001000 1359
2182 0.001000 1359
2183 0.001000 1359
2184 0.001000 1359
2185 0.001000 1359
2186 0.001000 1359
2187 0.001000 1359
2188 0.001000 1359
2189 0.001000 1359
2190 0.001000 1359
2191 0.001000 1359
2192 0.001000 1359
2193 0.001000 1359
2194 0.001000 1359
2195 0.001000 1359
2196 0.001000 1359
2197 0.001000 1359
2198 0.001000 1359
2199 0.001000 1359
2200 0.001000 1359
2201 0.001000 1359
2202 0.001000 1359
2203 0.001000 1359
2204 0.001000 1359
2205 0.001000 1359
2206 0.001000 1359
2207 0.001000 1359
2208 0.001000 1359
2209 0.001000 1359
2210 0.001000 1359
2211 0.001000 1359
2212 0.001000 1359
2213 0.001000 1359
2214 0.001000 1359
2215 0.001000 1359
2216 0.001000 1359
2217 0.001000 1359
2218 0.001000 1359
2219 0.001000 1359
2220 0.001000 1359
2221 0.001000 1359
2222 0.001000 1359
2223 0.001000 1359
2224 0.001000 1359
2225 0.001000 1359
2226 0.001000 1359
2227 0.001000 1359
2228 0.001000 1359
2229 0.001000 1359
2230 0.001000 1359
2231 0.001000 1359
2232 0.001000 1359
2233 0.001000 1359
2234 0.001000 1359
2235 0.001000 1359
2236 0.001000 1359
2237 0.001000 1359
2238 0.001000 1359
2239 0.001000 1359
2240 0.001000 1359
2241 0.001000 1359
2242 0.001000 1359
2243 0.001000 1359
2244 0.001000 1359
2245 0.001000 1359
2246 0.001000 1359
2247 0.001000 1359
2248 0.001000 1359
2249 0.001000 1359
2250 0.001000 1359
2251 0.001000 1359
2252 0.001000 1359
2253 0.001000 1359
2254 0.001000 1359
2255 0.001000 1359
2256 0.001000 1359
2257 0.001000 1359
2258 0.001000 1359
2259 0.001000 1359
2260 0.001000 1359
2261 0.001000 1359
2262 0.001000 1359
2263 0.001000 1359
2264 0.001000 1359
2265 0.001000 1359
2266 0.001000 1359
2267 0.001000 1359
2268 0.001000 1359
2269 0.001000 1359
2270 0.001000 1359
2271 0.001000 1359
2272 0.001000 1359
2273 0.001000 1359
2274 0.001000 1359
2275 0.001000 1359
2276 0.001000 1359
2277 0.001000 1359
2278 0.001000 1359
2279 0.001000 1359
2280 0.001000 1359
2281 0.001000 1359
2282 0.001000 1359
2283 0.001000 1359
2284 0.001000 1359
2285 0.001000 1359
2286 0.001000 1359
2287 0.001000 1359
2288 0.001000 1359
2289 0.001000 1359
2290 0.001000 1359
2291 0.001000 1359
2292 0.001000 1359
2293 0.001000 1359
2294 0.001000 1359
2295 0.001000 1359
2296 0.001000 1359
2297 0.001000 1359
2298 0.001000 1359
2299 0.001000 1359
2300 0.001000 1359
2301 0.001000 1359
2302 0.001000 1359
2303 0.001000 1359
2304 0.001000 1359
2305 0.001000 1359
2306 0.001000 1359
2307 0.001000 1359
2308 0.001000 1359
2309 0.001000 1359
2310 0.001000 1359
2311 0.001000 1359
2312 0.001000 1359
2313 0.001000 1359
2314 0.001000 1359
2315 0.001000 1359
2316 0.001000 1359
2317 0.001000 1359
2318 0.001000 1359
2319 0.001000 1359
2320 0.001000 1359
2321 0.001000 1359
2322 0.001000 1359
2323 0.001000 1359
2324 0.001000 1359
2325 0.001000 1359
2326 0.001000 1359
2327 0.001000 1359
2328 0.001000 1359
2329 0.001000 1359
2330 0.001000 1359
2331 0.001000 1359
2332 0.001000 1359
2333 0.001000 1359
2334 0.001000 1359
2335 0.001000 1359
2336 0.001000 1359
2337 0.001000 1359
2338 0.001000 1359
2339 0.001000 1359
2340 0.001000 1359
2341 0.001000 1359
2342 0.001000 1359
2343 0.001000 1359
2344 0.001000 1359
2345 0.001000 1359
2346 0.001000 1359
2347 0.001000 1359
2348 0.001000 1359
2349 0.001000 1359
2350 0.001000 1359
2351 0.001000 1359
2352 0.001000 1359
2353 0.001000 1359
2354 0.001000 1359
2355 0.001000 1359
2356 0.001000 1359
2357 0.001000 1359
2358 0.001000 1359
2359 0.001000 1359
2360 0.001000 1359
2361 0.001000 1359
2362 0.001000 1359
2363 0.001000 1359
2364 0.001000 1359
2365 0.001000 1359
2366 0.001000 1359
2367 0.001000 1359
2368 0.001000 1359
2369 0.001000 1359
2370 0.001000 1359
2371 0.001000 1359
2372 0.001000 1359
2373 0.001000 1359
2374 0.001000 1359
2375 0.001000 1359
2376 0.001000 1359
2377 0.001000 1359
2378 0.001000 1359
2379 0.001000 1359
2380 0.001000 1359
2381 0.001000 1359
2382 0.001000 1359
2383 0.001000 1359
2384 0.001000 1359
2385 0.001000 1359
2386 0.001000 1359
2387 0.001000 1359
2388 0.001000 1359
2389 0.001000 1359
2390 0.001000 1359
2391 0.001000 1359
2392 0.001000 1359
2393 0.001000 1359
2394 0.001000 1359
2395 0.001000 1359
2396 0.001000 1359
2397 0.001000 1359
2398 0.001000 1359
2399 0.001000 1359
2400 0.001000 1359
2401 0.001000 1359
2402 0.001000 1359
2403 0.001000 1359
2404 0.001000 1359
2405 0.001000 1359
2406 0.001000 1359
2407 0.001000 1359
2408 0.001000 1359
2409 0.001000 1359
2410 0.001000 1359
2411 0.001000 1359
2412 0.001000 1359
2413 0.001000 1359
2414 0.001000 1359
2415 0.001000 1359
2416 0.001000 1359
2417 0.001000 1359
2418 0.001000 1359
2419 0.001000 1359
2420 0.001000 1359
2421 0.001000 1359
2422 0.001000 1359
2423 0.001000 1359
2424 0.001000 1359
2425 0.001000 1359
2426 0.001000 1359
2427 0.001000 1359
2428 0.001000 1359
2429 0.001000 1359
2430 0.001000 1359
2431 0.001000 1359
2432 0.001000 1359
2433 0.001000 1359
2434 0.001000 1359
2435 0.001000 1359
2436 0.001000 1359
2437 0.001000 1359
2438 0.001000 1359
2439 0.001000 1359
2440 0.001000 1359
2441 0.001000 1359
2442 0.001000 1359
2443 0.001000 1359
2444 0.001000 1359
2445 0.001000 1359
2446 0.001000 1359
2447 0.001000 1359
2448 0.001000 1359
2449 0.001000 1359
2450 0.001000 1359
2451 0.001000 1359
2452 0.001000 1359
2453 0.001000 1359
2454 0.001000 1359
2455 0.001000 1359
2456 0.001000 1359
2457 0.001000 1359
2458 0.001000 1359
2459 0.001000 1359
2460 0.001000 1359
2461 0.001000 1359
2462 0.001000 1359
2463 0.001000 1359
2464 0.001000 1359
2465 0.001000 1359
2466 0.001000 1359
2467 0.001000 1359
2468 0.001000 1359
2469 0.001000 1359
2470 0.001000 1359
2471 0.001000 1359
2472 0.001000 1359
2473 0.001000 1359
2474 0.001000 1359
2475 0.001000 1359
2476 0.001000 1359
2477 0.001000 1359
2478 0.001000 1359
2479 0.001000 1359
2480 0.001000 1359
2481 0.001000 1359
2482 0.001000 1359
2483 0.001000 1359
2484 0.001000 1359
2485 0.001000 1359
2486 0.001000 1359
2487 0.001000 1359
2488 0.001000 1359
2489 0.001000 1359
2490 0.001000 1359
2491 0.001000 1359
2492 0.001000 1359
2493 0.001000 1359
2494 0.001000 1359
2495 0.001000 1359
2496 0.001000 1359
2497 0.001000 1359
2498 0.001000 1359
2499 0.001000 1359
2500 0.001000 1359
2501 0.001000 1359
2502 0.001000 1359
2503 0.001000 1359
2504 0.001000 1359
2505 0.001000 1359
2506 0.001000 1359
2507 0.001000 1359
2508 0.001000 1359
2509 0.001000 1359
2510 0.001000 1359
2511 0.001000 1359
2512 0.001000 1359
2513 0.001000 1359
2514 0.001000 1359
2515 0.001000 1359
2516 0.001000 1359
2517 0.001000 1359
2518 0.001000 1359
2519 0.001000 1359
2520 0.001000 1359
2521 0.001000 1359
2522 0.001000 1359
2523 0.001000 1359
2524 0.001000 1359
2525 0.001000 1359
2526 0.001000 1359
2527 0.001000 1359
2528 0.001000 1359
2529 0.001000 1359
2530 0.001000 1359
2531 0.001000 1359
2532 0.001000 1359
2533 0.001000 1359
2534 0.001000 1359
2535 0.001000 1359
2536 0.001000 1359
2537 0.001000 1359
2538 0.001000 1359
2539 0.001000 1359
2540 0.001000 1359
2541 0.001000 1359
2542 0.001000 1359
2543 0.001000 1359
2544 0.001000 1359
2545 0.001000 1359
2546 0.001000 1359
2547 0.001000 1359
2548 0.001000 1359
2549 0.001000 1359
2550 0.001000 1359
2551 0.001000 1359
2552 0.001000 1359
2553 0.001000 1359
2554 0.001000 1359
2555 0.001000 1359
2556 0.001000 1359
2557 0.001000 1359
2558 0.001000 1359
2559 0.001000 1359
2560 0.001000 1359
2561 0.001000 1359
2562 0.001000 1359
2563 0.001000 1359
2564 0.001000 1359
2565 0.001000 1359
2566 0.001000 1359
2567 0.001000 1359
2568 0.001000 1359
2569 0.001000 1359
2570 0.001000 1359
2571 0.001000 1359
2572 0.001000 1359
2573 0.001000 1359
2574 0.001000 1359
2575 0.001000 1359
2576 0.001000 1359
2577 0.001000 1359
2578 0.001000 1359
2579 0.001000 1359
2580 0.001000 1359
2581 0.001000 1359
2582 0.001000 1359
2583 0.001000 1359
2584 0.001000 1359
2585 0.001000 1359
2586 0.001000 1359
2587 0.001000 1359
2588 0.001000 1359
2589 0.001000 1359
2590 0.001000 1359
2591 0.001000 1359
2592 0.001000 1359
2593 0.001000 1359
2594 0.001000 1359
2595 0.001000 1359
2596 0.001000 1359
2597 0.001000 1359
2598 0.001000 1359
2599 0.001000 1359
2600 0.001000 1359
2601 0.001000 1359
2602 0.001000 1359
2603 0.001000 1359
2604 0.001000 1359
2605 0.001000 1359
2606 0.001000 1359
2607 0.001000 1359
2608 0.001000 1359
2609 0.001000 1359
2610 0.001000 1359
2611 0.001000 1359
2612 0.001000 1359
2613 0.001000 1359
2614 0.001000 1359
2615 0.001000 1359
2616 0.001000 1359
2617 0.001000 1359
2618 0.001000 1359
2619 0.001000 1359
2620 0.001000 1359
2621 0.001000 1359
2622 0.001000 1359
2623 0.001000 1359
2624 0.001000 1359
2625 0.001000 1359
2626 0.001000 1359
2627 0.001000 1359
2628 0.001000 1359
2629 0.001000 1359
2630 0.001000 1359
2631 0.001000 1359
2632 0.001000 1359
2633 0.001000 1359
2634 0.001000 1359
2635 0.001000 1359
2636 0.001000 1359
2637 0.001000 1359
2638 0.001000 1359
2639 0.001000 1359
2640 0.001000 1359
2641 0.001000 1359
2642 0.001000 1359
2643 0.001000 1359
2644 0.001000 1359
2645 0.001000 1359
2646 0.001000 1359
2647 0.001000 1359
2648 0.001000 1359
2649 0.001000 1359
2650 0.001000 1359
2651 0.001000 1359
2652 0.001000 1359
2653 0.001000 1359
2654 0.001000 1359
2655 0.001000 1359
2656 0.001000 1359
2657 0.001000 1359
2658 0.001000 1359
2659 0.001000 1359
2660 0.001000 1359
2661 0.001000 1359
2662 0.001000 1359
2663 0.001000 1359
2664 0.001000 1359
2665 0.001000 1359
2666 0.001000 1359
2667 0.001000 1359
2668 0.001000 1359
2669 0.001000 1359
2670 0.001000 1359
2671 0.001000 1359
2672 0.001000 1359
2673 0.001000 1359
2674 0.001000 1359
2675 0.001000 1359
2676 0.001000 1359
2677 0.001000 1359
2678 0.001000 1359
2679 0.001000 1359
2680 0.001000 1359
2681 0.001000 1359
2682 0.001000 1359
2683 0.001000 1359
2684 0.001000 1359
2685 0.001000 1359
2686 0.001000 1359
2687 0.001000 1359
2688 0.001000 1359
2689 0.001000 1359
2690 0.001000 1359
2691 0.001000 1359
2692 0.001000 1359
2693 0.001000 1359
2694 0.001000 1359
2695 0.001000 1359
2696 0.001000 1359
2697 0.001000 1359
2698 0.001000 1359
2699 0.001000 1359
2700 0.001000 1359
2701 0.001000 1359
2702 0.001000 1359
2703 0.001000 1359
2704 0.001000 1359
2705 0.001000 1359
2706 0.001000 1359
2707 0.001000 1359
2708 0.001000 1359
2709 0.001000 1359
2710 0.001000 1359
2711 0.001000 1359
2712 0.001000 1359
2713 0.001000 1359
2714 0.001000 1359
2715 0.001000 1359
2716 0.001000 1359
2717 0.001000 1359
2718 0.001000 1359
2719 0.001000 1359
2720 0.001000 1359
2721 0.001000 1359
2722 0.001000 1359
2723 0.001000 1359
2724 0.001000 1359
2725 0.001000 1359
2726 0.001000 1359
2727 0.001000 1359
2728 0.001000 1359
2729 0.001000 1359
2730 0.001000 1359
2731 0.001000 1359
2732 0.001000 1359
2733 0.001000 1359
2734 0.001000 1359
2735 0.001000 1359
2736 0.001000 1359
2737 0.001000 1359
2738 0.001000 1359
2739 0.001000 1359
2740 0.001000 1359
2741 0.001000 1359
2742 0.001000 1359
2743 0.001000 1359
2744 0.001000 1359
2745 0.001000 1359
2746 0.001000 1359
2747 0.001000 1359
2748 0.001000 1359
2749 0.001000 1359
2750 0.001000 1359
2751 0.001000 1359
2752 0.001000 1359
2753 0.001000 1359
2754 0.001000 1359
2755 0.001000 1359
2756 0.001000 1359
2757 0.001000 1359
2758 0.001000 1359
2759 0.001000 1359
2760 0.001000 1359
2761 0.001000 1359
2762 0.001000 1359
2763 0.001000 1359
2764 0.001000 1359
2765 0.001000 1359
2766 0.001000 1359
2767 0.001000 1359
2768 0.001000 1359
2769 0.001000 1359
2770 0.001000 1359
2771 0.001000 1359
2772 0.001000 1359
2773 0.001000 1359
2774 0.001000 1359
2775 0.001000 1359
2776 0.001000 1359
2777 0.001000 1359
2778 0.001000 1359
2779 0.001000 1359
2780 0.001000 1359
2781 0.001000 1359
2782 0.001000 1359
2783 0.001000 1359
2784 0.001000 1359
2785 0.001000 1359
2786 0.001000 1359
2787 0.001000 1359
2788 0.001000 1359
2789 0.001000 1359
2790 0.001000 1359
2791 0.001000 1359
2792 0.001000 1359
2793 0.001000 1359
2794 0.001000 1359
2795 0.001000 1359
2796 0.001000 1359
2797 0.001000 1359
2798 0.001000 1359
2799 0.001000 1359
2800 0.001000 1359
2801 0.001000 1359
2802 0.001000 1359
2803 0.001000 1359
2804 0.001000 1359
2805 0.001000 1359
2806 0.001000 1359
2807 0.001000 1359
2808 0.001000 1359
2809 0.001000 1359
2810 0.001000 1359
2811 0.001000 1359
2812 0.001000 1359
2813 0.001000 1359
2814 0.001000 1359
2815 0.001000 1359
2816 0.001000 1359
2817 0.001000 1359
2818 0.001000 1359
2819 0.001000 1359
2820 0.001000 1359
2821 0.001000 1359
2822 0.001000 1359
2823 0.001000 1359
2824 0.001000 1359
2825 0.001000 1359
2826 0.001000 1359
2827 0.001000 1359
2828 0.001000 1359
2829 0.001000 1359
2830 0.001000 1359
2831 0.001000 1359
2832 0.001000 1359
2833 0.001000 1359
2834 0.001000 1359
2835 0.001000 1359
2836 0.001000 1359
2837 0.001000 1359
2838 0.001000 1359
2839 0.001000 1359
2840 0.001000 1359
2841 0.001000 1359
2842 0.001000 1359
2843 0.001000 1359
2844 0.001000 1359
2845 0.001000 1359
2846 0.001000 1359
2847 0.001000 1359
2848 0.001000 1359
2849 0.001000 1359
2850 0.001000 1359
2851 0.001000 1359
2852 0.001000 1359
2853 0.001000 1359
2854 0.001000 1359
2855 0.001000 1359
2856 0.001000 1359
2857 0.001000 1359
2858 0.001000 1359
2859 0.001000 1359
2860 0.001000 1359
2861 0.001000 1359
2862 0.001000 1359
2863 0.001000 1359
2864 0.001000 1359
2865 0.001000 1359
2866 0.001000 1359
2867 0.001000 1359
2868 0.001000 1359
2869 0.001000 1359
2870 0.001000 1359
2871 0.001000 1359
2872 0.001000 1359
2873 0.002000 1359
2874 0.002000 1359
2875 0.002000 1359
2876 0.002000 1359
2877 0.002000 1359
2878 0.002000 1359
2879 0.002000 1359
2880 0.002000 1359
2881 0.002000 1359
2882 0.002000 1359
2883 0.002000 1359
2884 0.002000 1359
2885 0.002000 1359
2886 0.002000 1359
2887 0.002000 1359
2888 0.002000 1359
2889 0.002000 1359
2890 0.002000 1359
2891 0.002000 1359
2892 0.002000 1359
2893 0.002000 1359
2894 0.002000 1359
2895 0.002000 1359
2896 0.002000 1359
2897 0.002000 1359
2898 0.002000 1359
2899 0.002000 1359
2900 0.002000 1359
2901 0.002000 1359
2902 0.002000 1359
2903 0.002000 1359
2904 0.002000 1359
2905 0.002000 1359
2906 0.002000 1359
2907 0.002000 1359
2908 0.002000 1359
2909 0.002000 1359
2910 0.002000 1359
2911 0.002000 1359
2912 0.002000 1359
2913 0.002000 1359
2914 0.002000 1359
2915 0.002000 1359
2916 0.002000 1359
2917 0.002000 1359
2918 0.002000 1359
2919 0.002000 1359
2920 0.002000 1359
2921 0.002000 1359
2922 0.002000 1359
2923 0.002000 1359
2924 0.002000 1359
2925 0.002000 1359
2926 0.002000 1359
2927 0.002000 1359
2928 0.002000 1359
2929 0.002000 1359
2930 0.002000 1359
2931 0.002000 1359
2932 0.002000 1359
2933 0.002000 1359
2934 0.002000 1359
2935 0.002000 1359
2936 0.002000 1359
2937 0.002000 1359
2938 0.002000 1359
2939 0.002000 1359
2940 0.002000 1359
2941 0.002000 1359
2942 0.002000 1359
2943 0.002000 1359
2944 0.002000 1359
2945 0.002000 1359
2946 0.002000 1359
2947 0.002000 1359
2948 0.002000 1359
2949 0.002000 1359
2950 0.002000 1359
2951 0.002000 1359
2952 0.002000 1359
2953 0.002000 1359
2954 0.002000 1359
2955 0.002000 1359
2956 0.002000 1359
2957 0.002000 1359
2958 0.002000 1359
2959 0.002000 1359
2960 0.002000 1359
2961 0.002000 1359
2962 0.002000 1359
2963 0.002000 1359
2964 0.002000 1359
2965 0.002000 1359
2966 0.002000 1359
2967 0.002000 1359
2968 0.002000 1359
2969 0.002000 1359
2970 0.002000 1359
2971 0.002000 1359
2972 0.002000 1359
2973 0.002000 1359
2974 0.002000 1359
2975 0.002000 1359
2976 0.002000 1359
2977 0.002000 1359
2978 0.002000 1359
2979 0.002000 1359
2980 0.002000 1359
2981 0.002000 1359
2982 0.002000 1359
2983 0.002000 1359
2984 0.002000 1359
2985 0.002000 1359
2986 0.002000 1359
2987 0.002000 1359
2988 0.002000 1359
2989 0.002000 1359
2990 0.002000 1359
2991 0.002000 1359
2992 0.002000 1359
2993 0.002000 1359
2994 0.002000 1359
2995 0.002000 1359
2996 0.002000 1359
2997 0.002000 1359
2998 0.002000 1359
2999 0.002000 1359
3000 0.002000 1359
# Final Best Cost: 1359
