# first_value: 1782
# Instance: eil51.tsp
# Method: random-search
# output: time cost
0 1782
1 0.000000 1782
2 0.000000 1665
3 0.000000 1665
4 0.000000 1665
5 0.000000 1665
6 0.000000 1637
7 0.000000 1637
8 0.000000 1637
9 0.000000 1576
10 0.000000 1576
11 0.000000 1576
12 0.000000 1576
13 0.000000 1576
14 0.000000 1534
15 0.000000 1534
16 0.000000 1534
17 0.000000 1497
18 0.000000 1497
19 0.000000 1497
20 0.000000 1497
21 0.000000 1497
22 0.000000 1497
23 0.000000 1497
24 0.000000 1483
25 0.000000 1483
26 0.000000 1483
27 0.000000 1483
28 0.000000 1483
29 0.000000 1483
30 0.000000 1483
31 0.000000 1483
32 0.000000 1483
33 0.000000 1483
34 0.000000 1483
35 0.000000 1483
36 0.000000 1483
37 0.000000 1483
38 0.000000 1483
39 0.000000 1483
40 0.000000 1483
41 0.000000 1483
42 0.000000 1483
43 0.000000 1483
44 0.000000 1483
45 0.000000 1483
46 0.000000 1483
47 0.000000 1483
48 0.000000 1483
49 0.000000 1483
50 0.000000 1483
51 0.000000 1483
52 0.000000 1483
53 0.000000 1467
54 0.000000 1467
55 0.000000 1467
56 0.000000 1467
57 0.000000 1467
58 0.000000 1467
59 0.000000 1467
60 0.000000 1467
61 0.000000 1467
62 0.000000 1467
63 0.000000 1467
64 0.000000 1467
65 0.000000 1467
66 0.000000 1467
67 0.000000 1467
68 0.000000 1467
69 0.000000 1467
70 0.000000 1467
71 0.000000 1467
72 0.000000 1467
73 0.000000 1467
74 0.000000 1467
75 0.000000 1467
76 0.000000 1467
77 0.000000 1467
78 0.000000 1467
79 0.000000 1467
80 0.000000 1467
81 0.000000 1467
82 0.000000 1467
83 0.000000 1467
84 0.000000 1467
85 0.000000 1467
86 0.000000 1467
87 0.000000 1467
88 0.000000 1467
89 0.000000 1467
90 0.000000 1467
91 0.000000 1467
92 0.000000 1467
93 0.000000 1467
94 0.000000 1467
95 0.000000 1467
96 0.000000 1467
97 0.000000 1467
98 0.000000 1467
99 0.000000 1467
100 0.000000 1467
101 0.000000 1467
102 0.000000 1467
103 0.000000 1467
104 0.000000 1467
105 0.000000 1467
106 0.000000 1467
107 0.000000 1467
108 0.000000 1467
109 0.000000 1467
110 0.000000 1467
111 0.000000 1467
112 0.000000 1467
113 0.000000 1467
114 0.000000 1467
115 0.000000 1467
116 0.000000 1467
117 0.000000 1467
118 0.000000 1467
119 0.000000 1467
120 0.000000 1467
121 0.000000 1467
122 0.000000 1467
123 0.000000 1467
124 0.000000 1467
125 0.000000 1467
126 0.000000 1467
127 0.000000 1467
128 0.000000 1467
129 0.000000 1467
130 0.000000 1467
131 0.000000 1467
132 0.000000 1467
133 0.000000 1462
134 0.000000 1462
135 0.000000 1462
136 0.000000 1462
137 0.000000 1462
138 0.000000 1462
139 0.000000 1462
140 0.000000 1462
141 0.000000 1462
142 0.000000 1462
143 0.000000 1462
144 0.000000 1462
145 0.000000 1462
146 0.000000 1462
147 0.000000 1462
148 0.000000 1462
149 0.000000 1462
150 0.000000 1462
151 0.000000 1462
152 0.000000 1462
153 0.000000 1462
154 0.000000 1462
155 0.000000 1462
156 0.000000 1462
157 0.000000 1462
158 0.000000 1462
159 0.000000 1462
160 0.000000 1462
161 0.000000 1462
162 0.000000 1462
163 0.000000 1462
164 0.000000 1462
165 0.000000 1462
166 0.000000 1462
167 0.000000 1462
168 0.000000 1462
169 0.000000 1462
170 0.000000 1462
171 0.000000 1462
172 0.000000 1448
173 0.000000 1448
174 0.000000 1448
175 0.000000 1448
176 0.000000 1448
177 0.000000 1448
178 0.000000 1448
179 0.000000 1448
180 0.000000 1448
181 0.000000 1448
182 0.000000 1448
183 0.000000 1448
184 0.000000 1448
185 0.000000 1448
186 0.000000 1448
187 0.000000 1448
188 0.000000 1448
189 0.000000 1448
190 0.000000 1448
191 0.000000 1448
192 0.000000 1448
193 0.000000 1448
194 0.000000 1448
195 0.000000 1448
196 0.000000 1448
197 0.000000 1448
198 0.000000 1448
199 0.000000 1448
200 0.000000 1448
201 0.000000 1448
202 0.000000 1448
203 0.000000 1448
204 0.000000 1448
205 0.000000 1448
206 0.000000 1448
207 0.000000 1448
208 0.000000 1448
209 0.000000 1448
210 0.000000 1448
211 0.000000 1448
212 0.000000 1448
213 0.000000 1448
214 0.000000 1448
215 0.000000 1448
216 0.000000 1448
217 0.000000 1448
218 0.000000 1448
219 0.000000 1448
220 0.000000 1448
221 0.000000 1448
222 0.000000 1448
223 0.000000 1448
224 0.000000 1448
225 0.000000 1448
226 0.000000 1448
227 0.000000 1448
228 0.000000 1448
229 0.000000 1448
230 0.000000 1448
231 0.000000 1448
232 0.000000 1448
233 0.000000 1448
234 0.000000 1448
235 0.000000 1448
236 0.000000 1448
237 0.000000 1448
238 0.000000 1448
239 0.000000 1448
240 0.000000 1448
241 0.000000 1448
242 0.000000 1448
243 0.000000 1448
244 0.000000 1448
245 0.000000 1448
246 0.000000 1448
247 0.000000 1448
248 0.000000 1448
249 0.000000 1448
250 0.000000 1448
251 0.000000 1448
252 0.000000 1448
253 0.000000 1448
254 0.000000 1448
255 0.000000 1448
256 0.000000 1448
257 0.000000 1448
258 0.000000 1448
259 0.000000 1448
260 0.000000 1448
261 0.000000 1448
262 0.000000 1448
263 0.000000 1448
264 0.000000 1448
265 0.000000 1448
266 0.000000 1448
267 0.000000 1448
268 0.000000 1448
269 0.000000 1448
270 0.000000 1448
271 0.000000 1448
272 0.000000 1448
273 0.000000 1448
274 0.000000 1448
275 0.000000 1448
276 0.000000 1448
277 0.000000 1448
278 0.000000 1448
279 0.000000 1448
280 0.000000 1448
281 0.000000 1448
282 0.000000 1448
283 0.000000 1448
284 0.000000 1448
285 0.000000 1448
286 0.000000 1448
287 0.000000 1448
288 0.000000 1448
289 0.000000 1448
290 0.000000 1448
291 0.000000 1448
292 0.000000 1448
293 0.000000 1448
294 0.000000 1448
295 0.000000 1448
296 0.000000 1448
297 0.000000 1448
298 0.000000 1448
299 0.000000 1448
300 0.000000 1448
301 0.000000 1448
302 0.000000 1448
303 0.000000 1448
304 0.000000 1448
305 0.000000 1448
306 0.000000 1448
307 0.000000 1448
308 0.000000 1448
309 0.000000 1448
310 0.000000 1448
311 0.000000 1448
312 0.000000 1448
313 0.000000 1448
314 0.000000 1448
315 0.000000 1448
316 0.000000 1448
317 0.000000 1448
318 0.000000 1448
319 0.000000 1448
320 0.000000 1448
321 0.000000 1448
322 0.000000 1448
323 0.000000 1448
324 0.000000 1448
325 0.000000 1448
326 0.000000 1448
327 0.000000 1448
328 0.000000 1448
329 0.000000 1448
330 0.000000 1448
331 0.000000 1448
332 0.000000 1448
333 0.000000 1448
334 0.000000 1448
335 0.000000 1448
336 0.000000 1448
337 0.000000 1448
338 0.000000 1448
339 0.000000 1448
340 0.000000 1448
341 0.000000 1448
342 0.000000 1448
343 0.000000 1448
344 0.000000 1448
345 0.000000 1448
346 0.000000 1448
347 0.000000 1448
348 0.000000 1448
349 0.000000 1448
350 0.000000 1448
351 0.000000 1448
352 0.000000 1448
353 0.000000 1448
354 0.000000 1448
355 0.000000 1448
356 0.000000 1448
357 0.000000 1448
358 0.000000 1448
359 0.000000 1448
360 0.000000 1448
361 0.000000 1448
362 0.000000 1448
363 0.000000 1448
364 0.000000 1448
365 0.000000 1448
366 0.000000 1448
367 0.000000 1448
368 0.000000 1448
369 0.000000 1448
370 0.000000 1448
371 0.000000 1448
372 0.000000 1448
373 0.000000 1448
374 0.000000 1448
375 0.000000 1448
376 0.000000 1448
377 0.000000 1448
378 0.000000 1448
379 0.000000 1448
380 0.000000 1448
381 0.000000 1448
382 0.000000 1448
383 0.000000 1448
384 0.000000 1448
385 0.000000 1448
386 0.000000 1448
387 0.000000 1448
388 0.000000 1448
389 0.000000 1448
390 0.000000 1448
391 0.000000 1448
392 0.000000 1448
393 0.000000 1448
394 0.000000 1448
395 0.000000 1448
396 0.000000 1448
397 0.000000 1448
398 0.000000 1448
399 0.000000 1448
400 0.000000 1448
401 0.000000 1448
402 0.000000 1414
403 0.000000 1414
404 0.000000 1414
405 0.000000 1414
406 0.000000 1414
407 0.000000 1414
408 0.000000 1414
409 0.000000 1414
410 0.000000 1414
411 0.000000 1414
412 0.000000 1414
413 0.000000 1414
414 0.000000 1414
415 0.000000 1414
416 0.000000 1414
417 0.000000 1414
418 0.000000 1414
419 0.000000 1414
420 0.000000 1414
421 0.000000 1414
422 0.000000 1414
423 0.000000 1414
424 0.000000 1414
425 0.000000 1414
426 0.000000 1414
427 0.000000 1414
428 0.000000 1414
429 0.000000 1414
430 0.000000 1414
431 0.000000 1414
432 0.000000 1414
433 0.000000 1414
434 0.000000 1414
435 0.000000 1414
436 0.000000 1414
437 0.000000 1414
438 0.000000 1414
439 0.000000 1414
440 0.000000 1414
441 0.000000 1414
442 0.000000 1414
443 0.000000 1414
444 0.000000 1414
445 0.000000 1414
446 0.000000 1414
447 0.000000 1414
448 0.000000 1414
449 0.000000 1414
450 0.000000 1414
451 0.000000 1414
452 0.000000 1414
453 0.000000 1414
454 0.000000 1414
455 0.000000 1414
456 0.000000 1414
457 0.000000 1414
458 0.000000 1414
459 0.000000 1414
460 0.000000 1414
461 0.000000 1414
462 0.000000 1414
463 0.000000 1414
464 0.000000 1413
465 0.000000 1413
466 0.000000 1413
467 0.000000 1413
468 0.000000 1413
469 0.000000 1413
470 0.000000 1413
471 0.000000 1413
472 0.000000 1413
473 0.000000 1413
474 0.000000 1413
475 0.000000 1413
476 0.000000 1413
477 0.000000 1413
478 0.000000 1413
479 0.000000 1413
480 0.000000 1413
481 0.000000 1413
482 0.000000 1413
483 0.000000 1413
484 0.000000 1413
485 0.000000 1413
486 0.000000 1413
487 0.000000 1413
488 0.000000 1413
489 0.000000 1413
490 0.000000 1413
491 0.000000 1413
492 0.000000 1413
493 0.000000 1413
494 0.000000 1413
495 0.000000 1413
496 0.000000 1413
497 0.000000 1413
498 0.000000 1413
499 0.000000 1413
500 0.000000 1413
501 0.000000 1413
502 0.000000 1413
503 0.000000 1413
504 0.000000 1413
505 0.000000 1413
506 0.000000 1413
507 0.000000 1413
508 0.000000 1413
509 0.000000 1413
510 0.000000 1413
511 0.000000 1413
512 0.000000 1413
513 0.000000 1413
514 0.000000 1413
515 0.000000 1413
516 0.000000 1413
517 0.000000 1413
518 0.000000 1413
519 0.000000 1413
520 0.000000 1413
521 0.000000 1413
522 0.000000 1413
523 0.000000 1413
524 0.000000 1413
525 0.000000 1413
526 0.000000 1413
527 0.000000 1413
528 0.000000 1413
529 0.000000 1413
530 0.000000 1413
531 0.000000 1413
532 0.000000 1413
533 0.000000 1413
534 0.000000 1413
535 0.000000 1413
536 0.000000 1413
537 0.000000 1413
538 0.000000 1413
539 0.000000 1413
540 0.000000 1413
541 0.000000 1413
542 0.000000 1413
543 0.000000 1413
544 0.000000 1413
545 0.000000 1413
546 0.000000 1413
547 0.000000 1413
548 0.000000 1413
549 0.000000 1413
550 0.000000 1413
551 0.000000 1413
552 0.000000 1413
553 0.000000 1413
554 0.000000 1413
555 0.000000 1413
556 0.000000 1413
557 0.000000 1413
558 0.000000 1413
559 0.000000 1413
560 0.000000 1413
561 0.000000 1413
562 0.000000 1413
563 0.000000 1413
564 0.000000 1413
565 0.000000 1413
566 0.000000 1413
567 0.000000 1413
568 0.000000 1413
569 0.000000 1413
570 0.000000 1413
571 0.000000 1413
572 0.000000 1413
573 0.000000 1413
574 0.000000 1413
575 0.000000 1413
576 0.000000 1413
577 0.000000 1413
578 0.000000 1413
579 0.000000 1413
580 0.000000 1413
581 0.000000 1413
582 0.000000 1413
583 0.000000 1413
584 0.000000 1413
585 0.000000 1413
586 0.000000 1413
587 0.000000 1413
588 0.000000 1413
589 0.000000 1413
590 0.000000 1413
591 0.000000 1413
592 0.000000 1413
593 0.000000 1413
594 0.000000 1413
595 0.000000 1413
596 0.000000 1413
597 0.000000 1413
598 0.000000 1413
599 0.000000 1413
600 0.000000 1413
601 0.000000 1413
602 0.000000 1413
603 0.000000 1413
604 0.000000 1413
605 0.000000 1413
606 0.000000 1413
607 0.000000 1413
608 0.000000 1413
609 0.000000 1413
610 0.000000 1413
611 0.000000 1413
612 0.000000 1413
613 0.000000 1413
614 0.000000 1413
615 0.000000 1413
616 0.000000 1413
617 0.000000 1413
618 0.000000 1413
619 0.000000 1413
620 0.000000 1413
621 0.000000 1413
622 0.000000 1413
623 0.000000 1413
624 0.000000 1413
625 0.000000 1413
626 0.000000 1413
627 0.000000 1413
628 0.000000 1413
629 0.000000 1413
630 0.000000 1413
631 0.000000 1413
632 0.000000 1413
633 0.000000 1413
634 0.000000 1413
635 0.000000 1413
636 0.000000 1413
637 0.000000 1413
638 0.000000 1413
639 0.000000 1413
640 0.000000 1413
641 0.000000 1413
642 0.000000 1413
643 0.000000 1413
644 0.000000 1413
645 0.000000 1413
646 0.000000 1413
647 0.000000 1413
648 0.000000 1413
649 0.000000 1413
650 0.000000 1413
651 0.000000 1413
652 0.000000 1413
653 0.000000 1413
654 0.000000 1413
655 0.000000 1413
656 0.000000 1413
657 0.000000 1413
658 0.000000 1413
659 0.000000 1413
660 0.000000 1413
661 0.000000 1413
662 0.000000 1413
663 0.000000 1413
664 0.000000 1413
665 0.000000 1413
666 0.000000 1413
667 0.000000 1413
668 0.000000 1413
669 0.000000 1413
670 0.000000 1413
671 0.000000 1413
672 0.000000 1413
673 0.000000 1413
674 0.000000 1413
675 0.000000 1413
676 0.000000 1413
677 0.000000 1413
678 0.000000 1413
679 0.000000 1413
680 0.000000 1413
681 0.000000 1413
682 0.000000 1413
683 0.000000 1413
684 0.000000 1413
685 0.000000 1413
686 0.000000 1413
687 0.000000 1413
688 0.000000 1413
689 0.000000 1413
690 0.000000 1413
691 0.000000 1413
692 0.000000 1413
693 0.000000 1413
694 0.000000 1413
695 0.000000 1413
696 0.000000 1413
697 0.000000 1413
698 0.000000 1413
699 0.000000 1413
700 0.000000 1413
701 0.000000 1413
702 0.000000 1413
703 0.000000 1413
704 0.000000 1413
705 0.000000 1413
706 0.000000 1413
707 0.000000 1413
708 0.000000 1413
709 0.000000 1413
710 0.000000 1413
711 0.000000 1413
712 0.000000 1413
713 0.000000 1413
714 0.000000 1413
715 0.000000 1413
716 0.000000 1413
717 0.000000 1413
718 0.000000 1413
719 0.000000 1413
720 0.000000 1413
721 0.000000 1413
722 0.000000 1413
723 0.000000 1413
724 0.000000 1413
725 0.000000 1413
726 0.000000 1413
727 0.000000 1413
728 0.000000 1413
729 0.000000 1413
730 0.000000 1413
731 0.000000 1413
732 0.000000 1413
733 0.000000 1413
734 0.000000 1413
735 0.000000 1413
736 0.000000 1413
737 0.000000 1413
738 0.000000 1413
739 0.000000 1413
740 0.000000 1413
741 0.000000 1413
742 0.000000 1413
743 0.000000 1413
744 0.000000 1413
745 0.000000 1413
746 0.000000 1413
747 0.000000 1413
748 0.000000 1413
749 0.000000 1413
750 0.000000 1413
751 0.000000 1413
752 0.000000 1413
753 0.000000 1413
754 0.000000 1413
755 0.000000 1413
756 0.000000 1413
757 0.000000 1413
758 0.000000 1413
759 0.000000 1413
760 0.000000 1413
761 0.000000 1413
762 0.000000 1413
763 0.000000 1413
764 0.000000 1413
765 0.000000 1413
766 0.000000 1413
767 0.000000 1413
768 0.000000 1413
769 0.000000 1413
770 0.000000 1413
771 0.000000 1413
772 0.000000 1413
773 0.000000 1413
774 0.000000 1413
775 0.000000 1413
776 0.000000 1413
777 0.000000 1413
778 0.000000 1413
779 0.000000 1413
780 0.000000 1413
781 0.000000 1413
782 0.000000 1413
783 0.000000 1413
784 0.000000 1413
785 0.000000 1413
786 0.000000 1413
787 0.000000 1413
788 0.000000 1413
789 0.000000 1413
790 0.000000 1413
791 0.000000 1413
792 0.000000 1413
793 0.000000 1413
794 0.000000 1413
795 0.000000 1413
796 0.000000 1413
797 0.000000 1413
798 0.000000 1413
799 0.000000 1413
800 0.000000 1413
801 0.000000 1367
802 0.000000 1367
803 0.000000 1367
804 0.000000 1367
805 0.000000 1367
806 0.000000 1367
807 0.000000 1367
808 0.000000 1367
809 0.000000 1367
810 0.000000 1367
811 0.000000 1367
812 0.000000 1367
813 0.000000 1367
814 0.000000 1367
815 0.000000 1367
816 0.000000 1367
817 0.000000 1367
818 0.000000 1367
819 0.000000 1367
820 0.000000 1367
821 0.000000 1367
822 0.000000 1367
823 0.000000 1367
824 0.000000 1367
825 0.000000 1367
826 0.000000 1367
827 0.000000 1367
828 0.000000 1367
829 0.000000 1367
830 0.000000 1367
831 0.000000 1367
832 0.000000 1367
833 0.000000 1367
834 0.000000 1367
835 0.000000 1367
836 0.000000 1367
837 0.000000 1367
838 0.000000 1367
839 0.000000 1367
840 0.000000 1367
841 0.000000 1367
842 0.000000 1367
843 0.000000 1367
844 0.000000 1367
845 0.000000 1367
846 0.000000 1367
847 0.000000 1367
848 0.000000 1367
849 0.000000 1367
850 0.000000 1367
851 0.000000 1367
852 0.000000 1367
853 0.000000 1367
854 0.000000 1367
855 0.000000 1367
856 0.000000 1367
857 0.000000 1367
858 0.000000 1367
859 0.000000 1367
860 0.000000 1367
861 0.000000 1367
862 0.000000 1367
863 0.000000 1367
864 0.000000 1367
865 0.000000 1367
866 0.000000 1367
867 0.000000 1367
868 0.000000 1367
869 0.000000 1367
870 0.000000 1367
871 0.000000 1367
872 0.000000 1367
873 0.000000 1367
874 0.000000 1367
875 0.000000 1367
876 0.000000 1367
877 0.000000 1367
878 0.000000 1367
879 0.000000 1367
880 0.000000 1367
881 0.000000 1367
882 0.000000 1367
883 0.000000 1367
884 0.000000 1367
885 0.000000 1367
886 0.000000 1367
887 0.000000 1367
888 0.000000 1367
889 0.000000 1367
890 0.000000 1367
891 0.000000 1367
892 0.000000 1367
893 0.000000 1367
894 0.000000 1367
895 0.000000 1367
896 0.000000 1367
897 0.000000 1367
898 0.000000 1367
899 0.000000 1367
900 0.000000 1367
901 0.000000 1367
902 0.000000 1367
903 0.000000 1367
904 0.000000 1367
905 0.000000 1367
906 0.000000 1367
907 0.000000 1367
908 0.000000 1367
909 0.000000 1367
910 0.000000 1367
911 0.000000 1367
912 0.000000 1367
913 0.000000 1367
914 0.000000 1367
915 0.000000 1367
916 0.000000 1367
917 0.000000 1367
918 0.000000 1367
919 0.000000 1367
920 0.000000 1367
921 0.000000 1367
922 0.000000 1367
923 0.000000 1367
924 0.000000 1367
925 0.000000 1367
926 0.000000 1367
927 0.000000 1367
928 0.000000 1367
929 0.000000 1367
930 0.000000 1367
931 0.000000 1367
932 0.000000 1367
933 0.000000 1367
934 0.000000 1367
935 0.000000 1367
936 0.000000 1367
937 0.000000 1367
938 0.000000 1367
939 0.000000 1367
940 0.000000 1367
941 0.000000 1367
942 0.000000 1367
943 0.000000 1367
944 0.000000 1367
945 0.000000 1367
946 0.000000 1367
947 0.000000 1367
948 0.000000 1367
949 0.000000 1367
950 0.000000 1367
951 0.000000 1367
952 0.000000 1367
953 0.000000 1367
954 0.000000 1367
955 0.000000 1367
956 0.000000 1367
957 0.000000 1367
958 0.000000 1367
959 0.000000 1367
960 0.000000 1367
961 0.000000 1367
962 0.000000 1367
963 0.000000 1367
964 0.000000 1367
965 0.000000 1367
966 0.000000 1367
967 0.000000 1367
968 0.000000 1367
969 0.000000 1367
970 0.000000 1367
971 0.000000 1367
972 0.000000 1367
973 0.000000 1367
974 0.000000 1367
975 0.000000 1367
976 0.000000 1367
977 0.000000 1367
978 0.000000 1367
979 0.000000 1367
980 0.000000 1367
981 0.000000 1367
982 0.000000 1367
983 0.000000 1367
984 0.000000 1367
985 0.000000 1367
986 0.000000 1367
987 0.000000 1367
988 0.000000 1367
989 0.000000 1367
990 0.000000 1367
991 0.000000 1329
992 0.000000 1329
993 0.000000 1329
994 0.000000 1329
995 0.000000 1329
996 0.000000 1329
997 0.000000 1329
998 0.000000 1329
999 0.000000 1329
1000 0.000000 1329
1001 0.000000 1329
1002 0.000000 1329
1003 0.000000 1329
1004 0.000000 1329
1005 0.000000 1329
1006 0.000000 1329
1007 0.000000 1329
1008 0.000000 1329
1009 0.000000 1329
1010 0.000000 1329
1011 0.000000 1329
1012 0.000000 1329
1013 0.000000 1329
1014 0.000000 1329
1015 0.000000 1329
1016 0.000000 1329
1017 0.000000 1329
1018 0.000000 1329
1019 0.000000 1329
1020 0.000000 1329
1021 0.000000 1329
1022 0.000000 1329
1023 0.000000 1329
1024 0.000000 1329
1025 0.000000 1329
1026 0.000000 1329
1027 0.000000 1329
1028 0.000000 1329
1029 0.000000 1329
1030 0.000000 1329
1031 0.000000 1329
1032 0.000000 1329
1033 0.000000 1329
1034 0.000000 1329
1035 0.000000 1329
1036 0.000000 1329
1037 0.000000 1329
1038 0.000000 1329
1039 0.000000 1329
1040 0.000000 1329
1041 0.000000 1329
1042 0.000000 1329
1043 0.000000 1329
1044 0.000000 1329
1045 0.000000 1329
1046 0.000000 1329
1047 0.000000 1329
1048 0.000000 1329
1049 0.000000 1329
1050 0.000000 1329
1051 0.000000 1329
1052 0.000000 1329
1053 0.000000 1329
1054 0.000000 1329
1055 0.000000 1329
1056 0.000000 1329
1057 0.000000 1329
1058 0.000000 1329
1059 0.000000 1329
1060 0.000000 1329
1061 0.000000 1329
1062 0.000000 1329
1063 0.000000 1329
1064 0.000000 1329
1065 0.000000 1329
1066 0.000000 1329
1067 0.000000 1329
1068 0.000000 1329
1069 0.000000 1329
1070 0.000000 1329
1071 0.000000 1329
1072 0.000000 1329
1073 0.000000 1329
1074 0.000000 1329
1075 0.000000 1329
1076 0.000000 1329
1077 0.000000 1329
1078 0.000000 1329
1079 0.000000 1329
1080 0.000000 1329
1081 0.000000 1329
1082 0.000000 1329
1083 0.000000 1329
1084 0.000000 1329
1085 0.000000 1329
1086 0.000000 1329
1087 0.000000 1329
1088 0.000000 1329
1089 0.000000 1329
1090 0.000000 1329
1091 0.000000 1329
1092 0.000000 1329
1093 0.000000 1329
1094 0.000000 1329
1095 0.000000 1329
1096 0.000000 1329
1097 0.000000 1329
1098 0.000000 1329
1099 0.000000 1329
1100 0.000000 1329
1101 0.000000 1329
1102 0.000000 1329
1103 0.000000 1329
1104 0.000000 1329
1105 0.000000 1329
1106 0.000000 1329
1107 0.000000 1329
1108 0.000000 1329
1109 0.000000 1329
1110 0.000000 1329
1111 0.000000 1329
1112 0.000000 1329
1113 0.000000 1329
1114 0.000000 1329
1115 0.000000 1329
1116 0.000000 1329
1117 0.000000 1329
1118 0.000000 1329
1119 0.000000 1329
1120 0.000000 1329
1121 0.000000 1329
1122 0.000000 1329
1123 0.000000 1329
1124 0.000000 1329
1125 0.000000 1329
1126 0.000000 1329
1127 0.000000 1329
1128 0.000000 1329
1129 0.000000 1329
1130 0.000000 1329
1131 0.000000 1329
1132 0.000000 1329
1133 0.000000 1329
1134 0.000000 1329
1135 0.000000 1329
1136 0.000000 1329
1137 0.000000 1329
1138 0.000000 1329
1139 0.000000 1329
1140 0.000000 1329
1141 0.000000 1329
1142 0.000000 1329
1143 0.000000 1329
1144 0.000000 1329
1145 0.000000 1329
1146 0.001000 1329
1147 0.001000 1329
1148 0.001000 1329
1149 0.001000 1329
1150 0.001000 1329
1151 0.001000 1329
1152 0.001000 1329
1153 0.001000 1329
1154 0.001000 1329
1155 0.001000 1329
1156 0.001000 1329
1157 0.001000 1329
1158 0.001000 1329
1159 0.001000 1329
1160 0.001000 1329
1161 0.001000 1329
1162 0.001000 1329
1163 0.001000 1329
1164 0.001000 1329
1165 0.001000 1329
1166 0.001000 1329
1167 0.001000 1329
1168 0.001000 1329
1169 0.001000 1329
1170 0.001000 1329
1171 0.001000 1329
1172 0.001000 1329
1173 0.001000 1329
1174 0.001000 1329
1175 0.001000 1329
1176 0.001000 1329
1177 0.001000 1329
1178 0.001000 1329
1179 0.001000 1329
1180 0.001000 1329
1181 0.001000 1329
1182 0.001000 1329
1183 0.001000 1329
1184 0.001000 1329
1185 0.001000 1329
1186 0.001000 1329
1187 0.001000 1329
1188 0.001000 1329
1189 0.001000 1329
1190 0.001000 1329
1191 0.001000 1329
1192 0.001000 1329
1193 0.001000 1329
1194 0.001000 1329
1195 0.001000 1329
1196 0.001000 1329
1197 0.001000 1329
1198 0.001000 1329
1199 0.001000 1329
1200 0.001000 1329
1201 0.001000 1329
1202 0.001000 1329
1203 0.001000 1329
1204 0.001000 1329
1205 0.001000 1329
1206 0.001000 1329
1207 0.001000 1329
1208 0.001000 1329
1209 0.001000 1329
1210 0.001000 1329
1211 0.001000 1329
1212 0.001000 1329
1213 0.001000 1329
1214 0.001000 1329
1215 0.001000 1329
1216 0.001000 1329
1217 0.001000 1329
1218 0.001000 1329
1219 0.001000 1329
1220 0.001000 1329
1221 0.001000 1329
1222 0.001000 1329
1223 0.001000 1329
1224 0.001000 1329
1225 0.001000 1329
1226 0.001000 1329
1227 0.001000 1329
1228 0.001000 1329
1229 0.001000 1329
1230 0.001000 1329
1231 0.001000 1329
1232 0.001000 1329
1233 0.001000 1329
1234 0.001000 1329
1235 0.001000 1329
1236 0.001000 1329
1237 0.001000 1329
1238 0.001000 1329
1239 0.001000 1329
1240 0.001000 1329
1241 0.001000 1329
1242 0.001000 1329
1243 0.001000 1329
1244 0.001000 1329
1245 0.001000 1329
1246 0.001000 1329
1247 0.001000 1329
1248 0.001000 1329
1249 0.001000 1329
1250 0.001000 1329
1251 0.001000 1329
1252 0.001000 1329
1253 0.001000 1329
1254 0.001000 1329
1255 0.001000 1329
1256 0.001000 1329
1257 0.001000 1329
1258 0.001000 1329
1259 0.001000 1329
1260 0.001000 1329
1261 0.001000 1329
1262 0.001000 1329
1263 0.001000 1329
1264 0.001000 1329
1265 0.001000 1329
1266 0.001000 1329
1267 0.001000 1329
1268 0.001000 1329
1269 0.001000 1329
1270 0.001000 1329
1271 0.001000 1329
1272 0.001000 1329
1273 0.001000 1329
1274 0.001000 1329
1275 0.001000 1329
1276 0.001000 1329
1277 0.001000 1329
1278 0.001000 1329
1279 0.001000 1329
1280 0.001000 1329
1281 0.001000 1329
1282 0.001000 1329
1283 0.001000 1329
1284 0.001000 1329
1285 0.001000 1329
1286 0.001000 1329
1287 0.001000 1329
1288 0.001000 1329
1289 0.001000 1329
1290 0.001000 1329
1291 0.001000 1329
1292 0.001000 1329
1293 0.001000 1329
1294 0.001000 1329
1295 0.001000 1329
1296 0.001000 1329
1297 0.001000 1329
1298 0.001000 1329
1299 0.001000 1329
1300 0.001000 1329
1301 0.001000 1329
1302 0.001000 1329
1303 0.001000 1329
1304 0.001000 1329
1305 0.001000 1329
1306 0.001000 1329
1307 0.001000 1329
1308 0.001000 1329
1309 0.001000 1329
1310 0.001000 1329
1311 0.001000 1329
1312 0.001000 1329
1313 0.001000 1329
1314 0.001000 1329
1315 0.001000 1329
1316 0.001000 1329
1317 0.001000 1329
1318 0.001000 1329
1319 0.001000 1329
1320 0.001000 1329
1321 0.001000 1329
1322 0.001000 1329
1323 0.001000 1329
1324 0.001000 1329
1325 0.001000 1329
1326 0.001000 1329
1327 0.001000 1329
1328 0.001000 1329
1329 0.001000 1329
1330 0.001000 1329
1331 0.001000 1329
1332 0.001000 1329
1333 0.001000 1329
1334 0.001000 1329
1335 0.002000 1329
1336 0.002000 1329
1337 0.002000 1329
1338 0.002000 1329
1339 0.002000 1329
1340 0.002000 1329
1341 0.002000 1329
1342 0.002000 1329
1343 0.002000 1329
1344 0.002000 1329
1345 0.002000 1329
1346 0.002000 1329
1347 0.002000 1329
1348 0.002000 1329
1349 0.002000 1329
1350 0.002000 1329
1351 0.002000 1329
1352 0.002000 1329
1353 0.002000 1329
1354 0.002000 1329
1355 0.002000 1329
1356 0.002000 1329
1357 0.002000 1329
1358 0.002000 1329
1359 0.002000 1329
1360 0.002000 1329
1361 0.002000 1329
1362 0.002000 1329
1363 0.002000 1329
1364 0.002000 1329
1365 0.002000 1329
1366 0.002000 1329
1367 0.002000 1329
1368 0.002000 1329
1369 0.002000 1329
1370 0.002000 1329
1371 0.002000 1329
1372 0.002000 1329
1373 0.002000 1329
1374 0.002000 1329
1375 0.002000 1329
1376 0.002000 1329
1377 0.002000 1329
1378 0.002000 1329
1379 0.002000 1329
1380 0.002000 1329
1381 0.002000 1329
1382 0.002000 1329
1383 0.002000 1329
1384 0.002000 1329
1385 0.002000 1329
1386 0.002000 1329
1387 0.002000 1329
1388 0.002000 1329
1389 0.002000 1329
1390 0.002000 1329
1391 0.002000 1329
1392 0.002000 1329
1393 0.002000 1329
1394 0.002000 1329
1395 0.002000 1329
1396 0.002000 1329
1397 0.002000 1329
1398 0.002000 1329
1399 0.002000 1329
1400 0.002000 1329
1401 0.002000 1329
1402 0.002000 1329
1403 0.002000 1329
1404 0.002000 1329
1405 0.002000 1329
1406 0.002000 1329
1407 0.002000 1329
1408 0.002000 1329
1409 0.002000 1329
1410 0.002000 1329
1411 0.002000 1329
1412 0.002000 1329
1413 0.002000 1329
1414 0.002000 1329
1415 0.002000 1329
1416 0.002000 1329
1417 0.002000 1329
1418 0.002000 1329
1419 0.002000 1329
1420 0.002000 1329
1421 0.002000 1329
1422 0.002000 1329
1423 0.002000 1329
1424 0.002000 1329
1425 0.002000 1329
1426 0.002000 1329
1427 0.002000 1329
1428 0.002000 1329
1429 0.002000 1329
1430 0.002000 1329
1431 0.002000 1329
1432 0.002000 1329
1433 0.002000 1329
1434 0.002000 1329
1435 0.002000 1329
1436 0.002000 1329
1437 0.002000 1329
1438 0.002000 1329
1439 0.002000 1329
1440 0.002000 1329
1441 0.002000 1329
1442 0.002000 1329
1443 0.002000 1329
1444 0.002000 1329
1445 0.002000 1329
1446 0.002000 1329
1447 0.002000 1329
1448 0.002000 1329
1449 0.002000 1329
1450 0.002000 1329
1451 0.002000 1329
1452 0.002000 1329
1453 0.002000 1329
1454 0.002000 1329
1455 0.002000 1329
1456 0.002000 1329
1457 0.002000 1329
1458 0.002000 1329
1459 0.002000 1329
1460 0.002000 1329
1461 0.002000 1329
1462 0.002000 1329
1463 0.002000 1329
1464 0.002000 1329
1465 0.002000 1329
1466 0.002000 1329
1467 0.002000 1329
1468 0.002000 1329
1469 0.002000 1329
1470 0.002000 1329
1471 0.002000 1329
1472 0.002000 1329
1473 0.002000 1329
1474 0.002000 1329
1475 0.002000 1329
1476 0.002000 1329
1477 0.002000 1329
1478 0.002000 1329
1479 0.002000 1329
1480 0.002000 1329
1481 0.002000 1329
1482 0.002000 1329
1483 0.002000 1329
1484 0.002000 1329
1485 0.002000 1329
1486 0.002000 1329
1487 0.002000 1329
1488 0.002000 1329
1489 0.002000 1329
1490 0.002000 1329
1491 0.002000 1329
1492 0.002000 1329
1493 0.002000 1329
1494 0.002000 1329
1495 0.002000 1329
1496 0.002000 1329
1497 0.002000 1329
1498 0.002000 1329
1499 0.002000 1329
1500 0.002000 1329
1501 0.002000 1329
1502 0.002000 1329
1503 0.002000 1329
1504 0.002000 1329
1505 0.002000 1329
1506 0.002000 1329
1507 0.002000 1329
1508 0.003000 1329
1509 0.003000 1329
1510 0.003000 1329
1511 0.003000 1329
1512 0.003000 1329
1513 0.003000 1329
1514 0.003000 1329
1515 0.003000 1329
1516 0.003000 1329
1517 0.003000 1329
1518 0.003000 1329
1519 0.003000 1329
1520 0.003000 1329
1521 0.003000 1329
1522 0.003000 1329
1523 0.003000 1329
1524 0.003000 1329
1525 0.003000 1329
1526 0.003000 1329
1527 0.003000 1329
1528 0.003000 1329
1529 0.003000 1329
1530 0.003000 1329
1531 0.003000 1329
1532 0.003000 1329
1533 0.003000 1329
1534 0.003000 1329
1535 0.003000 1329
1536 0.003000 1329
1537 0.003000 1329
1538 0.003000 1329
1539 0.003000 1329
1540 0.003000 1329
1541 0.003000 1329
1542 0.003000 1329
1543 0.003000 1329
1544 0.003000 1329
1545 0.003000 1329
1546 0.003000 1329
1547 0.003000 1329
1548 0.003000 1329
1549 0.003000 1329
1550 0.003000 1329
1551 0.003000 1329
1552 0.003000 1329
1553 0.003000 1329
1554 0.003000 1329
1555 0.003000 1329
1556 0.003000 1329
1557 0.003000 1329
1558 0.003000 1329
1559 0.003000 1329
1560 0.003000 1329
1561 0.003000 1329
1562 0.003000 1329
1563 0.003000 1329
1564 0.003000 1329
1565 0.003000 1329
1566 0.003000 1329
1567 0.003000 1329
1568 0.003000 1329
1569 0.003000 1329
1570 0.003000 1329
1571 0.003000 1329
1572 0.003000 1329
1573 0.003000 1329
1574 0.003000 1329
1575 0.003000 1329
1576 0.003000 1329
1577 0.003000 1329
1578 0.003000 1329
1579 0.003000 1329
1580 0.003000 1329
1581 0.003000 1329
1582 0.003000 1329
1583 0.003000 1329
1584 0.003000 1329
1585 0.003000 1329
1586 0.003000 1329
1587 0.003000 1329
1588 0.003000 1329
1589 0.003000 1329
1590 0.003000 1329
1591 0.003000 1329
1592 0.003000 1329
1593 0.003000 1329
1594 0.003000 1329
1595 0.003000 1329
1596 0.003000 1329
1597 0.003000 1329
1598 0.003000 1329
1599 0.003000 1329
1600 0.003000 1329
1601 0.003000 1329
1602 0.003000 1329
1603 0.003000 1329
1604 0.003000 1329
1605 0.003000 1329
1606 0.003000 1329
1607 0.003000 1329
1608 0.003000 1329
1609 0.003000 1329
1610 0.003000 1329
1611 0.003000 1329
1612 0.003000 1329
1613 0.003000 1329
1614 0.003000 1329
1615 0.003000 1329
1616 0.003000 1329
1617 0.003000 1329
1618 0.003000 1329
1619 0.003000 1329
1620 0.003000 1329
1621 0.003000 1329
1622 0.003000 1329
1623 0.003000 1329
1624 0.003000 1329
1625 0.003000 1329
1626 0.003000 1329
1627 0.003000 1329
1628 0.003000 1329
1629 0.003000 1329
1630 0.003000 1329
1631 0.003000 1329
1632 0.003000 1329
1633 0.003000 1329
1634 0.003000 1329
1635 0.003000 1329
1636 0.003000 1329
1637 0.003000 1329
1638 0.003000 1329
1639 0.003000 1329
1640 0.003000 1329
1641 0.003000 1329
1642 0.003000 1329
1643 0.003000 1329
1644 0.003000 1329
1645 0.003000 1329
1646 0.003000 1329
1647 0.003000 1329
1648 0.003000 1329
1649 0.003000 1329
1650 0.003000 1329
1651 0.003000 1329
1652 0.003000 1329
1653 0.003000 1329
1654 0.003000 1329
1655 0.003000 1329
1656 0.003000 1329
1657 0.003000 1329
1658 0.003000 1329
1659 0.003000 1329
1660 0.003000 1329
1661 0.003000 1329
1662 0.003000 1329
1663 0.003000 1329
1664 0.003000 1329
1665 0.003000 1329
1666 0.003000 1329
1667 0.003000 1329
1668 0.003000 1329
1669 0.003000 1329
1670 0.003000 1329
1671 0.003000 1329
1672 0.003000 1329
1673 0.003000 1329
1674 0.003000 1329
1675 0.003000 1329
1676 0.003000 1329
1677 0.003000 1329
1678 0.003000 1329
1679 0.003000 1329
1680 0.003000 1329
1681 0.003000 1329
1682 0.003000 1329
1683 0.003000 1329
1684 0.003000 1329
1685 0.003000 1329
1686 0.003000 1329
1687 0.003000 1329
1688 0.003000 1329
1689 0.003000 1329
1690 0.003000 1329
1691 0.003000 1329
1692 0.003000 1329
1693 0.003000 1329
1694 0.003000 1329
1695 0.003000 1329
1696 0.003000 1329
1697 0.003000 1329
1698 0.003000 1329
1699 0.003000 1329
1700 0.003000 1329
1701 0.003000 1329
1702 0.003000 1329
1703 0.003000 1329
1704 0.003000 1329
1705 0.003000 1329
1706 0.003000 1329
1707 0.003000 1329
1708 0.003000 1329
1709 0.003000 1329
1710 0.003000 1329
1711 0.003000 1329
1712 0.003000 1329
1713 0.003000 1329
1714 0.003000 1329
1715 0.003000 1329
1716 0.003000 1329
1717 0.003000 1329
1718 0.003000 1329
1719 0.003000 1329
1720 0.003000 1329
1721 0.003000 1329
1722 0.003000 1329
1723 0.003000 1329
1724 0.003000 1329
1725 0.003000 1329
1726 0.003000 1329
1727 0.003000 1329
1728 0.003000 1329
1729 0.003000 1329
1730 0.003000 1329
1731 0.003000 1329
1732 0.003000 1329
1733 0.003000 1329
1734 0.003000 1329
1735 0.003000 1329
1736 0.003000 1329
1737 0.003000 1329
1738 0.003000 1329
1739 0.003000 1329
1740 0.003000 1329
1741 0.003000 1329
1742 0.003000 1329
1743 0.003000 1329
1744 0.003000 1329
1745 0.003000 1329
1746 0.003000 1329
1747 0.003000 1329
1748 0.003000 1329
1749 0.003000 1329
1750 0.003000 1329
1751 0.003000 1329
1752 0.003000 1329
1753 0.003000 1329
1754 0.003000 1329
1755 0.003000 1329
1756 0.003000 1329
1757 0.003000 1329
1758 0.003000 1329
1759 0.003000 1329
1760 0.003000 1329
1761 0.003000 1329
1762 0.003000 1329
1763 0.003000 1329
1764 0.003000 1329
1765 0.003000 1329
1766 0.003000 1329
1767 0.003000 1329
1768 0.003000 1329
1769 0.003000 1329
1770 0.003000 1329
1771 0.003000 1329
1772 0.003000 1329
1773 0.003000 1329
1774 0.003000 1329
1775 0.003000 1329
1776 0.003000 1329
1777 0.003000 1329
1778 0.003000 1329
1779 0.003000 1329
1780 0.003000 1329
1781 0.003000 1329
1782 0.003000 1329
1783 0.003000 1329
1784 0.003000 1329
1785 0.003000 1329
1786 0.003000 1329
1787 0.003000 1329
1788 0.003000 1329
1789 0.003000 1329
1790 0.003000 1329
1791 0.003000 1329
1792 0.003000 1329
1793 0.003000 1329
1794 0.003000 1329
1795 0.003000 1329
1796 0.003000 1329
1797 0.003000 1329
1798 0.003000 1329
1799 0.003000 1329
1800 0.003000 1329
1801 0.003000 1329
1802 0.003000 1329
1803 0.003000 1329
1804 0.003000 1329
1805 0.003000 1329
1806 0.003000 1329
1807 0.003000 1329
1808 0.003000 1329
1809 0.003000 1329
1810 0.003000 1329
1811 0.003000 1329
1812 0.003000 1329
1813 0.003000 1329
1814 0.003000 1329
1815 0.003000 1329
1816 0.003000 1329
1817 0.003000 1329
1818 0.003000 1329
1819 0.003000 1329
1820 0.003000 1329
1821 0.003000 1329
1822 0.003000 1329
1823 0.003000 1329
1824 0.003000 1329
1825 0.003000 1329
1826 0.003000 1329
1827 0.003000 1329
1828 0.003000 1329
1829 0.003000 1329
1830 0.003000 1329
1831 0.003000 1329
1832 0.003000 1329
1833 0.003000 1329
1834 0.003000 1329
1835 0.003000 1329
1836 0.003000 1329
1837 0.003000 1329
1838 0.003000 1329
1839 0.003000 1329
1840 0.003000 1329
1841 0.003000 1329
1842 0.003000 1329
1843 0.003000 1329
1844 0.003000 1329
1845 0.003000 1329
1846 0.003000 1329
1847 0.003000 1329
1848 0.003000 1329
1849 0.003000 1329
1850 0.003000 1329
1851 0.003000 1329
1852 0.003000 1329
1853 0.003000 1329
1854 0.003000 1329
1855 0.003000 1329
1856 0.003000 1329
1857 0.003000 1329
1858 0.003000 1329
1859 0.003000 1329
1860 0.003000 1329
1861 0.003000 1329
1862 0.003000 1329
1863 0.003000 1329
1864 0.003000 1329
1865 0.003000 1329
1866 0.003000 1329
1867 0.003000 1329
1868 0.003000 1329
1869 0.003000 1329
1870 0.003000 1329
1871 0.003000 1329
1872 0.003000 1329
1873 0.003000 1329
1874 0.003000 1329
1875 0.003000 1329
1876 0.003000 1329
1877 0.003000 1329
1878 0.003000 1329
1879 0.003000 1329
1880 0.003000 1329
1881 0.003000 1329
1882 0.003000 1329
1883 0.003000 1329
1884 0.003000 1329
1885 0.003000 1329
1886 0.003000 1329
1887 0.003000 1329
1888 0.003000 1329
1889 0.003000 1329
1890 0.003000 1329
1891 0.003000 1329
1892 0.003000 1329
1893 0.003000 1329
1894 0.003000 1329
1895 0.003000 1329
1896 0.003000 1329
1897 0.003000 1329
1898 0.003000 1329
1899 0.003000 1329
1900 0.003000 1329
1901 0.003000 1329
1902 0.003000 1329
1903 0.003000 1329
1904 0.003000 1329
1905 0.003000 1329
1906 0.003000 1329
1907 0.003000 1329
1908 0.003000 1329
1909 0.003000 1329
1910 0.003000 1329
1911 0.003000 1329
1912 0.003000 1329
1913 0.003000 1329
1914 0.003000 1329
1915 0.003000 1329
1916 0.003000 1329
1917 0.003000 1329
1918 0.003000 1329
1919 0.003000 1329
1920 0.003000 1329
1921 0.003000 1329
1922 0.003000 1329
1923 0.003000 1329
1924 0.003000 1329
1925 0.003000 1329
1926 0.003000 1329
1927 0.003000 1329
1928 0.003000 1329
1929 0.003000 1329
1930 0.003000 1329
1931 0.003000 1329
1932 0.003000 1329
1933 0.003000 1329
1934 0.003000 1329
1935 0.003000 1329
1936 0.003000 1329
1937 0.003000 1329
1938 0.003000 1329
1939 0.003000 1329
1940 0.003000 1329
1941 0.003000 1329
1942 0.003000 1329
1943 0.003000 1329
1944 0.003000 1329
1945 0.003000 1329
1946 0.003000 1329
1947 0.003000 1329
1948 0.003000 1329
1949 0.003000 1329
1950 0.003000 1329
1951 0.003000 1329
1952 0.003000 1329
1953 0.003000 1329
1954 0.003000 1329
1955 0.003000 1329
1956 0.003000 1329
1957 0.003000 1329
1958 0.003000 1329
1959 0.003000 1329
1960 0.003000 1329
1961 0.003000 1329
1962 0.003000 1329
1963 0.003000 1329
1964 0.003000 1329
1965 0.003000 1329
1966 0.003000 1329
1967 0.003000 1329
1968 0.003000 1329
1969 0.003000 1329
1970 0.003000 1329
1971 0.003000 1329
1972 0.003000 1329
1973 0.003000 1329
1974 0.003000 1329
1975 0.003000 1329
1976 0.003000 1329
1977 0.003000 1329
1978 0.003000 1329
1979 0.003000 1329
1980 0.003000 1329
1981 0.003000 1329
1982 0.003000 1329
1983 0.003000 1329
1984 0.003000 1329
1985 0.003000 1329
1986 0.003000 1329
1987 0.003000 1329
1988 0.003000 1329
1989 0.003000 1329
1990 0.003000 1329
1991 0.003000 1329
1992 0.003000 1329
1993 0.003000 1329
1994 0.003000 1329
1995 0.003000 1329
1996 0.003000 1329
1997 0.003000 1329
1998 0.003000 1329
1999 0.003000 1329
2000 0.003000 1329
2001 0.003000 1329
2002 0.003000 1329
2003 0.003000 1329
2004 0.003000 1329
2005 0.003000 1329
2006 0.003000 1329
2007 0.003000 1329
2008 0.003000 1329
2009 0.003000 1329
2010 0.003000 1329
2011 0.003000 1329
2012 0.003000 1329
2013 0.003000 1329
2014 0.003000 1329
2015 0.003000 1329
2016 0.003000 1329
2017 0.003000 1329
2018 0.003000 1329
2019 0.003000 1329
2020 0.003000 1329
2021 0.003000 1329
2022 0.003000 1329
2023 0.003000 1329
2024 0.003000 1329
2025 0.003000 1329
2026 0.003000 1329
2027 0.003000 1329
2028 0.003000 1329
2029 0.003000 1329
2030 0.003000 1329
2031 0.003000 1329
2032 0.003000 1329
2033 0.003000 1329
2034 0.003000 1329
2035 0.003000 1329
2036 0.003000 1329
2037 0.003000 1329
2038 0.003000 1329
2039 0.003000 1329
2040 0.003000 1329
2041 0.003000 1329
2042 0.003000 1329
2043 0.003000 1329
2044 0.003000 1329
2045 0.003000 1329
2046 0.003000 1329
2047 0.003000 1329
2048 0.003000 1329
2049 0.003000 1329
2050 0.003000 1329
2051 0.003000 1329
2052 0.003000 1329
2053 0.003000 1329
2054 0.003000 1329
2055 0.003000 1329
2056 0.003000 1329
2057 0.003000 1329
2058 0.003000 1329
2059 0.003000 1329
2060 0.003000 1329
2061 0.003000 1329
2062 0.003000 1329
2063 0.003000 1329
2064 0.003000 1329
2065 0.003000 1329
2066 0.003000 1329
2067 0.003000 1329
2068 0.003000 1329
2069 0.003000 1329
2070 0.003000 1329
2071 0.003000 1329
2072 0.003000 1329
2073 0.003000 1329
2074 0.003000 1329
2075 0.003000 1329
2076 0.003000 1329
2077 0.003000 1329
2078 0.003000 1329
2079 0.003000 1329
2080 0.003000 1329
2081 0.003000 1329
2082 0.003000 1329
2083 0.003000 1329
2084 0.003000 1329
2085 0.003000 1329
2086 0.003000 1329
2087 0.003000 1329
2088 0.003000 1329
2089 0.003000 1329
2090 0.003000 1329
2091 0.003000 1329
2092 0.003000 1329
2093 0.003000 1329
2094 0.003000 1329
2095 0.003000 1329
2096 0.003000 1329
2097 0.003000 1329
2098 0.003000 1329
2099 0.003000 1329
2100 0.003000 1329
2101 0.003000 1329
2102 0.003000 1329
2103 0.003000 1329
2104 0.003000 1329
2105 0.003000 1329
2106 0.003000 1329
2107 0.003000 1329
2108 0.003000 1329
2109 0.003000 1329
2110 0.003000 1329
2111 0.003000 1329
2112 0.003000 1329
2113 0.003000 1329
2114 0.003000 1329
2115 0.003000 1329
2116 0.003000 1329
2117 0.003000 1329
2118 0.003000 1329
2119 0.003000 1329
2120 0.003000 1329
2121 0.003000 1329
2122 0.003000 1329
2123 0.003000 1329
2124 0.003000 1329
2125 0.003000 1329
2126 0.003000 1329
2127 0.003000 1329
2128 0.003000 1329
2129 0.003000 1329
2130 0.003000 1329
2131 0.003000 1329
2132 0.003000 1329
2133 0.003000 1329
2134 0.003000 1329
2135 0.003000 1329
2136 0.003000 1329
2137 0.003000 1329
2138 0.003000 1329
2139 0.003000 1329
2140 0.003000 1329
2141 0.003000 1329
2142 0.003000 1329
2143 0.003000 1329
2144 0.003000 1329
2145 0.003000 1329
2146 0.003000 1329
2147 0.003000 1329
2148 0.003000 1329
2149 0.003000 1329
2150 0.003000 1329
2151 0.003000 1329
2152 0.003000 1329
2153 0.004000 1329
2154 0.004000 1329
2155 0.004000 1329
2156 0.004000 1329
2157 0.004000 1329
2158 0.004000 1329
2159 0.004000 1329
2160 0.004000 1329
2161 0.004000 1329
2162 0.004000 1329
2163 0.004000 1329
2164 0.004000 1329
2165 0.004000 1329
2166 0.004000 1329
2167 0.004000 1329
2168 0.004000 1329
2169 0.004000 1329
2170 0.004000 1329
2171 0.004000 1329
2172 0.004000 1329
2173 0.004000 1329
2174 0.004000 1329
2175 0.004000 1329
2176 0.004000 1329
2177 0.004000 1329
2178 0.004000 1329
2179 0.004000 1329
2180 0.004000 1329
2181 0.004000 1329
2182 0.004000 1329
2183 0.004000 1329
2184 0.004000 1329
2185 0.004000 1329
2186 0.004000 1329
2187 0.004000 1329
2188 0.004000 1329
2189 0.004000 1329
2190 0.004000 1329
2191 0.004000 1329
2192 0.004000 1329
2193 0.004000 1329
2194 0.004000 1329
2195 0.004000 1329
2196 0.004000 1329
2197 0.004000 1329
2198 0.004000 1329
2199 0.004000 1329
2200 0.004000 1329
2201 0.004000 1329
2202 0.004000 1329
2203 0.004000 1329
2204 0.004000 1329
2205 0.004000 1329
2206 0.004000 1329
2207 0.004000 1329
2208 0.004000 1329
2209 0.004000 1329
2210 0.004000 1329
2211 0.004000 1329
2212 0.004000 1329
2213 0.004000 1329
2214 0.004000 1329
2215 0.004000 1329
2216 0.004000 1329
2217 0.004000 1329
2218 0.004000 1329
2219 0.004000 1329
2220 0.004000 1329
2221 0.004000 1329
2222 0.004000 1329
2223 0.004000 1329
2224 0.004000 1329
2225 0.004000 1329
2226 0.004000 1329
2227 0.004000 1329
2228 0.004000 1329
2229 0.004000 1329
2230 0.004000 1329
2231 0.004000 1329
2232 0.004000 1329
2233 0.004000 1329
2234 0.004000 1329
2235 0.004000 1329
2236 0.004000 1329
2237 0.004000 1329
2238 0.004000 1329
2239 0.004000 1329
2240 0.004000 1329
2241 0.004000 1329
2242 0.004000 1329
2243 0.004000 1329
2244 0.004000 1329
2245 0.004000 1329
2246 0.004000 1329
2247 0.004000 1329
2248 0.004000 1329
2249 0.004000 1329
2250 0.004000 1329
2251 0.004000 1329
2252 0.004000 1329
2253 0.004000 1329
2254 0.004000 1329
2255 0.004000 1329
2256 0.004000 1329
2257 0.004000 1329
2258 0.004000 1329
2259 0.004000 1329
2260 0.004000 1329
2261 0.004000 1329
2262 0.004000 1329
2263 0.004000 1329
2264 0.004000 1329
2265 0.004000 1329
2266 0.004000 1329
2267 0.004000 1329
2268 0.004000 1329
2269 0.004000 1329
2270 0.004000 1329
2271 0.004000 1329
2272 0.004000 1329
2273 0.004000 1329
2274 0.004000 1329
2275 0.004000 1329
2276 0.004000 1329
2277 0.004000 1329
2278 0.004000 1329
2279 0.004000 1329
2280 0.004000 1329
2281 0.004000 1329
2282 0.004000 1329
2283 0.004000 1329
2284 0.004000 1329
2285 0.004000 1329
2286 0.004000 1329
2287 0.004000 1329
2288 0.004000 1329
2289 0.004000 1329
2290 0.004000 1329
2291 0.004000 1329
2292 0.004000 1329
2293 0.004000 1329
2294 0.004000 1329
2295 0.004000 1329
2296 0.004000 1329
2297 0.004000 1329
2298 0.004000 1329
2299 0.004000 1329
2300 0.004000 1329
2301 0.004000 1329
2302 0.004000 1329
2303 0.004000 1329
2304 0.004000 1329
2305 0.004000 1329
2306 0.004000 1329
2307 0.004000 1329
2308 0.004000 1329
2309 0.004000 1329
2310 0.004000 1329
2311 0.004000 1329
2312 0.004000 1329
2313 0.004000 1329
2314 0.004000 1329
2315 0.004000 1329
2316 0.004000 1329
2317 0.004000 1329
2318 0.004000 1329
2319 0.004000 1329
2320 0.004000 1329
2321 0.004000 1329
2322 0.004000 1329
2323 0.004000 1329
2324 0.004000 1329
2325 0.004000 1329
2326 0.004000 1329
2327 0.004000 1329
2328 0.004000 1329
2329 0.004000 1329
2330 0.004000 1329
2331 0.004000 1329
2332 0.004000 1329
2333 0.004000 1329
2334 0.004000 1329
2335 0.004000 1329
2336 0.004000 1329
2337 0.004000 1329
2338 0.004000 1329
2339 0.004000 1329
2340 0.004000 1329
2341 0.004000 1329
2342 0.004000 1329
2343 0.004000 1329
2344 0.004000 1329
2345 0.004000 1329
2346 0.004000 1329
2347 0.004000 1329
2348 0.004000 1329
2349 0.004000 1329
2350 0.004000 1329
2351 0.004000 1329
2352 0.004000 1329
2353 0.004000 1329
2354 0.004000 1329
2355 0.004000 1329
2356 0.004000 1329
2357 0.004000 1329
2358 0.004000 1329
2359 0.004000 1329
2360 0.004000 1329
2361 0.004000 1329
2362 0.004000 1329
2363 0.004000 1329
2364 0.004000 1329
2365 0.004000 1329
2366 0.004000 1329
2367 0.004000 1329
2368 0.004000 1329
2369 0.004000 1329
2370 0.004000 1329
2371 0.004000 1329
2372 0.004000 1329
2373 0.004000 1329
2374 0.004000 1329
2375 0.004000 1329
2376 0.004000 1329
2377 0.004000 1329
2378 0.004000 1329
2379 0.004000 1329
2380 0.004000 1329
2381 0.004000 1329
2382 0.004000 1329
2383 0.004000 1329
2384 0.004000 1329
2385 0.004000 1329
2386 0.004000 1329
2387 0.004000 1329
2388 0.004000 1329
2389 0.004000 1329
2390 0.004000 1329
2391 0.004000 1329
2392 0.004000 1329
2393 0.004000 1329
2394 0.004000 1329
2395 0.004000 1329
2396 0.004000 1329
2397 0.004000 1329
2398 0.004000 1329
2399 0.004000 1329
2400 0.004000 1329
2401 0.004000 1329
2402 0.004000 1329
2403 0.004000 1329
2404 0.004000 1329
2405 0.004000 1329
2406 0.004000 1329
2407 0.004000 1329
2408 0.004000 1329
2409 0.004000 1329
2410 0.004000 1329
2411 0.004000 1329
2412 0.004000 1329
2413 0.004000 1329
2414 0.004000 1329
2415 0.004000 1329
2416 0.004000 1329
2417 0.004000 1329
2418 0.004000 1329
2419 0.004000 1329
2420 0.004000 1329
2421 0.004000 1329
2422 0.004000 1329
2423 0.004000 1329
2424 0.004000 1329
2425 0.004000 1329
2426 0.004000 1329
2427 0.004000 1329
2428 0.004000 1329
2429 0.004000 1329
2430 0.004000 1329
2431 0.004000 1329
2432 0.004000 1329
2433 0.004000 1329
2434 0.004000 1329
2435 0.004000 1329
2436 0.004000 1329
2437 0.004000 1329
2438 0.004000 1329
2439 0.004000 1329
2440 0.004000 1329
2441 0.004000 1329
2442 0.004000 1329
2443 0.004000 1329
2444 0.004000 1329
2445 0.004000 1329
2446 0.004000 1329
2447 0.004000 1329
2448 0.004000 1329
2449 0.004000 1329
2450 0.004000 1329
2451 0.004000 1329
2452 0.004000 1329
2453 0.004000 1329
2454 0.004000 1329
2455 0.004000 1329
2456 0.004000 1329
2457 0.004000 1329
2458 0.004000 1329
2459 0.004000 1329
2460 0.004000 1329
2461 0.004000 1329
2462 0.004000 1329
2463 0.004000 1329
2464 0.004000 1329
2465 0.004000 1307
2466 0.004000 1307
2467 0.004000 1307
2468 0.004000 1307
2469 0.004000 1307
2470 0.004000 1307
2471 0.004000 1307
2472 0.004000 1307
2473 0.004000 1307
2474 0.004000 1307
2475 0.004000 1307
2476 0.004000 1307
2477 0.004000 1307
2478 0.004000 1307
2479 0.004000 1307
2480 0.004000 1307
2481 0.004000 1307
2482 0.004000 1307
2483 0.004000 1307
2484 0.004000 1307
2485 0.004000 1307
2486 0.004000 1307
2487 0.004000 1307
2488 0.004000 1307
2489 0.004000 1307
2490 0.004000 1307
2491 0.004000 1307
2492 0.004000 1307
2493 0.004000 1307
2494 0.004000 1307
2495 0.004000 1307
2496 0.004000 1307
2497 0.004000 1307
2498 0.004000 1307
2499 0.004000 1307
2500 0.004000 1307
2501 0.004000 1307
2502 0.004000 1307
2503 0.004000 1307
2504 0.004000 1307
2505 0.004000 1307
2506 0.004000 1307
2507 0.004000 1307
2508 0.004000 1307
2509 0.004000 1307
2510 0.004000 1307
2511 0.004000 1307
2512 0.004000 1307
2513 0.004000 1307
2514 0.004000 1307
2515 0.004000 1307
2516 0.004000 1307
2517 0.004000 1307
2518 0.004000 1307
2519 0.004000 1307
2520 0.004000 1307
2521 0.004000 1307
2522 0.004000 1307
2523 0.004000 1307
2524 0.004000 1307
2525 0.004000 1307
2526 0.004000 1307
2527 0.004000 1307
2528 0.004000 1307
2529 0.004000 1307
2530 0.004000 1307
2531 0.004000 1307
2532 0.004000 1307
2533 0.004000 1307
2534 0.004000 1307
2535 0.004000 1307
2536 0.004000 1307
2537 0.004000 1307
2538 0.004000 1307
2539 0.005000 1307
2540 0.005000 1307
2541 0.005000 1307
2542 0.005000 1307
2543 0.005000 1307
2544 0.005000 1307
2545 0.005000 1307
2546 0.005000 1307
2547 0.005000 1307
2548 0.005000 1307
2549 0.005000 1307
2550 0.005000 1307
2551 0.005000 1307
2552 0.005000 1307
2553 0.005000 1307
2554 0.005000 1307
2555 0.005000 1307
2556 0.005000 1307
2557 0.005000 1307
2558 0.005000 1307
2559 0.005000 1307
2560 0.005000 1307
2561 0.005000 1307
2562 0.005000 1307
2563 0.005000 1307
2564 0.005000 1307
2565 0.005000 1307
2566 0.005000 1307
2567 0.005000 1307
2568 0.005000 1307
2569 0.005000 1307
2570 0.005000 1307
2571 0.005000 1307
2572 0.005000 1307
2573 0.005000 1307
2574 0.005000 1307
2575 0.005000 1307
2576 0.005000 1307
2577 0.005000 1307
2578 0.005000 1307
2579 0.005000 1307
2580 0.005000 1307
2581 0.005000 1307
2582 0.005000 1307
2583 0.005000 1307
2584 0.005000 1307
2585 0.005000 1307
2586 0.005000 1307
2587 0.005000 1307
2588 0.005000 1307
2589 0.005000 1307
2590 0.005000 1307
2591 0.005000 1307
2592 0.005000 1307
2593 0.005000 1307
2594 0.005000 1307
2595 0.005000 1307
2596 0.005000 1307
2597 0.005000 1307
2598 0.005000 1307
2599 0.005000 1307
2600 0.005000 1307
2601 0.005000 1307
2602 0.005000 1307
2603 0.005000 1307
2604 0.005000 1307
2605 0.005000 1307
2606 0.005000 1307
2607 0.005000 1307
2608 0.005000 1307
2609 0.005000 1307
2610 0.005000 1307
2611 0.005000 1307
2612 0.005000 1307
2613 0.005000 1307
2614 0.005000 1307
2615 0.005000 1307
2616 0.005000 1307
2617 0.005000 1307
2618 0.005000 1307
2619 0.005000 1307
2620 0.005000 1307
2621 0.005000 1307
2622 0.005000 1307
2623 0.005000 1307
2624 0.005000 1307
2625 0.005000 1307
2626 0.005000 1307
2627 0.005000 1307
2628 0.005000 1307
2629 0.005000 1307
2630 0.005000 1307
2631 0.005000 1307
2632 0.005000 1307
2633 0.005000 1307
2634 0.005000 1307
2635 0.005000 1307
2636 0.005000 1307
2637 0.005000 1307
2638 0.005000 1307
2639 0.005000 1307
2640 0.005000 1307
2641 0.005000 1307
2642 0.005000 1307
2643 0.005000 1307
2644 0.005000 1307
2645 0.005000 1307
2646 0.005000 1307
2647 0.005000 1307
2648 0.005000 1307
2649 0.005000 1307
2650 0.005000 1307
2651 0.005000 1307
2652 0.005000 1307
2653 0.005000 1307
2654 0.005000 1307
2655 0.005000 1307
2656 0.005000 1307
2657 0.005000 1307
2658 0.005000 1307
2659 0.005000 1307
2660 0.005000 1307
2661 0.005000 1307
2662 0.005000 1307
2663 0.005000 1307
2664 0.005000 1307
2665 0.005000 1307
2666 0.005000 1307
2667 0.005000 1307
2668 0.005000 1307
2669 0.005000 1307
2670 0.005000 1307
2671 0.005000 1307
2672 0.005000 1307
2673 0.005000 1307
2674 0.005000 1307
2675 0.005000 1307
2676 0.005000 1307
2677 0.005000 1307
2678 0.005000 1307
2679 0.005000 1307
2680 0.005000 1307
2681 0.005000 1307
2682 0.005000 1307
2683 0.005000 1307
2684 0.005000 1307
2685 0.005000 1307
2686 0.005000 1307
2687 0.005000 1307
2688 0.005000 1307
2689 0.005000 1307
2690 0.005000 1307
2691 0.005000 1307
2692 0.005000 1307
2693 0.005000 1307
2694 0.005000 1307
2695 0.005000 1307
2696 0.005000 1307
2697 0.005000 1307
2698 0.005000 1307
2699 0.005000 1307
2700 0.005000 1307
2701 0.005000 1307
2702 0.005000 1307
2703 0.005000 1307
2704 0.005000 1307
2705 0.005000 1307
2706 0.005000 1307
2707 0.005000 1307
2708 0.005000 1307
2709 0.005000 1307
2710 0.005000 1307
2711 0.005000 1307
2712 0.005000 1307
2713 0.005000 1307
2714 0.005000 1307
2715 0.005000 1307
2716 0.005000 1307
2717 0.005000 1307
2718 0.005000 1307
2719 0.005000 1307
2720 0.005000 1307
2721 0.005000 1307
2722 0.005000 1307
2723 0.005000 1307
2724 0.005000 1307
2725 0.005000 1307
2726 0.005000 1307
2727 0.005000 1307
2728 0.005000 1307
2729 0.005000 1307
2730 0.005000 1307
2731 0.005000 1307
2732 0.005000 1307
2733 0.006000 1307
2734 0.006000 1307
2735 0.006000 1307
2736 0.006000 1307
2737 0.006000 1307
2738 0.006000 1307
2739 0.006000 1307
2740 0.006000 1307
2741 0.006000 1307
2742 0.006000 1307
2743 0.006000 1307
2744 0.006000 1307
2745 0.006000 1307
2746 0.006000 1307
2747 0.006000 1307
2748 0.006000 1307
2749 0.006000 1307
2750 0.006000 1307
2751 0.006000 1307
2752 0.006000 1307
2753 0.006000 1307
2754 0.006000 1307
2755 0.006000 1307
2756 0.006000 1307
2757 0.006000 1307
2758 0.006000 1307
2759 0.006000 1307
2760 0.006000 1307
2761 0.006000 1307
2762 0.006000 1307
2763 0.006000 1307
2764 0.006000 1307
2765 0.006000 1307
2766 0.006000 1307
2767 0.006000 1307
2768 0.006000 1307
2769 0.006000 1307
2770 0.006000 1307
2771 0.006000 1307
2772 0.006000 1307
2773 0.006000 1307
2774 0.006000 1307
2775 0.006000 1307
2776 0.006000 1307
2777 0.006000 1307
2778 0.006000 1307
2779 0.006000 1307
2780 0.006000 1307
2781 0.006000 1307
2782 0.006000 1307
2783 0.006000 1307
2784 0.006000 1307
2785 0.006000 1307
2786 0.006000 1307
2787 0.006000 1307
2788 0.006000 1307
2789 0.006000 1307
2790 0.006000 1307
2791 0.006000 1307
2792 0.006000 1307
2793 0.006000 1307
2794 0.006000 1307
2795 0.006000 1307
2796 0.006000 1307
2797 0.006000 1307
2798 0.006000 1307
2799 0.006000 1307
2800 0.006000 1307
2801 0.006000 1307
2802 0.006000 1307
2803 0.006000 1307
2804 0.006000 1307
2805 0.006000 1307
2806 0.006000 1307
2807 0.006000 1307
2808 0.006000 1307
2809 0.006000 1307
2810 0.006000 1307
2811 0.006000 1307
2812 0.006000 1307
2813 0.006000 1307
2814 0.006000 1307
2815 0.006000 1307
2816 0.006000 1307
2817 0.006000 1307
2818 0.006000 1307
2819 0.006000 1307
2820 0.006000 1307
2821 0.006000 1307
2822 0.006000 1307
2823 0.006000 1307
2824 0.006000 1307
2825 0.006000 1307
2826 0.006000 1307
2827 0.006000 1307
2828 0.006000 1307
2829 0.006000 1307
2830 0.006000 1307
2831 0.006000 1307
2832 0.006000 1307
2833 0.006000 1307
2834 0.006000 1307
2835 0.006000 1307
2836 0.006000 1307
2837 0.006000 1307
2838 0.006000 1307
2839 0.006000 1307
2840 0.006000 1307
2841 0.006000 1307
2842 0.006000 1307
2843 0.006000 1307
2844 0.006000 1307
2845 0.006000 1307
2846 0.006000 1307
2847 0.006000 1307
2848 0.006000 1307
2849 0.006000 1307
2850 0.006000 1307
2851 0.006000 1307
2852 0.006000 1307
2853 0.006000 1307
2854 0.006000 1307
2855 0.006000 1307
2856 0.006000 1307
2857 0.006000 1307
2858 0.006000 1307
2859 0.006000 1307
2860 0.006000 1307
2861 0.006000 1307
2862 0.006000 1307
2863 0.006000 1307
2864 0.006000 1307
2865 0.006000 1307
2866 0.006000 1307
2867 0.006000 1307
2868 0.006000 1307
2869 0.006000 1307
2870 0.006000 1307
2871 0.006000 1307
2872 0.006000 1307
2873 0.006000 1307
2874 0.006000 1307
2875 0.006000 1307
2876 0.006000 1307
2877 0.006000 1307
2878 0.006000 1307
2879 0.006000 1307
2880 0.006000 1307
2881 0.006000 1307
2882 0.006000 1307
2883 0.006000 1307
2884 0.006000 1307
2885 0.006000 1307
2886 0.006000 1307
2887 0.006000 1307
2888 0.006000 1307
2889 0.006000 1307
2890 0.006000 1307
2891 0.006000 1307
2892 0.006000 1307
2893 0.006000 1307
2894 0.006000 1307
2895 0.006000 1307
2896 0.006000 1307
2897 0.006000 1307
2898 0.006000 1307
2899 0.006000 1307
2900 0.006000 1307
2901 0.006000 1307
2902 0.006000 1307
2903 0.006000 1307
2904 0.006000 1307
2905 0.006000 1307
2906 0.006000 1307
2907 0.006000 1307
2908 0.006000 1307
2909 0.006000 1307
2910 0.006000 1307
2911 0.006000 1307
2912 0.006000 1307
2913 0.006000 1307
2914 0.006000 1307
2915 0.006000 1307
2916 0.006000 1307
2917 0.006000 1307
2918 0.006000 1307
2919 0.006000 1307
2920 0.006000 1307
2921 0.006000 1307
2922 0.006000 1307
2923 0.006000 1307
2924 0.006000 1307
2925 0.006000 1307
2926 0.006000 1307
2927 0.006000 1307
2928 0.006000 1307
2929 0.006000 1307
2930 0.006000 1307
2931 0.006000 1307
2932 0.006000 1307
2933 0.006000 1307
2934 0.006000 1307
2935 0.006000 1307
2936 0.006000 1307
2937 0.006000 1307
2938 0.006000 1307
2939 0.006000 1307
2940 0.006000 1307
2941 0.006000 1307
2942 0.006000 1307
2943 0.006000 1307
2944 0.006000 1307
2945 0.006000 1307
2946 0.006000 1307
2947 0.006000 1307
2948 0.006000 1307
2949 0.006000 1307
2950 0.006000 1307
2951 0.006000 1307
2952 0.006000 1307
2953 0.006000 1307
2954 0.006000 1307
2955 0.006000 1307
2956 0.006000 1307
2957 0.006000 1307
2958 0.006000 1307
2959 0.006000 1307
2960 0.006000 1307
2961 0.006000 1307
2962 0.006000 1307
2963 0.006000 1307
2964 0.006000 1307
2965 0.006000 1307
2966 0.006000 1307
2967 0.006000 1307
2968 0.006000 1307
2969 0.006000 1307
2970 0.006000 1307
2971 0.006000 1307
2972 0.006000 1307
2973 0.006000 1307
2974 0.006000 1307
2975 0.006000 1307
2976 0.006000 1307
2977 0.006000 1307
2978 0.006000 1307
2979 0.006000 1307
2980 0.006000 1307
2981 0.006000 1307
2982 0.006000 1307
2983 0.006000 1307
2984 0.006000 1307
2985 0.006000 1307
2986 0.006000 1307
2987 0.006000 1307
2988 0.006000 1307
2989 0.006000 1307
2990 0.006000 1307
2991 0.006000 1307
2992 0.006000 1307
2993 0.006000 1307
2994 0.006000 1307
2995 0.006000 1307
2996 0.006000 1307
2997 0.006000 1307
2998 0.006000 1307
2999 0.006000 1307
3000 0.006000 1307
# Final Best Cost: 1307
