# Instance: eil51.tsp
# Method: simulated-annealing
# output: step cost
0 1782
0.000000 1674
0.000000 1498
0.000000 1451
0.000000 1451
0.000000 1451
0.000000 1385
0.000000 1385
0.000000 1385
0.000000 1385
0.000000 1385
0.000000 1385
0.000000 1385
0.000000 1385
0.000000 1385
0.000000 1385
0.000000 1385
0.000000 1385
0.000000 1385
0.000000 1385
0.000000 1385
0.000000 1385
0.000000 1385
0.000000 1385
0.000000 1385
0.000000 1385
0.000000 1385
0.000000 1385
0.000000 1385
0.000000 1385
0.000000 1385
0.000000 1385
0.000000 1385
0.000000 1385
0.000000 1385
0.000000 1385
0.000000 1385
0.000000 1385
0.000000 1385
0.000000 1381
0.000000 1381
0.000000 1381
0.000000 1381
0.000000 1381
0.000000 1381
0.000000 1381
0.000000 1381
0.000000 1381
0.000000 1381
0.000000 1381
0.000000 1381
0.000000 1381
0.000000 1381
0.000000 1381
0.000000 1381
0.000000 1381
0.000000 1381
0.000000 1381
0.000000 1381
0.000000 1381
0.000000 1381
0.000000 1381
0.000000 1381
0.000000 1381
0.000000 1381
0.000000 1381
0.000000 1381
0.000000 1381
0.000000 1381
0.000000 1381
0.000000 1381
0.000000 1381
0.000000 1381
0.000000 1381
0.000000 1381
0.000000 1381
0.000000 1381
0.000000 1381
0.000000 1381
0.000000 1381
0.000000 1381
0.000000 1381
0.000000 1381
0.000000 1381
0.000000 1381
0.000000 1381
0.000000 1381
0.000000 1381
0.000000 1381
0.000000 1381
0.000000 1381
0.000000 1358
0.000000 1303
0.000000 1303
0.000000 1303
0.000000 1303
0.000000 1303
0.000000 1303
0.000000 1303
0.000000 1303
0.001000 1303
0.001000 1303
0.001000 1303
0.001000 1303
0.001000 1303
0.001000 1303
0.001000 1303
0.001000 1303
0.001000 1303
0.001000 1303
0.001000 1303
0.001000 1303
0.001000 1303
0.001000 1303
0.001000 1303
0.001000 1303
0.001000 1303
0.001000 1303
0.001000 1303
0.001000 1303
0.001000 1303
0.001000 1240
0.001000 1133
0.001000 1133
0.001000 1133
0.001000 1133
0.001000 1133
0.001000 1133
0.001000 1133
0.001000 1133
0.001000 1133
0.001000 1133
0.001000 1133
0.001000 1133
0.001000 1133
0.001000 1133
0.001000 1133
0.001000 1133
0.001000 1133
0.001000 1133
0.001000 1133
0.001000 1133
0.001000 1133
0.001000 1133
0.001000 1133
0.001000 1133
0.001000 1133
0.001000 1133
0.001000 1133
0.001000 1133
0.001000 1133
0.001000 1133
0.001000 1133
0.001000 1133
0.001000 1133
0.001000 1133
0.001000 1133
0.001000 1133
0.001000 1133
0.001000 1133
0.001000 1133
0.001000 1133
0.001000 1133
0.001000 1133
0.001000 1133
0.001000 1133
0.001000 1133
0.001000 1133
0.001000 1133
0.001000 1133
0.001000 1133
0.001000 1133
0.001000 1133
0.001000 1133
0.001000 1133
0.001000 1133
0.001000 1133
0.001000 1133
0.001000 1133
0.001000 1133
0.001000 1133
0.001000 1133
0.001000 1133
0.001000 1133
0.001000 1133
0.001000 1133
0.001000 1133
0.001000 1133
0.001000 1133
0.001000 1133
0.001000 1133
0.001000 1133
0.001000 1133
0.001000 1133
0.001000 1133
0.001000 1133
0.001000 1133
0.001000 1133
0.001000 1133
0.001000 1133
0.001000 1133
0.001000 1133
0.001000 1133
0.001000 1133
0.001000 1133
0.001000 1133
0.001000 1133
0.001000 1133
0.001000 1133
0.001000 1133
0.001000 1133
0.001000 1133
0.001000 1133
0.001000 1133
0.001000 1133
0.001000 1133
0.001000 1133
0.001000 1133
0.001000 1133
0.001000 1133
0.002000 1133
0.002000 1133
0.002000 1133
0.002000 1133
0.002000 1133
0.002000 1133
0.002000 1133
0.002000 1133
0.002000 1133
0.002000 1133
0.002000 1133
0.002000 1133
0.002000 1133
0.002000 1133
0.002000 1133
0.002000 1133
0.002000 1133
0.002000 1133
0.002000 1133
0.002000 1133
0.002000 1133
0.002000 1133
0.002000 1133
0.002000 1133
0.002000 1133
0.002000 1133
0.002000 1133
0.002000 1133
0.002000 1133
0.002000 1133
0.002000 1133
0.002000 1133
0.002000 1133
0.002000 1133
0.002000 1133
0.002000 1133
0.002000 1133
0.002000 1133
0.002000 1133
0.002000 1133
0.002000 1133
0.002000 1133
0.002000 1133
0.002000 1133
0.002000 1133
0.002000 1133
0.002000 1133
0.002000 1133
0.002000 1133
0.002000 1133
0.002000 1133
0.002000 1133
0.002000 1133
0.002000 1133
0.002000 1133
0.002000 1133
0.002000 1133
0.002000 1133
0.002000 1133
0.002000 1133
0.002000 1133
0.002000 1133
0.002000 1133
0.002000 1133
0.002000 1133
0.002000 1133
0.002000 1133
0.002000 1133
0.002000 1133
0.002000 1133
0.002000 1133
0.002000 1133
0.002000 1133
0.002000 1133
0.002000 1133
0.002000 1133
0.002000 1133
0.002000 1133
0.002000 1133
0.002000 1133
0.002000 1133
0.002000 1133
0.002000 1133
0.002000 1133
0.002000 1133
0.002000 1133
0.002000 1133
0.002000 1133
0.002000 1133
0.002000 1133
0.002000 1133
0.002000 1133
0.002000 1133
0.002000 1133
0.002000 1133
0.002000 1133
0.002000 1133
0.002000 1133
0.002000 1133
0.002000 1133
0.002000 1133
0.002000 1133
0.002000 1133
0.002000 1133
0.002000 1133
0.002000 1133
0.002000 1133
0.002000 1133
0.002000 1133
0.002000 1133
0.002000 1133
0.002000 1133
0.003000 1133
0.003000 1133
0.003000 1133
0.003000 1133
0.003000 1133
0.003000 1133
0.003000 1133
0.003000 1133
0.003000 1133
0.003000 1133
0.003000 1133
0.003000 1133
0.003000 1133
0.003000 1133
0.003000 1133
0.003000 1133
0.003000 1133
0.003000 1133
0.003000 1133
0.003000 1133
0.003000 1133
0.003000 1133
0.003000 1133
0.003000 1133
0.003000 1133
0.003000 1133
0.003000 1133
0.003000 1133
0.003000 1133
0.003000 1133
0.003000 1133
0.003000 1133
0.003000 1133
0.003000 1133
0.003000 1133
0.003000 1133
0.003000 1133
0.003000 1133
0.003000 1133
0.003000 1133
0.003000 1133
0.003000 1133
0.003000 1133
0.003000 1133
0.003000 1133
0.003000 1133
0.003000 1133
0.003000 1133
0.003000 1133
0.003000 1133
0.003000 1133
0.003000 1133
0.003000 1133
0.003000 1133
0.003000 1130
0.003000 1130
0.003000 1130
0.003000 1130
0.003000 1086
0.003000 1086
0.003000 1086
0.003000 1086
0.003000 1086
0.003000 1086
0.003000 1086
0.003000 1007
0.003000 1007
0.003000 1007
0.003000 1007
0.003000 1007
0.003000 1007
0.003000 1007
0.003000 1007
0.003000 1007
0.003000 1007
0.003000 1007
0.003000 1007
0.003000 969
0.003000 938
0.003000 938
0.003000 938
0.003000 938
0.003000 938
0.003000 938
0.003000 938
0.003000 938
0.003000 938
0.003000 938
0.003000 938
0.003000 938
0.003000 938
0.003000 938
0.003000 938
0.003000 938
0.003000 938
0.003000 938
0.003000 938
0.003000 938
0.003000 938
0.003000 938
0.003000 938
0.003000 938
0.003000 938
0.003000 938
0.003000 938
0.003000 938
0.003000 938
0.003000 938
0.003000 938
0.003000 938
0.003000 938
0.003000 938
0.003000 938
0.003000 938
0.003000 938
0.003000 938
0.003000 938
0.003000 938
0.004000 931
0.004000 931
0.004000 931
0.004000 931
0.004000 931
0.004000 927
0.004000 927
0.004000 927
0.004000 927
0.004000 927
0.004000 927
0.004000 927
0.004000 845
0.004000 812
0.004000 812
0.004000 812
0.004000 812
0.004000 812
0.004000 812
0.004000 784
0.004000 781
0.004000 768
0.004000 768
0.004000 768
0.004000 768
0.004000 768
0.004000 768
0.004000 768
0.004000 768
0.004000 768
0.004000 768
0.004000 768
0.004000 768
0.004000 768
0.004000 758
0.004000 733
0.004000 725
0.004000 717
0.004000 702
0.004000 697
0.004000 697
0.004000 697
0.004000 697
0.004000 697
0.004000 697
0.004000 697
0.004000 697
0.004000 697
0.004000 697
0.004000 697
0.004000 697
0.004000 697
0.004000 697
0.004000 697
0.004000 697
0.004000 697
0.004000 697
0.004000 697
0.004000 697
0.004000 697
0.004000 697
0.004000 697
0.004000 697
0.004000 697
0.004000 677
0.004000 646
0.004000 638
0.004000 616
0.004000 616
0.004000 616
0.004000 595
0.004000 595
0.004000 574
0.004000 574
0.004000 574
0.004000 574
0.004000 574
0.004000 574
0.004000 574
0.004000 574
0.004000 574
0.004000 574
0.004000 574
0.004000 574
0.004000 574
0.004000 574
0.004000 574
0.004000 574
0.004000 574
0.004000 574
0.004000 574
0.004000 574
0.004000 571
0.004000 562
0.004000 562
0.004000 562
0.004000 562
0.004000 562
0.004000 562
0.004000 562
0.004000 562
0.004000 562
0.005000 560
0.005000 560
0.005000 554
0.005000 554
0.005000 554
0.005000 554
0.005000 554
0.005000 554
0.005000 544
0.005000 543
0.005000 531
0.005000 531
0.005000 527
0.005000 527
0.005000 525
0.005000 525
0.005000 524
0.005000 524
0.005000 524
0.005000 524
0.005000 524
0.005000 524
0.005000 524
0.005000 524
0.005000 524
0.005000 524
0.005000 518
0.005000 516
0.005000 498
0.005000 489
0.005000 488
0.005000 474
0.005000 474
0.005000 466
0.005000 466
0.005000 460
0.005000 460
0.005000 460
0.005000 460
0.005000 460
0.005000 460
0.005000 460
0.005000 460
0.005000 460
0.005000 460
0.005000 460
0.005000 460
0.005000 460
0.005000 460
0.005000 460
0.005000 460
0.005000 460
0.005000 460
0.005000 460
0.005000 460
0.005000 460
0.005000 460
0.005000 460
0.005000 460
0.005000 460
0.005000 460
0.005000 460
0.005000 460
0.005000 460
0.005000 460
0.005000 460
0.005000 460
0.005000 460
0.005000 460
0.005000 460
0.005000 460
0.005000 460
0.005000 460
0.005000 460
0.005000 460
0.005000 460
0.005000 460
0.005000 460
0.005000 460
0.005000 460
0.005000 460
0.005000 460
0.005000 460
0.005000 458
0.005000 458
0.005000 458
0.005000 458
0.005000 458
0.005000 458
0.005000 458
0.005000 458
0.005000 458
0.005000 458
0.005000 458
0.005000 458
0.005000 458
0.005000 458
0.005000 458
0.005000 456
0.005000 456
0.005000 456
0.005000 456
0.005000 456
0.005000 455
0.005000 455
0.005000 455
0.005000 455
0.005000 455
0.005000 455
0.005000 455
0.005000 455
0.005000 454
0.005000 454
0.005000 454
0.005000 454
0.005000 454
0.006000 454
0.006000 454
0.006000 454
0.006000 454
0.006000 454
0.006000 454
0.006000 454
0.006000 454
0.006000 454
0.006000 454
0.006000 454
0.006000 454
0.006000 454
0.006000 454
0.006000 454
0.006000 454
0.006000 454
0.006000 454
0.006000 454
0.006000 454
0.006000 454
0.006000 454
0.006000 454
0.006000 454
0.006000 454
0.006000 454
0.006000 454
0.006000 454
0.006000 454
0.006000 454
0.006000 454
0.006000 454
0.006000 454
0.006000 454
0.006000 454
0.006000 454
0.006000 454
0.006000 454
0.006000 454
0.006000 454
0.006000 454
0.006000 454
0.006000 454
0.006000 454
0.006000 454
0.006000 454
0.006000 454
0.006000 454
0.006000 454
0.006000 454
0.006000 454
0.006000 454
0.006000 454
0.006000 454
0.006000 454
0.006000 454
0.006000 454
0.006000 454
0.006000 454
0.006000 454
0.006000 454
0.006000 454
0.006000 454
0.006000 454
0.006000 454
0.006000 454
0.006000 454
0.006000 454
0.006000 454
0.006000 454
0.006000 454
0.006000 454
0.006000 454
0.006000 454
0.006000 454
0.006000 454
0.006000 454
0.006000 454
0.006000 454
0.006000 454
0.006000 454
0.006000 454
0.006000 454
0.006000 454
0.006000 454
0.006000 454
0.006000 454
0.006000 454
0.006000 454
0.006000 454
0.006000 454
0.006000 454
0.006000 454
0.006000 454
0.006000 454
0.006000 454
0.006000 454
0.006000 454
0.006000 454
0.006000 454
0.006000 454
0.006000 454
0.006000 454
0.006000 454
0.006000 454
0.006000 454
0.006000 454
0.006000 454
0.006000 454
0.006000 454
0.006000 454
0.006000 454
0.006000 454
0.006000 454
0.006000 454
0.006000 454
0.006000 454
0.006000 454
0.006000 454
0.006000 454
0.006000 454
0.006000 454
0.006000 454
0.006000 454
0.006000 454
0.006000 454
0.006000 454
0.006000 454
0.006000 454
0.006000 454
0.006000 454
0.006000 454
0.006000 454
0.006000 454
0.006000 454
0.006000 454
0.006000 454
0.006000 454
0.006000 454
0.006000 454
0.006000 454
0.006000 454
0.006000 454
0.006000 454
0.006000 454
0.006000 454
0.006000 454
0.006000 454
0.006000 454
0.006000 454
0.006000 454
0.006000 454
0.006000 454
0.006000 454
0.006000 454
0.006000 454
0.006000 454
0.006000 454
0.006000 454
0.006000 454
0.006000 454
0.006000 454
0.006000 454
0.006000 454
0.006000 454
0.006000 454
0.006000 454
0.006000 454
0.006000 454
0.006000 454
0.006000 454
0.006000 454
0.006000 454
0.006000 454
0.006000 454
0.006000 454
0.006000 454
0.006000 454
0.006000 454
0.006000 454
0.006000 454
0.006000 454
0.006000 454
0.006000 454
0.006000 454
0.006000 454
0.006000 454
0.006000 454
0.006000 454
0.006000 454
0.006000 454
0.006000 454
0.006000 454
0.006000 454
0.006000 454
0.006000 454
0.006000 454
0.006000 454
0.006000 454
0.006000 454
0.006000 454
0.006000 454
0.006000 454
0.006000 454
0.006000 454
0.006000 454
0.006000 454
0.006000 454
0.007000 454
0.007000 454
0.007000 454
0.007000 454
0.007000 454
0.007000 454
0.007000 454
0.007000 454
0.007000 454
0.007000 454
0.007000 454
0.007000 454
0.007000 454
0.007000 454
0.007000 454
0.007000 454
0.007000 454
0.007000 454
0.007000 454
0.007000 454
0.007000 454
0.007000 454
0.007000 454
0.007000 454
0.007000 454
0.007000 454
0.007000 454
0.007000 454
0.007000 454
0.007000 454
0.007000 454
0.007000 454
0.007000 454
0.007000 454
0.007000 454
0.007000 454
0.007000 454
0.007000 454
0.007000 454
0.007000 454
0.007000 454
0.007000 454
0.007000 454
0.007000 454
0.007000 454
0.007000 454
0.007000 454
0.007000 454
0.007000 454
0.007000 454
0.007000 454
0.007000 454
0.007000 454
0.007000 454
0.007000 454
0.007000 454
0.007000 454
0.007000 454
0.007000 454
0.007000 454
0.007000 454
0.007000 454
0.007000 454
0.007000 454
0.007000 454
0.007000 454
0.007000 454
0.007000 454
0.007000 454
0.007000 454
0.007000 454
0.007000 454
0.007000 454
0.007000 454
0.007000 454
0.007000 454
0.007000 454
0.007000 454
0.007000 454
0.007000 454
0.007000 454
0.007000 454
0.007000 454
0.007000 454
0.007000 454
0.007000 454
0.007000 454
0.007000 454
0.007000 454
0.007000 454
0.007000 454
0.007000 454
0.007000 454
0.007000 454
0.007000 454
0.007000 454
0.007000 454
0.007000 454
0.007000 454
0.007000 454
0.007000 454
0.007000 454
0.007000 454
0.007000 454
0.007000 454
0.007000 454
0.007000 454
0.007000 454
0.008000 454
0.008000 454
0.008000 454
0.008000 454
0.008000 454
0.008000 454
0.008000 454
0.008000 454
0.008000 454
0.008000 454
0.008000 454
0.008000 454
0.008000 454
0.008000 454
0.008000 454
0.008000 454
0.008000 454
0.008000 454
0.008000 454
0.008000 454
0.008000 454
0.008000 454
0.008000 454
0.008000 454
0.008000 454
0.008000 454
0.008000 454
0.008000 454
0.008000 454
0.008000 454
0.008000 454
0.008000 454
0.008000 454
0.008000 454
0.008000 454
0.008000 454
0.008000 454
0.008000 454
0.008000 454
0.008000 454
0.008000 454
0.008000 454
0.008000 454
0.008000 454
0.008000 454
0.008000 454
0.008000 454
0.008000 454
0.008000 454
0.008000 454
0.008000 454
0.008000 454
0.008000 454
0.008000 454
0.008000 454
0.008000 454
0.008000 454
0.008000 454
0.008000 454
0.008000 454
0.008000 454
0.008000 454
0.008000 454
0.008000 454
0.008000 454
0.008000 454
0.008000 454
0.008000 454
0.008000 454
0.008000 454
0.008000 454
0.008000 454
0.008000 454
0.008000 454
0.008000 454
0.008000 454
0.008000 454
0.008000 454
0.008000 454
0.008000 454
0.008000 454
0.008000 454
0.008000 454
0.008000 454
0.008000 454
0.008000 454
0.008000 454
0.008000 454
0.008000 454
0.008000 454
0.008000 454
0.008000 454
0.008000 454
0.008000 454
0.008000 454
0.008000 454
0.008000 454
0.008000 454
0.008000 454
0.008000 454
0.008000 454
0.008000 454
0.008000 454
0.008000 454
0.008000 454
0.008000 454
0.008000 454
0.008000 454
0.008000 454
0.009000 454
0.009000 454
0.009000 454
0.009000 454
0.009000 454
0.009000 454
0.009000 454
0.009000 454
0.009000 454
0.009000 454
0.009000 454
0.009000 454
0.009000 454
0.009000 454
0.009000 454
0.009000 454
0.009000 454
0.009000 454
0.009000 454
0.009000 454
0.009000 454
0.009000 454
0.009000 454
0.009000 454
0.009000 454
0.009000 454
0.009000 454
0.009000 454
0.009000 454
0.009000 454
0.009000 454
0.009000 454
0.009000 454
0.009000 454
0.009000 454
0.009000 454
0.009000 454
0.009000 454
0.009000 454
0.009000 454
0.009000 454
0.009000 454
0.009000 454
0.009000 454
0.009000 454
0.009000 454
0.009000 454
0.009000 454
0.009000 454
0.009000 454
0.009000 454
0.009000 454
0.009000 454
0.009000 454
# Final Best Cost: 454
