# first_value: 1662
# Instance: eil51.tsp
# Method: random-search
# output: time cost
0 1662
1 0.000000 1662
2 0.000000 1662
3 0.000000 1566
4 0.000000 1566
5 0.000000 1566
6 0.000000 1566
7 0.000000 1566
8 0.000000 1566
9 0.000000 1566
10 0.000000 1513
11 0.000000 1513
12 0.000000 1513
13 0.000000 1513
14 0.000000 1513
15 0.000000 1513
16 0.000000 1513
17 0.000000 1513
18 0.000000 1513
19 0.000000 1513
20 0.000000 1513
21 0.000000 1513
22 0.000000 1513
23 0.000000 1513
24 0.000000 1513
25 0.000000 1513
26 0.000000 1513
27 0.000000 1513
28 0.000000 1513
29 0.000000 1513
30 0.000000 1513
31 0.000000 1513
32 0.000000 1513
33 0.000000 1513
34 0.000000 1513
35 0.000000 1513
36 0.000000 1513
37 0.000000 1513
38 0.000000 1513
39 0.000000 1513
40 0.000000 1513
41 0.000000 1513
42 0.000000 1513
43 0.000000 1513
44 0.000000 1513
45 0.000000 1513
46 0.000000 1513
47 0.000000 1513
48 0.000000 1513
49 0.000000 1513
50 0.000000 1513
51 0.000000 1513
52 0.000000 1513
53 0.000000 1513
54 0.000000 1513
55 0.000000 1513
56 0.000000 1513
57 0.000000 1513
58 0.000000 1513
59 0.000000 1513
60 0.000000 1513
61 0.000000 1513
62 0.000000 1513
63 0.000000 1513
64 0.000000 1513
65 0.000000 1513
66 0.000000 1513
67 0.000000 1513
68 0.000000 1513
69 0.000000 1477
70 0.000000 1477
71 0.000000 1477
72 0.000000 1477
73 0.000000 1477
74 0.000000 1477
75 0.000000 1477
76 0.000000 1477
77 0.000000 1477
78 0.000000 1477
79 0.000000 1477
80 0.000000 1477
81 0.000000 1477
82 0.000000 1477
83 0.000000 1477
84 0.000000 1477
85 0.000000 1477
86 0.000000 1477
87 0.000000 1477
88 0.000000 1477
89 0.000000 1477
90 0.000000 1477
91 0.000000 1477
92 0.000000 1477
93 0.000000 1477
94 0.000000 1477
95 0.000000 1477
96 0.000000 1477
97 0.000000 1477
98 0.000000 1477
99 0.000000 1477
100 0.000000 1477
101 0.000000 1477
102 0.000000 1477
103 0.000000 1477
104 0.000000 1477
105 0.000000 1477
106 0.000000 1477
107 0.000000 1477
108 0.000000 1477
109 0.000000 1477
110 0.000000 1477
111 0.000000 1477
112 0.000000 1477
113 0.000000 1477
114 0.000000 1477
115 0.000000 1477
116 0.000000 1477
117 0.000000 1477
118 0.000000 1446
119 0.000000 1446
120 0.000000 1446
121 0.000000 1446
122 0.000000 1446
123 0.000000 1446
124 0.000000 1446
125 0.000000 1446
126 0.000000 1446
127 0.000000 1446
128 0.000000 1446
129 0.000000 1446
130 0.000000 1446
131 0.000000 1446
132 0.000000 1444
133 0.000000 1444
134 0.000000 1444
135 0.000000 1444
136 0.000000 1444
137 0.000000 1444
138 0.000000 1444
139 0.000000 1444
140 0.000000 1444
141 0.000000 1444
142 0.000000 1444
143 0.000000 1444
144 0.000000 1444
145 0.000000 1444
146 0.000000 1444
147 0.000000 1444
148 0.000000 1444
149 0.000000 1444
150 0.000000 1444
151 0.000000 1444
152 0.000000 1444
153 0.000000 1444
154 0.000000 1444
155 0.000000 1444
156 0.000000 1444
157 0.000000 1444
158 0.000000 1444
159 0.000000 1444
160 0.000000 1444
161 0.000000 1444
162 0.000000 1444
163 0.000000 1444
164 0.000000 1444
165 0.000000 1444
166 0.000000 1444
167 0.000000 1444
168 0.000000 1444
169 0.000000 1444
170 0.000000 1444
171 0.000000 1444
172 0.000000 1444
173 0.000000 1444
174 0.000000 1444
175 0.000000 1444
176 0.000000 1444
177 0.000000 1444
178 0.000000 1444
179 0.000000 1444
180 0.000000 1444
181 0.000000 1444
182 0.000000 1444
183 0.000000 1444
184 0.000000 1444
185 0.000000 1444
186 0.000000 1444
187 0.000000 1444
188 0.000000 1444
189 0.000000 1444
190 0.000000 1444
191 0.000000 1444
192 0.000000 1444
193 0.000000 1444
194 0.000000 1444
195 0.000000 1444
196 0.000000 1444
197 0.000000 1444
198 0.000000 1444
199 0.000000 1444
200 0.000000 1444
201 0.000000 1444
202 0.000000 1444
203 0.000000 1444
204 0.000000 1444
205 0.000000 1444
206 0.000000 1444
207 0.000000 1444
208 0.000000 1444
209 0.000000 1444
210 0.000000 1444
211 0.000000 1444
212 0.000000 1444
213 0.000000 1444
214 0.000000 1444
215 0.000000 1444
216 0.000000 1444
217 0.000000 1444
218 0.000000 1444
219 0.000000 1444
220 0.000000 1444
221 0.000000 1444
222 0.000000 1444
223 0.000000 1444
224 0.000000 1444
225 0.000000 1444
226 0.000000 1444
227 0.000000 1444
228 0.000000 1444
229 0.000000 1444
230 0.000000 1444
231 0.000000 1444
232 0.000000 1444
233 0.000000 1444
234 0.000000 1444
235 0.000000 1444
236 0.000000 1444
237 0.000000 1444
238 0.000000 1444
239 0.000000 1444
240 0.000000 1444
241 0.000000 1444
242 0.000000 1444
243 0.000000 1444
244 0.000000 1444
245 0.000000 1444
246 0.000000 1444
247 0.000000 1444
248 0.000000 1444
249 0.000000 1444
250 0.000000 1444
251 0.000000 1444
252 0.000000 1444
253 0.000000 1444
254 0.000000 1444
255 0.000000 1444
256 0.000000 1444
257 0.000000 1444
258 0.000000 1444
259 0.000000 1444
260 0.000000 1444
261 0.000000 1444
262 0.000000 1444
263 0.000000 1444
264 0.000000 1444
265 0.000000 1444
266 0.000000 1444
267 0.000000 1444
268 0.000000 1444
269 0.000000 1444
270 0.000000 1444
271 0.000000 1444
272 0.000000 1444
273 0.000000 1444
274 0.000000 1444
275 0.000000 1444
276 0.000000 1444
277 0.000000 1444
278 0.000000 1444
279 0.000000 1444
280 0.000000 1444
281 0.000000 1444
282 0.000000 1444
283 0.000000 1444
284 0.000000 1444
285 0.000000 1444
286 0.000000 1444
287 0.000000 1444
288 0.000000 1444
289 0.000000 1444
290 0.000000 1444
291 0.000000 1444
292 0.000000 1444
293 0.000000 1444
294 0.000000 1444
295 0.000000 1444
296 0.000000 1444
297 0.000000 1444
298 0.000000 1444
299 0.000000 1444
300 0.000000 1444
301 0.000000 1444
302 0.000000 1444
303 0.000000 1444
304 0.000000 1444
305 0.000000 1444
306 0.000000 1444
307 0.000000 1444
308 0.000000 1444
309 0.000000 1444
310 0.000000 1444
311 0.000000 1444
312 0.000000 1444
313 0.000000 1444
314 0.000000 1444
315 0.000000 1444
316 0.000000 1444
317 0.000000 1444
318 0.000000 1444
319 0.000000 1444
320 0.000000 1444
321 0.000000 1444
322 0.000000 1444
323 0.000000 1444
324 0.000000 1444
325 0.000000 1444
326 0.000000 1444
327 0.000000 1444
328 0.000000 1444
329 0.000000 1444
330 0.000000 1444
331 0.000000 1444
332 0.000000 1444
333 0.000000 1444
334 0.000000 1444
335 0.000000 1444
336 0.000000 1444
337 0.000000 1444
338 0.000000 1444
339 0.000000 1444
340 0.000000 1444
341 0.000000 1444
342 0.000000 1444
343 0.000000 1444
344 0.000000 1444
345 0.000000 1444
346 0.000000 1444
347 0.000000 1444
348 0.000000 1444
349 0.000000 1444
350 0.000000 1444
351 0.000000 1444
352 0.000000 1444
353 0.000000 1444
354 0.000000 1444
355 0.000000 1444
356 0.000000 1444
357 0.000000 1444
358 0.000000 1444
359 0.000000 1444
360 0.000000 1444
361 0.000000 1444
362 0.000000 1444
363 0.000000 1444
364 0.000000 1444
365 0.000000 1444
366 0.000000 1444
367 0.000000 1440
368 0.000000 1440
369 0.000000 1440
370 0.000000 1440
371 0.000000 1440
372 0.000000 1360
373 0.000000 1360
374 0.000000 1360
375 0.000000 1360
376 0.000000 1360
377 0.000000 1360
378 0.000000 1360
379 0.000000 1360
380 0.000000 1360
381 0.000000 1360
382 0.000000 1360
383 0.000000 1360
384 0.000000 1360
385 0.000000 1360
386 0.000000 1360
387 0.000000 1360
388 0.000000 1360
389 0.000000 1360
390 0.000000 1360
391 0.000000 1360
392 0.000000 1360
393 0.000000 1360
394 0.000000 1360
395 0.000000 1360
396 0.000000 1360
397 0.000000 1360
398 0.000000 1360
399 0.000000 1360
400 0.000000 1360
401 0.000000 1360
402 0.000000 1360
403 0.000000 1360
404 0.000000 1360
405 0.000000 1360
406 0.000000 1360
407 0.000000 1360
408 0.000000 1360
409 0.000000 1360
410 0.000000 1360
411 0.000000 1360
412 0.000000 1360
413 0.000000 1360
414 0.000000 1360
415 0.000000 1360
416 0.000000 1360
417 0.000000 1360
418 0.000000 1360
419 0.000000 1360
420 0.000000 1360
421 0.000000 1360
422 0.000000 1360
423 0.000000 1360
424 0.000000 1360
425 0.000000 1360
426 0.000000 1360
427 0.000000 1360
428 0.000000 1360
429 0.000000 1360
430 0.000000 1360
431 0.000000 1360
432 0.000000 1360
433 0.000000 1360
434 0.000000 1360
435 0.000000 1360
436 0.000000 1360
437 0.000000 1360
438 0.000000 1360
439 0.000000 1360
440 0.000000 1360
441 0.000000 1360
442 0.000000 1360
443 0.000000 1360
444 0.000000 1360
445 0.000000 1360
446 0.000000 1360
447 0.000000 1360
448 0.000000 1360
449 0.000000 1360
450 0.000000 1360
451 0.000000 1360
452 0.000000 1360
453 0.000000 1360
454 0.000000 1360
455 0.000000 1360
456 0.000000 1360
457 0.000000 1360
458 0.000000 1360
459 0.000000 1360
460 0.000000 1360
461 0.000000 1360
462 0.000000 1360
463 0.000000 1360
464 0.000000 1360
465 0.000000 1360
466 0.000000 1360
467 0.000000 1360
468 0.000000 1360
469 0.000000 1360
470 0.000000 1360
471 0.000000 1360
472 0.000000 1360
473 0.000000 1360
474 0.000000 1360
475 0.000000 1360
476 0.000000 1360
477 0.000000 1360
478 0.000000 1360
479 0.000000 1360
480 0.000000 1360
481 0.000000 1360
482 0.000000 1360
483 0.000000 1360
484 0.000000 1360
485 0.000000 1360
486 0.000000 1360
487 0.000000 1360
488 0.000000 1360
489 0.000000 1360
490 0.000000 1360
491 0.000000 1360
492 0.000000 1360
493 0.000000 1360
494 0.000000 1360
495 0.000000 1360
496 0.000000 1360
497 0.000000 1360
498 0.000000 1360
499 0.000000 1360
500 0.000000 1360
501 0.000000 1360
502 0.000000 1360
503 0.000000 1360
504 0.000000 1360
505 0.000000 1360
506 0.000000 1360
507 0.000000 1360
508 0.000000 1360
509 0.000000 1360
510 0.000000 1360
511 0.000000 1360
512 0.000000 1360
513 0.000000 1360
514 0.000000 1360
515 0.000000 1360
516 0.000000 1360
517 0.000000 1360
518 0.000000 1360
519 0.000000 1360
520 0.000000 1360
521 0.000000 1360
522 0.000000 1360
523 0.000000 1360
524 0.000000 1360
525 0.000000 1360
526 0.000000 1360
527 0.000000 1360
528 0.000000 1360
529 0.000000 1360
530 0.000000 1360
531 0.000000 1360
532 0.000000 1360
533 0.000000 1360
534 0.000000 1360
535 0.000000 1360
536 0.000000 1360
537 0.000000 1360
538 0.000000 1360
539 0.000000 1360
540 0.000000 1360
541 0.000000 1360
542 0.000000 1360
543 0.000000 1360
544 0.000000 1360
545 0.000000 1360
546 0.000000 1360
547 0.000000 1360
548 0.000000 1360
549 0.000000 1360
550 0.000000 1360
551 0.000000 1360
552 0.000000 1360
553 0.000000 1360
554 0.000000 1360
555 0.000000 1360
556 0.000000 1360
557 0.000000 1360
558 0.000000 1360
559 0.000000 1360
560 0.000000 1360
561 0.000000 1360
562 0.000000 1360
563 0.000000 1360
564 0.000000 1360
565 0.000000 1360
566 0.000000 1360
567 0.000000 1360
568 0.000000 1360
569 0.000000 1360
570 0.000000 1360
571 0.000000 1360
572 0.000000 1360
573 0.000000 1360
574 0.000000 1360
575 0.000000 1360
576 0.000000 1360
577 0.000000 1360
578 0.000000 1360
579 0.000000 1360
580 0.000000 1360
581 0.000000 1360
582 0.000000 1360
583 0.000000 1360
584 0.000000 1360
585 0.000000 1360
586 0.000000 1360
587 0.000000 1360
588 0.000000 1360
589 0.000000 1360
590 0.000000 1360
591 0.000000 1360
592 0.000000 1360
593 0.000000 1360
594 0.000000 1360
595 0.000000 1360
596 0.000000 1360
597 0.000000 1360
598 0.000000 1360
599 0.000000 1360
600 0.000000 1360
601 0.000000 1360
602 0.000000 1360
603 0.000000 1360
604 0.000000 1360
605 0.000000 1360
606 0.000000 1360
607 0.000000 1360
608 0.000000 1360
609 0.000000 1360
610 0.000000 1360
611 0.000000 1360
612 0.000000 1360
613 0.000000 1360
614 0.000000 1360
615 0.000000 1360
616 0.000000 1360
617 0.000000 1360
618 0.000000 1360
619 0.000000 1360
620 0.000000 1360
621 0.000000 1360
622 0.000000 1360
623 0.000000 1360
624 0.000000 1360
625 0.000000 1360
626 0.000000 1360
627 0.000000 1360
628 0.000000 1360
629 0.000000 1360
630 0.000000 1360
631 0.000000 1360
632 0.000000 1360
633 0.000000 1360
634 0.000000 1360
635 0.000000 1360
636 0.000000 1360
637 0.000000 1360
638 0.000000 1360
639 0.000000 1360
640 0.000000 1360
641 0.000000 1360
642 0.000000 1360
643 0.000000 1360
644 0.000000 1360
645 0.000000 1360
646 0.000000 1360
647 0.000000 1360
648 0.000000 1360
649 0.000000 1360
650 0.000000 1360
651 0.000000 1360
652 0.000000 1360
653 0.000000 1360
654 0.000000 1360
655 0.000000 1360
656 0.000000 1360
657 0.000000 1360
658 0.000000 1360
659 0.000000 1360
660 0.000000 1360
661 0.000000 1360
662 0.000000 1360
663 0.000000 1360
664 0.000000 1360
665 0.000000 1360
666 0.000000 1360
667 0.000000 1360
668 0.000000 1360
669 0.000000 1360
670 0.000000 1360
671 0.000000 1360
672 0.000000 1360
673 0.000000 1360
674 0.000000 1360
675 0.000000 1360
676 0.000000 1360
677 0.000000 1360
678 0.000000 1360
679 0.000000 1360
680 0.000000 1360
681 0.000000 1360
682 0.000000 1360
683 0.000000 1360
684 0.000000 1360
685 0.000000 1360
686 0.000000 1360
687 0.000000 1360
688 0.000000 1360
689 0.000000 1360
690 0.000000 1360
691 0.000000 1360
692 0.000000 1360
693 0.000000 1360
694 0.000000 1360
695 0.000000 1360
696 0.000000 1360
697 0.000000 1360
698 0.000000 1360
699 0.000000 1360
700 0.000000 1360
701 0.000000 1360
702 0.000000 1360
703 0.000000 1360
704 0.000000 1360
705 0.000000 1360
706 0.000000 1360
707 0.000000 1360
708 0.000000 1360
709 0.000000 1360
710 0.000000 1360
711 0.000000 1360
712 0.000000 1360
713 0.000000 1360
714 0.000000 1360
715 0.000000 1360
716 0.000000 1360
717 0.000000 1360
718 0.000000 1360
719 0.000000 1360
720 0.000000 1360
721 0.000000 1360
722 0.000000 1360
723 0.000000 1360
724 0.000000 1360
725 0.000000 1360
726 0.000000 1360
727 0.000000 1360
728 0.000000 1360
729 0.000000 1360
730 0.000000 1360
731 0.000000 1360
732 0.000000 1360
733 0.000000 1360
734 0.000000 1360
735 0.000000 1360
736 0.000000 1360
737 0.000000 1360
738 0.000000 1360
739 0.000000 1360
740 0.000000 1360
741 0.000000 1360
742 0.000000 1360
743 0.000000 1360
744 0.000000 1360
745 0.000000 1360
746 0.000000 1360
747 0.000000 1360
748 0.000000 1360
749 0.000000 1360
750 0.000000 1360
751 0.000000 1360
752 0.000000 1360
753 0.000000 1360
754 0.000000 1360
755 0.000000 1360
756 0.000000 1360
757 0.000000 1360
758 0.000000 1360
759 0.000000 1360
760 0.000000 1360
761 0.000000 1360
762 0.000000 1360
763 0.000000 1360
764 0.000000 1360
765 0.000000 1360
766 0.000000 1360
767 0.000000 1360
768 0.000000 1360
769 0.000000 1360
770 0.000000 1360
771 0.000000 1360
772 0.000000 1360
773 0.000000 1360
774 0.000000 1360
775 0.000000 1360
776 0.000000 1360
777 0.000000 1360
778 0.000000 1360
779 0.000000 1360
780 0.000000 1360
781 0.000000 1360
782 0.000000 1360
783 0.000000 1360
784 0.000000 1360
785 0.000000 1360
786 0.000000 1360
787 0.000000 1360
788 0.000000 1360
789 0.000000 1360
790 0.000000 1360
791 0.000000 1360
792 0.000000 1360
793 0.000000 1360
794 0.000000 1360
795 0.000000 1360
796 0.000000 1360
797 0.000000 1360
798 0.000000 1360
799 0.000000 1360
800 0.000000 1360
801 0.000000 1360
802 0.000000 1360
803 0.000000 1360
804 0.000000 1360
805 0.000000 1360
806 0.000000 1360
807 0.000000 1360
808 0.000000 1360
809 0.000000 1360
810 0.000000 1360
811 0.000000 1360
812 0.000000 1360
813 0.000000 1360
814 0.000000 1360
815 0.000000 1360
816 0.000000 1360
817 0.000000 1360
818 0.000000 1360
819 0.000000 1360
820 0.000000 1360
821 0.000000 1360
822 0.000000 1360
823 0.000000 1360
824 0.000000 1360
825 0.000000 1360
826 0.000000 1360
827 0.000000 1360
828 0.000000 1360
829 0.000000 1360
830 0.000000 1360
831 0.000000 1360
832 0.000000 1360
833 0.000000 1360
834 0.000000 1360
835 0.000000 1360
836 0.000000 1360
837 0.000000 1360
838 0.000000 1360
839 0.000000 1360
840 0.000000 1360
841 0.000000 1360
842 0.000000 1360
843 0.000000 1360
844 0.000000 1360
845 0.000000 1360
846 0.000000 1360
847 0.000000 1360
848 0.000000 1360
849 0.000000 1360
850 0.000000 1360
851 0.000000 1360
852 0.000000 1360
853 0.000000 1360
854 0.000000 1360
855 0.000000 1360
856 0.000000 1360
857 0.000000 1360
858 0.000000 1360
859 0.000000 1360
860 0.000000 1360
861 0.000000 1360
862 0.000000 1360
863 0.000000 1360
864 0.000000 1360
865 0.000000 1360
866 0.000000 1360
867 0.000000 1360
868 0.000000 1360
869 0.000000 1360
870 0.000000 1360
871 0.000000 1360
872 0.000000 1360
873 0.000000 1360
874 0.000000 1360
875 0.000000 1360
876 0.000000 1360
877 0.000000 1360
878 0.000000 1360
879 0.000000 1360
880 0.000000 1360
881 0.000000 1360
882 0.000000 1360
883 0.000000 1360
884 0.000000 1360
885 0.000000 1360
886 0.000000 1360
887 0.000000 1360
888 0.000000 1360
889 0.000000 1360
890 0.000000 1360
891 0.000000 1360
892 0.000000 1360
893 0.000000 1360
894 0.000000 1360
895 0.000000 1360
896 0.000000 1360
897 0.000000 1360
898 0.000000 1360
899 0.000000 1360
900 0.000000 1360
901 0.000000 1360
902 0.000000 1360
903 0.000000 1360
904 0.000000 1360
905 0.000000 1360
906 0.000000 1360
907 0.000000 1360
908 0.000000 1360
909 0.000000 1360
910 0.000000 1360
911 0.000000 1360
912 0.000000 1360
913 0.000000 1360
914 0.000000 1360
915 0.000000 1360
916 0.000000 1360
917 0.000000 1360
918 0.000000 1360
919 0.000000 1360
920 0.000000 1360
921 0.000000 1360
922 0.000000 1360
923 0.000000 1360
924 0.000000 1360
925 0.000000 1360
926 0.000000 1360
927 0.000000 1360
928 0.000000 1360
929 0.000000 1360
930 0.000000 1360
931 0.000000 1360
932 0.000000 1360
933 0.000000 1360
934 0.000000 1360
935 0.000000 1360
936 0.000000 1360
937 0.000000 1360
938 0.000000 1360
939 0.000000 1360
940 0.000000 1360
941 0.000000 1360
942 0.000000 1360
943 0.000000 1360
944 0.000000 1360
945 0.000000 1360
946 0.000000 1360
947 0.000000 1360
948 0.000000 1360
949 0.000000 1360
950 0.000000 1360
951 0.000000 1360
952 0.000000 1360
953 0.000000 1360
954 0.000000 1360
955 0.000000 1360
956 0.000000 1360
957 0.000000 1360
958 0.000000 1360
959 0.000000 1360
960 0.000000 1360
961 0.000000 1360
962 0.000000 1360
963 0.000000 1360
964 0.000000 1360
965 0.000000 1360
966 0.000000 1360
967 0.000000 1360
968 0.000000 1360
969 0.000000 1360
970 0.000000 1360
971 0.000000 1360
972 0.000000 1360
973 0.000000 1360
974 0.000000 1360
975 0.000000 1360
976 0.000000 1360
977 0.000000 1360
978 0.000000 1360
979 0.000000 1360
980 0.000000 1360
981 0.000000 1360
982 0.000000 1360
983 0.000000 1360
984 0.000000 1360
985 0.000000 1360
986 0.000000 1360
987 0.000000 1360
988 0.000000 1360
989 0.000000 1360
990 0.000000 1360
991 0.000000 1360
992 0.000000 1360
993 0.000000 1360
994 0.000000 1360
995 0.000000 1360
996 0.000000 1360
997 0.000000 1360
998 0.000000 1360
999 0.000000 1360
1000 0.000000 1360
1001 0.000000 1360
1002 0.000000 1360
1003 0.000000 1360
1004 0.000000 1360
1005 0.000000 1360
1006 0.000000 1360
1007 0.000000 1360
1008 0.000000 1360
1009 0.000000 1360
1010 0.000000 1360
1011 0.000000 1360
1012 0.000000 1360
1013 0.000000 1360
1014 0.000000 1360
1015 0.000000 1360
1016 0.000000 1360
1017 0.000000 1360
1018 0.000000 1360
1019 0.000000 1360
1020 0.000000 1360
1021 0.000000 1360
1022 0.000000 1360
1023 0.000000 1360
1024 0.000000 1360
1025 0.000000 1360
1026 0.000000 1360
1027 0.000000 1360
1028 0.000000 1360
1029 0.000000 1360
1030 0.000000 1360
1031 0.000000 1360
1032 0.000000 1360
1033 0.000000 1360
1034 0.000000 1360
1035 0.000000 1360
1036 0.000000 1360
1037 0.000000 1360
1038 0.000000 1360
1039 0.000000 1360
1040 0.000000 1360
1041 0.000000 1360
1042 0.000000 1360
1043 0.000000 1360
1044 0.000000 1360
1045 0.000000 1360
1046 0.000000 1360
1047 0.000000 1360
1048 0.000000 1360
1049 0.000000 1360
1050 0.000000 1360
1051 0.000000 1360
1052 0.000000 1360
1053 0.000000 1360
1054 0.000000 1360
1055 0.000000 1360
1056 0.000000 1360
1057 0.000000 1360
1058 0.000000 1360
1059 0.000000 1360
1060 0.000000 1360
1061 0.000000 1360
1062 0.000000 1360
1063 0.000000 1360
1064 0.000000 1360
1065 0.000000 1360
1066 0.000000 1297
1067 0.000000 1297
1068 0.000000 1297
1069 0.000000 1297
1070 0.000000 1297
1071 0.000000 1297
1072 0.000000 1297
1073 0.000000 1297
1074 0.000000 1297
1075 0.000000 1297
1076 0.000000 1297
1077 0.000000 1297
1078 0.000000 1297
1079 0.000000 1297
1080 0.000000 1297
1081 0.000000 1297
1082 0.000000 1297
1083 0.000000 1297
1084 0.000000 1297
1085 0.000000 1297
1086 0.000000 1297
1087 0.000000 1297
1088 0.000000 1297
1089 0.000000 1297
1090 0.000000 1297
1091 0.000000 1297
1092 0.000000 1297
1093 0.000000 1297
1094 0.000000 1297
1095 0.000000 1297
1096 0.000000 1297
1097 0.000000 1297
1098 0.000000 1297
1099 0.000000 1297
1100 0.000000 1297
1101 0.000000 1297
1102 0.000000 1297
1103 0.000000 1297
1104 0.000000 1297
1105 0.000000 1297
1106 0.000000 1297
1107 0.000000 1297
1108 0.000000 1297
1109 0.000000 1297
1110 0.000000 1297
1111 0.000000 1297
1112 0.000000 1297
1113 0.000000 1297
1114 0.000000 1297
1115 0.000000 1297
1116 0.000000 1297
1117 0.000000 1297
1118 0.000000 1297
1119 0.000000 1297
1120 0.000000 1297
1121 0.000000 1297
1122 0.000000 1297
1123 0.000000 1297
1124 0.000000 1297
1125 0.000000 1297
1126 0.000000 1297
1127 0.000000 1297
1128 0.000000 1297
1129 0.000000 1297
1130 0.000000 1297
1131 0.000000 1297
1132 0.000000 1297
1133 0.000000 1297
1134 0.000000 1297
1135 0.000000 1297
1136 0.000000 1297
1137 0.000000 1297
1138 0.000000 1297
1139 0.000000 1297
1140 0.000000 1297
1141 0.000000 1297
1142 0.000000 1297
1143 0.000000 1297
1144 0.000000 1297
1145 0.000000 1297
1146 0.000000 1297
1147 0.000000 1297
1148 0.000000 1297
1149 0.000000 1297
1150 0.000000 1297
1151 0.000000 1297
1152 0.000000 1297
1153 0.000000 1297
1154 0.000000 1297
1155 0.000000 1297
1156 0.000000 1297
1157 0.000000 1297
1158 0.000000 1297
1159 0.000000 1297
1160 0.000000 1297
1161 0.000000 1297
1162 0.000000 1297
1163 0.000000 1297
1164 0.000000 1297
1165 0.000000 1297
1166 0.000000 1297
1167 0.000000 1297
1168 0.000000 1297
1169 0.000000 1297
1170 0.000000 1297
1171 0.000000 1297
1172 0.000000 1297
1173 0.000000 1297
1174 0.000000 1297
1175 0.000000 1297
1176 0.000000 1297
1177 0.000000 1297
1178 0.000000 1297
1179 0.000000 1297
1180 0.000000 1297
1181 0.000000 1297
1182 0.000000 1297
1183 0.000000 1297
1184 0.000000 1297
1185 0.000000 1297
1186 0.000000 1297
1187 0.000000 1297
1188 0.000000 1297
1189 0.000000 1297
1190 0.000000 1297
1191 0.000000 1297
1192 0.000000 1297
1193 0.000000 1297
1194 0.000000 1297
1195 0.000000 1297
1196 0.000000 1297
1197 0.000000 1297
1198 0.000000 1297
1199 0.000000 1297
1200 0.000000 1297
1201 0.000000 1297
1202 0.000000 1297
1203 0.000000 1297
1204 0.000000 1297
1205 0.000000 1297
1206 0.000000 1297
1207 0.000000 1297
1208 0.000000 1297
1209 0.000000 1297
1210 0.000000 1297
1211 0.000000 1297
1212 0.000000 1297
1213 0.000000 1297
1214 0.000000 1297
1215 0.000000 1297
1216 0.000000 1297
1217 0.000000 1297
1218 0.000000 1297
1219 0.000000 1297
1220 0.000000 1297
1221 0.000000 1297
1222 0.000000 1297
1223 0.000000 1297
1224 0.000000 1297
1225 0.000000 1297
1226 0.000000 1297
1227 0.000000 1297
1228 0.000000 1297
1229 0.000000 1297
1230 0.000000 1297
1231 0.000000 1297
1232 0.000000 1297
1233 0.000000 1297
1234 0.000000 1297
1235 0.000000 1297
1236 0.000000 1297
1237 0.000000 1297
1238 0.000000 1297
1239 0.000000 1297
1240 0.000000 1297
1241 0.000000 1297
1242 0.000000 1297
1243 0.000000 1297
1244 0.000000 1297
1245 0.000000 1297
1246 0.000000 1297
1247 0.000000 1297
1248 0.000000 1297
1249 0.000000 1297
1250 0.000000 1297
1251 0.000000 1297
1252 0.000000 1297
1253 0.000000 1297
1254 0.000000 1297
1255 0.000000 1297
1256 0.000000 1297
1257 0.000000 1297
1258 0.000000 1297
1259 0.000000 1297
1260 0.000000 1297
1261 0.000000 1297
1262 0.000000 1297
1263 0.000000 1297
1264 0.000000 1297
1265 0.000000 1297
1266 0.000000 1297
1267 0.000000 1297
1268 0.000000 1297
1269 0.000000 1297
1270 0.000000 1297
1271 0.000000 1297
1272 0.000000 1297
1273 0.000000 1297
1274 0.000000 1297
1275 0.000000 1297
1276 0.000000 1297
1277 0.000000 1297
1278 0.000000 1297
1279 0.000000 1297
1280 0.000000 1297
1281 0.000000 1297
1282 0.000000 1297
1283 0.000000 1297
1284 0.000000 1297
1285 0.000000 1297
1286 0.000000 1297
1287 0.000000 1297
1288 0.000000 1297
1289 0.000000 1297
1290 0.000000 1297
1291 0.000000 1297
1292 0.000000 1297
1293 0.000000 1297
1294 0.000000 1297
1295 0.000000 1297
1296 0.000000 1297
1297 0.000000 1297
1298 0.000000 1297
1299 0.000000 1297
1300 0.000000 1297
1301 0.000000 1297
1302 0.000000 1297
1303 0.000000 1297
1304 0.000000 1297
1305 0.000000 1297
1306 0.000000 1297
1307 0.000000 1297
1308 0.000000 1297
1309 0.000000 1297
1310 0.000000 1297
1311 0.000000 1297
1312 0.000000 1297
1313 0.000000 1297
1314 0.000000 1297
1315 0.000000 1297
1316 0.000000 1297
1317 0.000000 1297
1318 0.000000 1297
1319 0.000000 1297
1320 0.000000 1297
1321 0.000000 1297
1322 0.000000 1297
1323 0.000000 1297
1324 0.000000 1297
1325 0.000000 1297
1326 0.000000 1297
1327 0.000000 1297
1328 0.000000 1297
1329 0.000000 1297
1330 0.000000 1297
1331 0.000000 1297
1332 0.000000 1297
1333 0.000000 1297
1334 0.000000 1297
1335 0.000000 1297
1336 0.000000 1297
1337 0.000000 1297
1338 0.000000 1297
1339 0.000000 1297
1340 0.000000 1297
1341 0.000000 1297
1342 0.000000 1297
1343 0.000000 1297
1344 0.000000 1297
1345 0.000000 1297
1346 0.000000 1297
1347 0.000000 1297
1348 0.000000 1297
1349 0.000000 1297
1350 0.000000 1297
1351 0.000000 1297
1352 0.000000 1297
1353 0.000000 1297
1354 0.000000 1297
1355 0.000000 1297
1356 0.000000 1297
1357 0.000000 1297
1358 0.000000 1297
1359 0.000000 1297
1360 0.000000 1297
1361 0.000000 1297
1362 0.000000 1297
1363 0.000000 1297
1364 0.000000 1297
1365 0.000000 1297
1366 0.000000 1297
1367 0.000000 1297
1368 0.000000 1297
1369 0.000000 1297
1370 0.000000 1297
1371 0.000000 1297
1372 0.000000 1297
1373 0.000000 1297
1374 0.000000 1297
1375 0.000000 1297
1376 0.000000 1297
1377 0.000000 1297
1378 0.000000 1297
1379 0.000000 1297
1380 0.000000 1297
1381 0.000000 1297
1382 0.000000 1297
1383 0.000000 1297
1384 0.000000 1297
1385 0.000000 1297
1386 0.000000 1297
1387 0.000000 1297
1388 0.000000 1297
1389 0.000000 1297
1390 0.000000 1297
1391 0.000000 1297
1392 0.000000 1297
1393 0.000000 1297
1394 0.000000 1297
1395 0.000000 1297
1396 0.000000 1297
1397 0.000000 1297
1398 0.000000 1297
1399 0.000000 1297
1400 0.000000 1297
1401 0.000000 1297
1402 0.000000 1297
1403 0.000000 1297
1404 0.000000 1297
1405 0.000000 1297
1406 0.000000 1297
1407 0.000000 1297
1408 0.000000 1297
1409 0.000000 1297
1410 0.000000 1297
1411 0.000000 1297
1412 0.000000 1297
1413 0.000000 1297
1414 0.000000 1297
1415 0.000000 1297
1416 0.000000 1297
1417 0.000000 1297
1418 0.000000 1297
1419 0.000000 1297
1420 0.000000 1297
1421 0.000000 1297
1422 0.000000 1297
1423 0.000000 1297
1424 0.000000 1297
1425 0.000000 1297
1426 0.000000 1297
1427 0.000000 1297
1428 0.000000 1297
1429 0.000000 1297
1430 0.000000 1297
1431 0.000000 1297
1432 0.000000 1297
1433 0.000000 1297
1434 0.000000 1297
1435 0.000000 1297
1436 0.000000 1297
1437 0.000000 1297
1438 0.000000 1297
1439 0.000000 1297
1440 0.000000 1297
1441 0.000000 1297
1442 0.000000 1297
1443 0.000000 1297
1444 0.000000 1297
1445 0.000000 1297
1446 0.000000 1297
1447 0.000000 1297
1448 0.000000 1297
1449 0.000000 1297
1450 0.000000 1297
1451 0.000000 1297
1452 0.000000 1297
1453 0.000000 1297
1454 0.000000 1297
1455 0.000000 1297
1456 0.000000 1297
1457 0.000000 1297
1458 0.000000 1297
1459 0.000000 1297
1460 0.000000 1297
1461 0.000000 1297
1462 0.000000 1297
1463 0.000000 1297
1464 0.000000 1297
1465 0.000000 1297
1466 0.000000 1297
1467 0.000000 1297
1468 0.000000 1297
1469 0.000000 1297
1470 0.000000 1297
1471 0.000000 1297
1472 0.000000 1297
1473 0.000000 1297
1474 0.000000 1297
1475 0.000000 1297
1476 0.000000 1297
1477 0.000000 1297
1478 0.000000 1297
1479 0.000000 1297
1480 0.000000 1297
1481 0.000000 1297
1482 0.000000 1297
1483 0.000000 1297
1484 0.000000 1297
1485 0.000000 1297
1486 0.000000 1297
1487 0.000000 1297
1488 0.000000 1297
1489 0.000000 1297
1490 0.000000 1297
1491 0.000000 1297
1492 0.000000 1297
1493 0.000000 1297
1494 0.000000 1297
1495 0.000000 1297
1496 0.000000 1297
1497 0.000000 1297
1498 0.000000 1297
1499 0.000000 1297
1500 0.000000 1297
1501 0.000000 1297
1502 0.000000 1297
1503 0.000000 1297
1504 0.000000 1297
1505 0.000000 1297
1506 0.000000 1297
1507 0.000000 1297
1508 0.000000 1297
1509 0.000000 1297
1510 0.000000 1297
1511 0.000000 1297
1512 0.000000 1297
1513 0.000000 1297
1514 0.000000 1297
1515 0.000000 1297
1516 0.000000 1297
1517 0.000000 1297
1518 0.000000 1297
1519 0.000000 1297
1520 0.000000 1297
1521 0.000000 1297
1522 0.000000 1297
1523 0.000000 1297
1524 0.000000 1297
1525 0.000000 1297
1526 0.000000 1297
1527 0.000000 1297
1528 0.000000 1297
1529 0.000000 1297
1530 0.000000 1297
1531 0.000000 1297
1532 0.000000 1297
1533 0.000000 1297
1534 0.000000 1297
1535 0.000000 1297
1536 0.000000 1297
1537 0.000000 1297
1538 0.000000 1297
1539 0.000000 1297
1540 0.000000 1297
1541 0.000000 1297
1542 0.000000 1297
1543 0.000000 1297
1544 0.000000 1297
1545 0.000000 1297
1546 0.000000 1297
1547 0.000000 1297
1548 0.000000 1297
1549 0.000000 1297
1550 0.000000 1297
1551 0.000000 1297
1552 0.000000 1297
1553 0.000000 1297
1554 0.000000 1297
1555 0.000000 1297
1556 0.000000 1297
1557 0.000000 1297
1558 0.000000 1297
1559 0.000000 1297
1560 0.000000 1297
1561 0.000000 1297
1562 0.000000 1297
1563 0.000000 1297
1564 0.000000 1297
1565 0.000000 1297
1566 0.000000 1297
1567 0.000000 1297
1568 0.000000 1297
1569 0.000000 1297
1570 0.000000 1297
1571 0.000000 1297
1572 0.000000 1297
1573 0.000000 1297
1574 0.000000 1297
1575 0.000000 1297
1576 0.000000 1297
1577 0.000000 1297
1578 0.000000 1297
1579 0.000000 1297
1580 0.000000 1297
1581 0.000000 1297
1582 0.000000 1297
1583 0.000000 1297
1584 0.000000 1297
1585 0.000000 1297
1586 0.000000 1297
1587 0.000000 1297
1588 0.000000 1297
1589 0.000000 1297
1590 0.000000 1297
1591 0.000000 1297
1592 0.000000 1297
1593 0.000000 1297
1594 0.000000 1297
1595 0.000000 1297
1596 0.000000 1297
1597 0.000000 1297
1598 0.000000 1297
1599 0.000000 1297
1600 0.000000 1297
1601 0.000000 1297
1602 0.000000 1297
1603 0.000000 1297
1604 0.000000 1297
1605 0.000000 1297
1606 0.000000 1297
1607 0.000000 1297
1608 0.000000 1297
1609 0.000000 1297
1610 0.000000 1297
1611 0.000000 1297
1612 0.000000 1297
1613 0.000000 1297
1614 0.000000 1297
1615 0.000000 1297
1616 0.000000 1297
1617 0.000000 1297
1618 0.000000 1297
1619 0.000000 1297
1620 0.000000 1297
1621 0.000000 1297
1622 0.000000 1297
1623 0.000000 1297
1624 0.000000 1297
1625 0.000000 1297
1626 0.000000 1297
1627 0.000000 1297
1628 0.000000 1297
1629 0.000000 1297
1630 0.000000 1297
1631 0.000000 1297
1632 0.000000 1297
1633 0.000000 1297
1634 0.000000 1297
1635 0.000000 1297
1636 0.000000 1297
1637 0.000000 1297
1638 0.000000 1297
1639 0.000000 1297
1640 0.000000 1297
1641 0.000000 1297
1642 0.000000 1297
1643 0.000000 1297
1644 0.000000 1297
1645 0.000000 1297
1646 0.000000 1297
1647 0.000000 1297
1648 0.000000 1297
1649 0.000000 1297
1650 0.000000 1297
1651 0.000000 1297
1652 0.000000 1297
1653 0.000000 1297
1654 0.000000 1297
1655 0.000000 1297
1656 0.000000 1297
1657 0.000000 1297
1658 0.000000 1297
1659 0.000000 1297
1660 0.000000 1297
1661 0.000000 1297
1662 0.000000 1297
1663 0.000000 1297
1664 0.000000 1297
1665 0.000000 1297
1666 0.000000 1297
1667 0.000000 1297
1668 0.000000 1297
1669 0.000000 1297
1670 0.000000 1297
1671 0.000000 1297
1672 0.000000 1297
1673 0.000000 1297
1674 0.000000 1297
1675 0.000000 1297
1676 0.000000 1297
1677 0.000000 1297
1678 0.000000 1297
1679 0.000000 1297
1680 0.000000 1297
1681 0.000000 1297
1682 0.000000 1297
1683 0.000000 1297
1684 0.000000 1297
1685 0.000000 1297
1686 0.000000 1297
1687 0.000000 1297
1688 0.000000 1297
1689 0.000000 1297
1690 0.000000 1297
1691 0.000000 1297
1692 0.000000 1297
1693 0.000000 1297
1694 0.000000 1297
1695 0.000000 1297
1696 0.000000 1297
1697 0.000000 1297
1698 0.000000 1297
1699 0.000000 1297
1700 0.000000 1297
1701 0.000000 1297
1702 0.000000 1297
1703 0.000000 1297
1704 0.000000 1297
1705 0.000000 1297
1706 0.000000 1297
1707 0.000000 1297
1708 0.000000 1297
1709 0.000000 1297
1710 0.000000 1297
1711 0.000000 1297
1712 0.000000 1297
1713 0.000000 1297
1714 0.000000 1297
1715 0.000000 1297
1716 0.000000 1297
1717 0.000000 1297
1718 0.000000 1297
1719 0.000000 1297
1720 0.000000 1297
1721 0.000000 1297
1722 0.000000 1297
1723 0.000000 1297
1724 0.000000 1297
1725 0.000000 1297
1726 0.000000 1297
1727 0.000000 1297
1728 0.000000 1297
1729 0.000000 1297
1730 0.000000 1297
1731 0.000000 1297
1732 0.000000 1297
1733 0.000000 1297
1734 0.000000 1297
1735 0.000000 1297
1736 0.000000 1297
1737 0.000000 1297
1738 0.000000 1297
1739 0.000000 1297
1740 0.000000 1297
1741 0.000000 1297
1742 0.000000 1297
1743 0.000000 1297
1744 0.000000 1297
1745 0.000000 1297
1746 0.000000 1297
1747 0.000000 1297
1748 0.000000 1297
1749 0.000000 1297
1750 0.000000 1297
1751 0.000000 1297
1752 0.000000 1297
1753 0.000000 1297
1754 0.000000 1297
1755 0.000000 1297
1756 0.000000 1297
1757 0.000000 1297
1758 0.000000 1297
1759 0.000000 1297
1760 0.000000 1297
1761 0.000000 1297
1762 0.000000 1297
1763 0.000000 1297
1764 0.000000 1297
1765 0.000000 1297
1766 0.000000 1297
1767 0.000000 1297
1768 0.000000 1297
1769 0.000000 1297
1770 0.000000 1297
1771 0.000000 1297
1772 0.000000 1297
1773 0.000000 1297
1774 0.000000 1297
1775 0.000000 1297
1776 0.000000 1297
1777 0.000000 1297
1778 0.000000 1297
1779 0.000000 1297
1780 0.000000 1297
1781 0.000000 1297
1782 0.000000 1297
1783 0.000000 1297
1784 0.000000 1297
1785 0.000000 1297
1786 0.000000 1297
1787 0.000000 1297
1788 0.000000 1297
1789 0.000000 1297
1790 0.000000 1297
1791 0.000000 1297
1792 0.000000 1297
1793 0.000000 1297
1794 0.000000 1297
1795 0.000000 1297
1796 0.000000 1297
1797 0.000000 1297
1798 0.000000 1297
1799 0.000000 1297
1800 0.000000 1297
1801 0.000000 1297
1802 0.000000 1297
1803 0.000000 1297
1804 0.000000 1297
1805 0.000000 1297
1806 0.000000 1297
1807 0.000000 1297
1808 0.000000 1297
1809 0.000000 1297
1810 0.000000 1297
1811 0.000000 1297
1812 0.000000 1297
1813 0.000000 1297
1814 0.000000 1297
1815 0.000000 1297
1816 0.000000 1297
1817 0.000000 1297
1818 0.000000 1297
1819 0.000000 1297
1820 0.000000 1297
1821 0.000000 1297
1822 0.000000 1297
1823 0.000000 1297
1824 0.000000 1297
1825 0.000000 1297
1826 0.000000 1297
1827 0.000000 1297
1828 0.000000 1297
1829 0.000000 1297
1830 0.000000 1297
1831 0.000000 1297
1832 0.000000 1297
1833 0.000000 1297
1834 0.000000 1297
1835 0.000000 1297
1836 0.000000 1297
1837 0.000000 1297
1838 0.000000 1297
1839 0.000000 1297
1840 0.000000 1297
1841 0.000000 1297
1842 0.000000 1297
1843 0.000000 1297
1844 0.000000 1297
1845 0.000000 1297
1846 0.000000 1297
1847 0.000000 1297
1848 0.000000 1297
1849 0.000000 1297
1850 0.000000 1297
1851 0.000000 1297
1852 0.000000 1297
1853 0.000000 1297
1854 0.000000 1297
1855 0.000000 1297
1856 0.000000 1297
1857 0.000000 1297
1858 0.000000 1297
1859 0.000000 1297
1860 0.000000 1297
1861 0.000000 1297
1862 0.000000 1297
1863 0.000000 1297
1864 0.000000 1297
1865 0.000000 1297
1866 0.000000 1297
1867 0.000000 1297
1868 0.000000 1297
1869 0.000000 1297
1870 0.000000 1297
1871 0.000000 1297
1872 0.000000 1297
1873 0.000000 1297
1874 0.000000 1297
1875 0.000000 1297
1876 0.000000 1297
1877 0.000000 1297
1878 0.000000 1297
1879 0.000000 1297
1880 0.000000 1297
1881 0.000000 1297
1882 0.000000 1297
1883 0.000000 1297
1884 0.000000 1297
1885 0.000000 1297
1886 0.000000 1297
1887 0.000000 1297
1888 0.000000 1297
1889 0.000000 1297
1890 0.000000 1297
1891 0.000000 1297
1892 0.000000 1297
1893 0.000000 1297
1894 0.000000 1297
1895 0.000000 1297
1896 0.000000 1297
1897 0.000000 1297
1898 0.000000 1297
1899 0.000000 1297
1900 0.000000 1297
1901 0.000000 1297
1902 0.000000 1297
1903 0.000000 1297
1904 0.000000 1297
1905 0.000000 1297
1906 0.000000 1297
1907 0.000000 1297
1908 0.000000 1297
1909 0.000000 1297
1910 0.000000 1297
1911 0.000000 1297
1912 0.000000 1297
1913 0.000000 1297
1914 0.000000 1297
1915 0.000000 1297
1916 0.000000 1297
1917 0.000000 1297
1918 0.000000 1297
1919 0.000000 1297
1920 0.000000 1297
1921 0.000000 1297
1922 0.000000 1297
1923 0.000000 1297
1924 0.000000 1297
1925 0.000000 1297
1926 0.000000 1297
1927 0.000000 1297
1928 0.000000 1297
1929 0.000000 1297
1930 0.000000 1297
1931 0.000000 1297
1932 0.000000 1297
1933 0.000000 1297
1934 0.000000 1297
1935 0.000000 1297
1936 0.000000 1297
1937 0.000000 1297
1938 0.000000 1297
1939 0.000000 1297
1940 0.000000 1297
1941 0.000000 1297
1942 0.000000 1297
1943 0.000000 1297
1944 0.000000 1297
1945 0.000000 1297
1946 0.000000 1297
1947 0.000000 1297
1948 0.000000 1297
1949 0.000000 1297
1950 0.000000 1297
1951 0.000000 1297
1952 0.000000 1297
1953 0.000000 1297
1954 0.000000 1297
1955 0.000000 1297
1956 0.000000 1297
1957 0.000000 1297
1958 0.000000 1297
1959 0.000000 1297
1960 0.000000 1297
1961 0.000000 1297
1962 0.000000 1297
1963 0.000000 1297
1964 0.000000 1297
1965 0.000000 1297
1966 0.000000 1297
1967 0.000000 1297
1968 0.000000 1297
1969 0.000000 1297
1970 0.000000 1297
1971 0.000000 1297
1972 0.000000 1297
1973 0.000000 1297
1974 0.000000 1297
1975 0.000000 1297
1976 0.000000 1297
1977 0.000000 1297
1978 0.000000 1297
1979 0.000000 1297
1980 0.000000 1297
1981 0.000000 1297
1982 0.000000 1297
1983 0.000000 1297
1984 0.000000 1297
1985 0.000000 1297
1986 0.000000 1297
1987 0.000000 1297
1988 0.000000 1297
1989 0.000000 1297
1990 0.000000 1297
1991 0.000000 1297
1992 0.000000 1297
1993 0.000000 1297
1994 0.000000 1297
1995 0.000000 1297
1996 0.000000 1297
1997 0.000000 1297
1998 0.000000 1297
1999 0.000000 1297
2000 0.000000 1297
2001 0.000000 1297
2002 0.000000 1297
2003 0.000000 1297
2004 0.000000 1297
2005 0.000000 1297
2006 0.000000 1297
2007 0.000000 1297
2008 0.000000 1297
2009 0.000000 1297
2010 0.000000 1297
2011 0.000000 1297
2012 0.000000 1297
2013 0.000000 1297
2014 0.000000 1297
2015 0.000000 1297
2016 0.000000 1297
2017 0.000000 1297
2018 0.000000 1297
2019 0.000000 1297
2020 0.000000 1297
2021 0.000000 1297
2022 0.000000 1297
2023 0.000000 1297
2024 0.000000 1297
2025 0.000000 1297
2026 0.000000 1297
2027 0.000000 1297
2028 0.000000 1297
2029 0.000000 1297
2030 0.000000 1297
2031 0.000000 1297
2032 0.000000 1297
2033 0.000000 1297
2034 0.000000 1297
2035 0.000000 1297
2036 0.000000 1297
2037 0.000000 1297
2038 0.000000 1297
2039 0.000000 1297
2040 0.000000 1297
2041 0.000000 1297
2042 0.000000 1297
2043 0.000000 1297
2044 0.000000 1297
2045 0.000000 1297
2046 0.000000 1297
2047 0.000000 1297
2048 0.000000 1297
2049 0.000000 1297
2050 0.000000 1297
2051 0.000000 1297
2052 0.000000 1297
2053 0.000000 1297
2054 0.000000 1297
2055 0.000000 1297
2056 0.000000 1297
2057 0.000000 1297
2058 0.000000 1297
2059 0.000000 1297
2060 0.000000 1297
2061 0.000000 1297
2062 0.000000 1297
2063 0.000000 1297
2064 0.000000 1297
2065 0.000000 1297
2066 0.000000 1297
2067 0.000000 1297
2068 0.000000 1297
2069 0.000000 1297
2070 0.000000 1297
2071 0.000000 1297
2072 0.000000 1297
2073 0.000000 1297
2074 0.000000 1297
2075 0.000000 1297
2076 0.000000 1297
2077 0.000000 1297
2078 0.000000 1297
2079 0.000000 1297
2080 0.000000 1297
2081 0.000000 1297
2082 0.000000 1297
2083 0.000000 1297
2084 0.000000 1297
2085 0.000000 1297
2086 0.000000 1297
2087 0.000000 1297
2088 0.000000 1297
2089 0.000000 1297
2090 0.000000 1297
2091 0.000000 1297
2092 0.000000 1297
2093 0.000000 1297
2094 0.000000 1297
2095 0.000000 1297
2096 0.000000 1297
2097 0.000000 1297
2098 0.000000 1297
2099 0.000000 1297
2100 0.000000 1297
2101 0.000000 1297
2102 0.000000 1297
2103 0.000000 1297
2104 0.000000 1297
2105 0.000000 1297
2106 0.000000 1297
2107 0.000000 1297
2108 0.000000 1297
2109 0.000000 1297
2110 0.000000 1297
2111 0.000000 1297
2112 0.000000 1297
2113 0.000000 1297
2114 0.000000 1297
2115 0.000000 1297
2116 0.000000 1297
2117 0.000000 1297
2118 0.000000 1297
2119 0.000000 1297
2120 0.000000 1297
2121 0.000000 1297
2122 0.000000 1297
2123 0.000000 1297
2124 0.000000 1297
2125 0.000000 1297
2126 0.000000 1297
2127 0.000000 1297
2128 0.000000 1297
2129 0.000000 1297
2130 0.000000 1297
2131 0.000000 1297
2132 0.000000 1297
2133 0.000000 1297
2134 0.000000 1297
2135 0.000000 1297
2136 0.000000 1297
2137 0.000000 1297
2138 0.000000 1297
2139 0.000000 1297
2140 0.000000 1297
2141 0.000000 1297
2142 0.000000 1297
2143 0.000000 1297
2144 0.000000 1297
2145 0.000000 1297
2146 0.000000 1297
2147 0.000000 1297
2148 0.000000 1297
2149 0.000000 1297
2150 0.000000 1297
2151 0.000000 1297
2152 0.000000 1297
2153 0.000000 1297
2154 0.000000 1297
2155 0.000000 1297
2156 0.000000 1297
2157 0.000000 1297
2158 0.000000 1297
2159 0.000000 1297
2160 0.000000 1297
2161 0.000000 1297
2162 0.000000 1297
2163 0.000000 1297
2164 0.000000 1297
2165 0.000000 1297
2166 0.000000 1297
2167 0.000000 1297
2168 0.000000 1297
2169 0.000000 1297
2170 0.000000 1297
2171 0.000000 1297
2172 0.000000 1297
2173 0.000000 1297
2174 0.000000 1297
2175 0.000000 1297
2176 0.000000 1297
2177 0.000000 1297
2178 0.000000 1297
2179 0.000000 1297
2180 0.000000 1297
2181 0.000000 1297
2182 0.000000 1297
2183 0.000000 1297
2184 0.000000 1297
2185 0.000000 1297
2186 0.000000 1297
2187 0.000000 1297
2188 0.000000 1297
2189 0.000000 1297
2190 0.000000 1297
2191 0.000000 1297
2192 0.000000 1297
2193 0.000000 1297
2194 0.000000 1297
2195 0.000000 1297
2196 0.000000 1297
2197 0.000000 1297
2198 0.000000 1297
2199 0.000000 1297
2200 0.000000 1297
2201 0.000000 1297
2202 0.000000 1297
2203 0.000000 1297
2204 0.000000 1297
2205 0.000000 1297
2206 0.000000 1297
2207 0.000000 1297
2208 0.000000 1297
2209 0.000000 1297
2210 0.000000 1297
2211 0.000000 1297
2212 0.000000 1297
2213 0.000000 1297
2214 0.000000 1297
2215 0.000000 1297
2216 0.000000 1297
2217 0.000000 1297
2218 0.000000 1297
2219 0.000000 1297
2220 0.000000 1297
2221 0.000000 1297
2222 0.000000 1297
2223 0.000000 1297
2224 0.000000 1297
2225 0.000000 1297
2226 0.000000 1297
2227 0.000000 1297
2228 0.000000 1297
2229 0.000000 1297
2230 0.000000 1297
2231 0.000000 1297
2232 0.000000 1297
2233 0.000000 1297
2234 0.000000 1297
2235 0.000000 1297
2236 0.000000 1297
2237 0.000000 1297
2238 0.000000 1297
2239 0.000000 1297
2240 0.000000 1297
2241 0.000000 1297
2242 0.000000 1297
2243 0.000000 1297
2244 0.000000 1297
2245 0.000000 1297
2246 0.000000 1297
2247 0.000000 1297
2248 0.000000 1297
2249 0.000000 1297
2250 0.000000 1297
2251 0.000000 1297
2252 0.000000 1297
2253 0.000000 1297
2254 0.000000 1297
2255 0.000000 1297
2256 0.000000 1297
2257 0.000000 1297
2258 0.000000 1297
2259 0.000000 1297
2260 0.000000 1297
2261 0.000000 1297
2262 0.000000 1297
2263 0.000000 1297
2264 0.000000 1297
2265 0.000000 1297
2266 0.000000 1297
2267 0.000000 1297
2268 0.000000 1297
2269 0.000000 1297
2270 0.000000 1297
2271 0.000000 1297
2272 0.000000 1297
2273 0.000000 1297
2274 0.000000 1297
2275 0.000000 1297
2276 0.000000 1297
2277 0.000000 1297
2278 0.000000 1297
2279 0.000000 1297
2280 0.000000 1297
2281 0.000000 1297
2282 0.000000 1297
2283 0.000000 1297
2284 0.000000 1297
2285 0.000000 1297
2286 0.000000 1297
2287 0.000000 1297
2288 0.000000 1297
2289 0.000000 1297
2290 0.000000 1297
2291 0.000000 1297
2292 0.000000 1297
2293 0.000000 1297
2294 0.000000 1297
2295 0.000000 1297
2296 0.000000 1297
2297 0.000000 1297
2298 0.000000 1297
2299 0.000000 1297
2300 0.000000 1297
2301 0.000000 1297
2302 0.000000 1297
2303 0.000000 1297
2304 0.000000 1297
2305 0.000000 1297
2306 0.000000 1297
2307 0.000000 1297
2308 0.000000 1297
2309 0.000000 1297
2310 0.000000 1297
2311 0.000000 1297
2312 0.000000 1297
2313 0.000000 1297
2314 0.000000 1297
2315 0.000000 1297
2316 0.000000 1297
2317 0.000000 1297
2318 0.000000 1297
2319 0.000000 1297
2320 0.000000 1297
2321 0.000000 1297
2322 0.000000 1297
2323 0.000000 1297
2324 0.000000 1297
2325 0.000000 1297
2326 0.000000 1297
2327 0.000000 1297
2328 0.000000 1297
2329 0.000000 1297
2330 0.000000 1297
2331 0.000000 1297
2332 0.000000 1297
2333 0.000000 1297
2334 0.000000 1297
2335 0.000000 1297
2336 0.000000 1297
2337 0.000000 1297
2338 0.000000 1297
2339 0.000000 1297
2340 0.000000 1297
2341 0.000000 1297
2342 0.000000 1297
2343 0.000000 1297
2344 0.000000 1297
2345 0.000000 1297
2346 0.000000 1297
2347 0.000000 1297
2348 0.000000 1297
2349 0.000000 1297
2350 0.000000 1297
2351 0.000000 1297
2352 0.000000 1297
2353 0.000000 1297
2354 0.000000 1297
2355 0.000000 1297
2356 0.000000 1297
2357 0.000000 1297
2358 0.000000 1297
2359 0.000000 1297
2360 0.000000 1297
2361 0.000000 1297
2362 0.000000 1297
2363 0.000000 1297
2364 0.000000 1297
2365 0.000000 1297
2366 0.000000 1297
2367 0.000000 1297
2368 0.000000 1297
2369 0.000000 1297
2370 0.000000 1297
2371 0.000000 1297
2372 0.000000 1297
2373 0.000000 1297
2374 0.000000 1297
2375 0.000000 1297
2376 0.000000 1297
2377 0.000000 1297
2378 0.000000 1297
2379 0.000000 1297
2380 0.000000 1297
2381 0.000000 1297
2382 0.000000 1297
2383 0.000000 1297
2384 0.000000 1297
2385 0.000000 1297
2386 0.000000 1297
2387 0.000000 1297
2388 0.000000 1297
2389 0.000000 1297
2390 0.000000 1297
2391 0.000000 1297
2392 0.000000 1297
2393 0.000000 1297
2394 0.000000 1297
2395 0.000000 1297
2396 0.000000 1297
2397 0.000000 1297
2398 0.000000 1297
2399 0.000000 1297
2400 0.000000 1297
2401 0.000000 1297
2402 0.000000 1297
2403 0.000000 1297
2404 0.000000 1297
2405 0.000000 1297
2406 0.000000 1297
2407 0.000000 1297
2408 0.000000 1297
2409 0.000000 1297
2410 0.000000 1297
2411 0.000000 1297
2412 0.000000 1297
2413 0.000000 1297
2414 0.000000 1297
2415 0.000000 1297
2416 0.000000 1297
2417 0.000000 1297
2418 0.000000 1297
2419 0.000000 1297
2420 0.000000 1297
2421 0.000000 1297
2422 0.000000 1297
2423 0.000000 1297
2424 0.000000 1297
2425 0.000000 1297
2426 0.000000 1297
2427 0.000000 1297
2428 0.000000 1297
2429 0.000000 1297
2430 0.000000 1297
2431 0.000000 1297
2432 0.000000 1297
2433 0.000000 1297
2434 0.000000 1297
2435 0.000000 1297
2436 0.000000 1297
2437 0.000000 1297
2438 0.000000 1297
2439 0.000000 1297
2440 0.000000 1297
2441 0.000000 1297
2442 0.000000 1297
2443 0.000000 1297
2444 0.000000 1297
2445 0.000000 1297
2446 0.000000 1297
2447 0.000000 1297
2448 0.000000 1297
2449 0.000000 1297
2450 0.000000 1297
2451 0.000000 1297
2452 0.000000 1297
2453 0.000000 1297
2454 0.000000 1297
2455 0.000000 1297
2456 0.000000 1297
2457 0.000000 1297
2458 0.000000 1297
2459 0.000000 1297
2460 0.000000 1297
2461 0.000000 1297
2462 0.000000 1297
2463 0.000000 1297
2464 0.000000 1297
2465 0.000000 1297
2466 0.000000 1297
2467 0.000000 1297
2468 0.000000 1297
2469 0.000000 1297
2470 0.000000 1297
2471 0.000000 1297
2472 0.000000 1297
2473 0.000000 1297
2474 0.000000 1297
2475 0.000000 1297
2476 0.000000 1297
2477 0.000000 1297
2478 0.000000 1297
2479 0.000000 1297
2480 0.000000 1297
2481 0.000000 1297
2482 0.001000 1297
2483 0.001000 1297
2484 0.001000 1297
2485 0.001000 1297
2486 0.001000 1297
2487 0.001000 1297
2488 0.001000 1297
2489 0.001000 1297
2490 0.001000 1297
2491 0.001000 1297
2492 0.001000 1297
2493 0.001000 1297
2494 0.001000 1297
2495 0.001000 1297
2496 0.001000 1297
2497 0.001000 1297
2498 0.001000 1297
2499 0.001000 1297
2500 0.001000 1297
2501 0.001000 1297
2502 0.001000 1297
2503 0.001000 1297
2504 0.001000 1297
2505 0.001000 1297
2506 0.001000 1297
2507 0.001000 1297
2508 0.001000 1297
2509 0.001000 1297
2510 0.001000 1297
2511 0.001000 1297
2512 0.001000 1297
2513 0.001000 1297
2514 0.001000 1297
2515 0.001000 1297
2516 0.001000 1297
2517 0.001000 1297
2518 0.001000 1297
2519 0.001000 1297
2520 0.001000 1297
2521 0.001000 1297
2522 0.001000 1297
2523 0.001000 1297
2524 0.001000 1297
2525 0.001000 1297
2526 0.001000 1297
2527 0.001000 1297
2528 0.001000 1297
2529 0.001000 1297
2530 0.001000 1297
2531 0.001000 1297
2532 0.001000 1297
2533 0.001000 1297
2534 0.001000 1297
2535 0.001000 1297
2536 0.001000 1297
2537 0.001000 1297
2538 0.001000 1297
2539 0.001000 1297
2540 0.001000 1297
2541 0.001000 1297
2542 0.001000 1297
2543 0.001000 1297
2544 0.001000 1297
2545 0.001000 1297
2546 0.001000 1297
2547 0.001000 1297
2548 0.001000 1297
2549 0.001000 1297
2550 0.001000 1297
2551 0.001000 1297
2552 0.001000 1297
2553 0.001000 1297
2554 0.001000 1297
2555 0.001000 1297
2556 0.001000 1297
2557 0.001000 1297
2558 0.001000 1297
2559 0.001000 1297
2560 0.001000 1297
2561 0.001000 1297
2562 0.001000 1297
2563 0.001000 1297
2564 0.001000 1297
2565 0.001000 1297
2566 0.001000 1297
2567 0.001000 1297
2568 0.001000 1297
2569 0.001000 1297
2570 0.001000 1297
2571 0.001000 1297
2572 0.001000 1297
2573 0.001000 1297
2574 0.001000 1297
2575 0.001000 1297
2576 0.001000 1297
2577 0.001000 1297
2578 0.001000 1297
2579 0.001000 1297
2580 0.001000 1297
2581 0.001000 1297
2582 0.001000 1297
2583 0.001000 1297
2584 0.001000 1297
2585 0.001000 1297
2586 0.001000 1297
2587 0.001000 1297
2588 0.001000 1297
2589 0.001000 1297
2590 0.001000 1297
2591 0.001000 1297
2592 0.001000 1297
2593 0.001000 1297
2594 0.001000 1297
2595 0.001000 1297
2596 0.001000 1297
2597 0.001000 1297
2598 0.001000 1297
2599 0.001000 1297
2600 0.001000 1297
2601 0.001000 1297
2602 0.001000 1297
2603 0.001000 1297
2604 0.001000 1297
2605 0.001000 1297
2606 0.001000 1297
2607 0.001000 1297
2608 0.001000 1297
2609 0.001000 1297
2610 0.001000 1297
2611 0.001000 1297
2612 0.001000 1297
2613 0.001000 1297
2614 0.001000 1297
2615 0.001000 1297
2616 0.001000 1297
2617 0.001000 1297
2618 0.001000 1297
2619 0.001000 1297
2620 0.001000 1297
2621 0.001000 1297
2622 0.001000 1297
2623 0.001000 1297
2624 0.001000 1297
2625 0.001000 1297
2626 0.001000 1297
2627 0.001000 1297
2628 0.001000 1297
2629 0.001000 1297
2630 0.001000 1297
2631 0.001000 1297
2632 0.001000 1297
2633 0.001000 1297
2634 0.001000 1297
2635 0.001000 1297
2636 0.001000 1297
2637 0.001000 1297
2638 0.001000 1297
2639 0.001000 1297
2640 0.001000 1297
2641 0.001000 1297
2642 0.001000 1297
2643 0.001000 1297
2644 0.001000 1297
2645 0.001000 1297
2646 0.001000 1297
2647 0.001000 1297
2648 0.001000 1297
2649 0.001000 1297
2650 0.001000 1297
2651 0.001000 1297
2652 0.001000 1297
2653 0.001000 1297
2654 0.001000 1297
2655 0.001000 1297
2656 0.001000 1297
2657 0.001000 1297
2658 0.001000 1297
2659 0.001000 1297
2660 0.001000 1297
2661 0.001000 1297
2662 0.001000 1297
2663 0.001000 1297
2664 0.001000 1297
2665 0.001000 1297
2666 0.001000 1297
2667 0.001000 1297
2668 0.001000 1297
2669 0.001000 1297
2670 0.001000 1297
2671 0.001000 1297
2672 0.001000 1297
2673 0.001000 1297
2674 0.001000 1297
2675 0.001000 1297
2676 0.001000 1297
2677 0.001000 1297
2678 0.001000 1297
2679 0.001000 1297
2680 0.001000 1297
2681 0.001000 1297
2682 0.001000 1297
2683 0.001000 1297
2684 0.001000 1297
2685 0.001000 1297
2686 0.001000 1297
2687 0.001000 1297
2688 0.001000 1297
2689 0.001000 1297
2690 0.001000 1297
2691 0.001000 1297
2692 0.001000 1297
2693 0.001000 1297
2694 0.001000 1297
2695 0.001000 1297
2696 0.001000 1297
2697 0.001000 1297
2698 0.001000 1297
2699 0.001000 1297
2700 0.001000 1297
2701 0.001000 1297
2702 0.001000 1297
2703 0.001000 1297
2704 0.001000 1297
2705 0.001000 1297
2706 0.001000 1297
2707 0.001000 1297
2708 0.001000 1297
2709 0.001000 1297
2710 0.001000 1297
2711 0.001000 1297
2712 0.001000 1297
2713 0.001000 1297
2714 0.001000 1297
2715 0.001000 1297
2716 0.001000 1297
2717 0.001000 1297
2718 0.001000 1297
2719 0.001000 1297
2720 0.001000 1297
2721 0.001000 1297
2722 0.001000 1297
2723 0.001000 1297
2724 0.001000 1297
2725 0.001000 1297
2726 0.001000 1297
2727 0.001000 1297
2728 0.001000 1297
2729 0.001000 1297
2730 0.001000 1297
2731 0.001000 1297
2732 0.001000 1297
2733 0.001000 1297
2734 0.001000 1297
2735 0.001000 1297
2736 0.001000 1297
2737 0.001000 1297
2738 0.001000 1297
2739 0.001000 1297
2740 0.001000 1297
2741 0.001000 1297
2742 0.001000 1297
2743 0.001000 1297
2744 0.001000 1297
2745 0.001000 1297
2746 0.001000 1297
2747 0.001000 1297
2748 0.001000 1297
2749 0.001000 1297
2750 0.001000 1297
2751 0.001000 1297
2752 0.001000 1297
2753 0.001000 1297
2754 0.001000 1297
2755 0.001000 1297
2756 0.001000 1297
2757 0.001000 1297
2758 0.001000 1297
2759 0.001000 1297
2760 0.001000 1297
2761 0.001000 1297
2762 0.001000 1297
2763 0.001000 1297
2764 0.001000 1297
2765 0.001000 1297
2766 0.001000 1297
2767 0.001000 1297
2768 0.001000 1297
2769 0.001000 1297
2770 0.001000 1297
2771 0.001000 1297
2772 0.001000 1297
2773 0.001000 1297
2774 0.001000 1297
2775 0.001000 1297
2776 0.001000 1297
2777 0.001000 1297
2778 0.001000 1297
2779 0.001000 1297
2780 0.001000 1297
2781 0.001000 1297
2782 0.001000 1297
2783 0.001000 1297
2784 0.001000 1297
2785 0.001000 1297
2786 0.001000 1297
2787 0.001000 1297
2788 0.001000 1297
2789 0.001000 1297
2790 0.001000 1297
2791 0.001000 1297
2792 0.001000 1297
2793 0.001000 1297
2794 0.001000 1297
2795 0.001000 1297
2796 0.001000 1297
2797 0.001000 1297
2798 0.001000 1297
2799 0.001000 1297
2800 0.001000 1297
2801 0.001000 1297
2802 0.001000 1297
2803 0.001000 1297
2804 0.001000 1297
2805 0.001000 1297
2806 0.001000 1297
2807 0.001000 1297
2808 0.001000 1297
2809 0.001000 1297
2810 0.001000 1297
2811 0.001000 1297
2812 0.001000 1297
2813 0.001000 1297
2814 0.001000 1297
2815 0.001000 1297
2816 0.001000 1297
2817 0.001000 1297
2818 0.001000 1297
2819 0.001000 1297
2820 0.001000 1297
2821 0.001000 1297
2822 0.001000 1297
2823 0.001000 1297
2824 0.001000 1297
2825 0.001000 1297
2826 0.001000 1297
2827 0.001000 1297
2828 0.001000 1297
2829 0.001000 1297
2830 0.001000 1297
2831 0.001000 1297
2832 0.001000 1297
2833 0.001000 1297
2834 0.001000 1297
2835 0.001000 1297
2836 0.001000 1297
2837 0.001000 1297
2838 0.001000 1297
2839 0.001000 1297
2840 0.001000 1297
2841 0.001000 1297
2842 0.001000 1297
2843 0.001000 1297
2844 0.001000 1297
2845 0.001000 1297
2846 0.001000 1297
2847 0.001000 1297
2848 0.001000 1297
2849 0.001000 1297
2850 0.001000 1297
2851 0.001000 1297
2852 0.001000 1297
2853 0.001000 1297
2854 0.001000 1297
2855 0.001000 1297
2856 0.001000 1297
2857 0.001000 1297
2858 0.001000 1297
2859 0.001000 1297
2860 0.001000 1297
2861 0.001000 1297
2862 0.001000 1297
2863 0.001000 1297
2864 0.001000 1297
2865 0.001000 1297
2866 0.001000 1297
2867 0.001000 1297
2868 0.001000 1297
2869 0.001000 1297
2870 0.001000 1297
2871 0.001000 1297
2872 0.001000 1297
2873 0.001000 1297
2874 0.001000 1297
2875 0.001000 1297
2876 0.001000 1297
2877 0.001000 1297
2878 0.001000 1297
2879 0.001000 1297
2880 0.001000 1297
2881 0.001000 1297
2882 0.001000 1297
2883 0.001000 1297
2884 0.001000 1297
2885 0.001000 1297
2886 0.001000 1297
2887 0.001000 1297
2888 0.001000 1297
2889 0.001000 1297
2890 0.001000 1297
2891 0.001000 1297
2892 0.001000 1297
2893 0.001000 1297
2894 0.001000 1297
2895 0.001000 1297
2896 0.001000 1297
2897 0.001000 1297
2898 0.001000 1297
2899 0.001000 1297
2900 0.001000 1297
2901 0.001000 1297
2902 0.001000 1297
2903 0.001000 1297
2904 0.001000 1297
2905 0.001000 1297
2906 0.001000 1297
2907 0.001000 1297
2908 0.001000 1297
2909 0.001000 1297
2910 0.001000 1297
2911 0.001000 1297
2912 0.001000 1297
2913 0.001000 1297
2914 0.001000 1297
2915 0.001000 1297
2916 0.001000 1297
2917 0.001000 1297
2918 0.001000 1297
2919 0.001000 1297
2920 0.001000 1297
2921 0.001000 1297
2922 0.001000 1297
2923 0.001000 1297
2924 0.001000 1297
2925 0.001000 1297
2926 0.001000 1297
2927 0.001000 1297
2928 0.001000 1297
2929 0.001000 1297
2930 0.001000 1297
2931 0.001000 1297
2932 0.001000 1297
2933 0.001000 1297
2934 0.001000 1297
2935 0.001000 1297
2936 0.001000 1297
2937 0.001000 1297
2938 0.001000 1297
2939 0.001000 1297
2940 0.001000 1297
2941 0.001000 1297
2942 0.001000 1297
2943 0.001000 1297
2944 0.001000 1297
2945 0.001000 1297
2946 0.001000 1297
2947 0.001000 1297
2948 0.001000 1297
2949 0.001000 1297
2950 0.001000 1297
2951 0.001000 1297
2952 0.001000 1297
2953 0.001000 1297
2954 0.001000 1297
2955 0.001000 1297
2956 0.001000 1297
2957 0.001000 1297
2958 0.001000 1297
2959 0.001000 1297
2960 0.001000 1297
2961 0.001000 1297
2962 0.001000 1297
2963 0.001000 1297
2964 0.001000 1297
2965 0.001000 1297
2966 0.001000 1297
2967 0.001000 1297
2968 0.001000 1297
2969 0.001000 1297
2970 0.001000 1297
2971 0.001000 1297
2972 0.001000 1297
2973 0.001000 1297
2974 0.001000 1297
2975 0.001000 1297
2976 0.001000 1297
2977 0.001000 1297
2978 0.001000 1297
2979 0.001000 1297
2980 0.001000 1297
2981 0.001000 1297
2982 0.001000 1297
2983 0.001000 1297
2984 0.001000 1297
2985 0.001000 1297
2986 0.001000 1297
2987 0.001000 1297
2988 0.001000 1297
2989 0.001000 1297
2990 0.001000 1297
2991 0.001000 1297
2992 0.001000 1297
2993 0.001000 1297
2994 0.001000 1297
2995 0.001000 1297
2996 0.001000 1297
2997 0.001000 1297
2998 0.001000 1297
2999 0.001000 1297
3000 0.001000 1297
# Final Best Cost: 1297
